Wavelength	240	250	260	270	280	290	300	310	320	330	340	350	360	370	380	390	400	410	420	430	440	450
nm	CPS / MicroAmps	CPS / MicroAmps	CPS / MicroAmps	CPS / MicroAmps	CPS / MicroAmps	CPS / MicroAmps	CPS / MicroAmps	CPS / MicroAmps	CPS / MicroAmps	CPS / MicroAmps	CPS / MicroAmps	CPS / MicroAmps	CPS / MicroAmps	CPS / MicroAmps	CPS / MicroAmps	CPS / MicroAmps	CPS / MicroAmps	CPS / MicroAmps	CPS / MicroAmps	CPS / MicroAmps	CPS / MicroAmps	CPS / MicroAmps
300	12077.7674572575	9851.27420470998	8365.07837355658	148521.403486905	16498.5901259144	10245.2351113293	493957.37696506	6084.40907315114	6015.13715867349	6080.81819624149	4567.06043256508	4003.87114437671	3493.87097348665	3227.20482352569	3561.9861373246	3502.22154406519	2765.44736544268	2561.99844426128	2491.47497820622	2699.8411978032	2838.96246850653	2522.74351910225
302	11445.0149023026	9343.8630714408	8306.27298706417	100053.669246112	34261.6624840124	7897.51885406248	7357.38670507099	6084.40907315114	6015.13715867349	6080.81819624149	4567.06043256508	4003.87114437671	3493.87097348665	3227.20482352569	3561.9861373246	3502.22154406519	2765.44736544268	2561.99844426128	2491.47497820622	2699.8411978032	2838.96246850653	2522.74351910225
304	10123.4952865669	9673.06274361859	7915.52382792116	53559.8765690615	66585.6041664452	7742.37612722222	7357.38670507099	6084.40907315114	6015.13715867349	6080.81819624149	4567.06043256508	4003.87114437671	3493.87097348665	3227.20482352569	3561.9861373246	3502.22154406519	2765.44736544268	2561.99844426128	2491.47497820622	2699.8411978032	2838.96246850653	2522.74351910225
306	12002.0716871737	9910.37534253318	8221.30342112783	26009.1103234812	105533.1397352	7648.24579166539	7357.38670507099	6084.40907315114	6015.13715867349	6080.81819624149	4567.06043256508	4003.87114437671	3493.87097348665	3227.20482352569	3561.9861373246	3502.22154406519	2765.44736544268	2561.99844426128	2491.47497820622	2699.8411978032	2838.96246850653	2522.74351910225
308	11160.7301665967	10273.3462376434	8813.3766257397	13694.7043481581	136347.857617519	7132.8535918568	7357.38670507099	6084.40907315114	6015.13715867349	6080.81819624149	4567.06043256508	4003.87114437671	3493.87097348665	3227.20482352569	3561.9861373246	3502.22154406519	2765.44736544268	2561.99844426128	2491.47497820622	2699.8411978032	2838.96246850653	2522.74351910225
310	10438.028344519	9484.67554477699	8736.73220135876	10281.7073063167	140750.778395655	8900.70501811728	7357.38670507099	6084.40907315114	6015.13715867349	6080.81819624149	4567.06043256508	4003.87114437671	3493.87097348665	3227.20482352569	3561.9861373246	3502.22154406519	2765.44736544268	2561.99844426128	2491.47497820622	2699.8411978032	2838.96246850653	2522.74351910225
312	11149.354846893	8848.89580156001	8967.44319620763	8650.52435681268	116598.610321339	14539.1253144098	5718.14951516822	6084.40907315114	6015.13715867349	6080.81819624149	4567.06043256508	4003.87114437671	3493.87097348665	3227.20482352569	3561.9861373246	3502.22154406519	2765.44736544268	2561.99844426128	2491.47497820622	2699.8411978032	2838.96246850653	2522.74351910225
314	10806.7572301312	8736.01309261474	8415.15758115216	9231.75080159743	79851.4691500291	29237.55749722	5145.47457640115	6084.40907315114	6015.13715867349	6080.81819624149	4567.06043256508	4003.87114437671	3493.87097348665	3227.20482352569	3561.9861373246	3502.22154406519	2765.44736544268	2561.99844426128	2491.47497820622	2699.8411978032	2838.96246850653	2522.74351910225
316	8912.48982838733	8733.61988060661	8608.21881279642	9626.75457679368	45735.531670606	54273.2803299706	5191.80030428086	6084.40907315114	6015.13715867349	6080.81819624149	4567.06043256508	4003.87114437671	3493.87097348665	3227.20482352569	3561.9861373246	3502.22154406519	2765.44736544268	2561.99844426128	2491.47497820622	2699.8411978032	2838.96246850653	2522.74351910225
318	10675.2835439231	8773.71047895168	9136.6513943231	9940.21215402355	23977.6320285243	83950.7971231239	5050.47696007317	6084.40907315114	6015.13715867349	6080.81819624149	4567.06043256508	4003.87114437671	3493.87097348665	3227.20482352569	3561.9861373246	3502.22154406519	2765.44736544268	2561.99844426128	2491.47497820622	2699.8411978032	2838.96246850653	2522.74351910225
320	10589.8993980765	9915.80721595983	9521.69074916385	10527.7016352418	15348.9473709165	105373.519728852	5211.08484534974	6084.40907315114	6015.13715867349	6080.81819624149	4567.06043256508	4003.87114437671	3493.87097348665	3227.20482352569	3561.9861373246	3502.22154406519	2765.44736544268	2561.99844426128	2491.47497820622	2699.8411978032	2838.96246850653	2522.74351910225
322	11245.4448521448	9492.54264089585	9652.8069269204	10987.0038839638	12424.977055725	108816.163343883	6312.52544184565	4436.95790350449	6015.13715867349	6080.81819624149	4567.06043256508	4003.87114437671	3493.87097348665	3227.20482352569	3561.9861373246	3502.22154406519	2765.44736544268	2561.99844426128	2491.47497820622	2699.8411978032	2838.96246850653	2522.74351910225
324	10435.0215518865	9261.74573850019	9851.27950620787	11680.4964877075	11877.8170628569	90202.9502794935	10989.8010079876	4300.63328411542	6015.13715867349	6080.81819624149	4567.06043256508	4003.87114437671	3493.87097348665	3227.20482352569	3561.9861373246	3502.22154406519	2765.44736544268	2561.99844426128	2491.47497820622	2699.8411978032	2838.96246850653	2522.74351910225
326	12595.1387883538	9434.51223555614	10261.5908896048	11590.2027578961	11662.0074234398	61178.5103497232	21757.6119268932	4246.85834538533	6015.13715867349	6080.81819624149	4567.06043256508	4003.87114437671	3493.87097348665	3227.20482352569	3561.9861373246	3502.22154406519	2765.44736544268	2561.99844426128	2491.47497820622	2699.8411978032	2838.96246850653	2522.74351910225
328	12420.4550425127	9350.62190620252	10644.1292830553	11431.1823070434	11859.1701412111	35914.4025260532	40393.6820087145	4205.57210903711	6015.13715867349	6080.81819624149	4567.06043256508	4003.87114437671	3493.87097348665	3227.20482352569	3561.9861373246	3502.22154406519	2765.44736544268	2561.99844426128	2491.47497820622	2699.8411978032	2838.96246850653	2522.74351910225
330	12290.116678791	9880.32837600898	10390.6511592776	11891.7077407285	11829.8794616972	19954.0802558617	62741.2585482403	4318.89834595851	6015.13715867349	6080.81819624149	4567.06043256508	4003.87114437671	3493.87097348665	3227.20482352569	3561.9861373246	3502.22154406519	2765.44736544268	2561.99844426128	2491.47497820622	2699.8411978032	2838.96246850653	2522.74351910225
332	13177.1615418723	10431.6687570152	10726.0441012981	12084.1796447858	12173.8397695186	12954.8824238355	79401.2576281751	4404.95832825386	4190.06364380692	6080.81819624149	4567.06043256508	4003.87114437671	3493.87097348665	3227.20482352569	3561.9861373246	3502.22154406519	2765.44736544268	2561.99844426128	2491.47497820622	2699.8411978032	2838.96246850653	2522.74351910225
334	13195.8246979776	9674.39900306299	10879.5176321032	12166.1684237377	12132.4149586876	10741.1889636135	83357.6671837901	5066.77261294011	3776.78507977114	6080.81819624149	4567.06043256508	4003.87114437671	3493.87097348665	3227.20482352569	3561.9861373246	3502.22154406519	2765.44736544268	2561.99844426128	2491.47497820622	2699.8411978032	2838.96246850653	2522.74351910225
336	13134.2231864525	10877.7222577061	11005.8872104964	12352.0473828304	12074.454087391	9843.93003736359	71463.7958598647	8003.93702893636	3864.22576294534	6080.81819624149	4567.06043256508	4003.87114437671	3493.87097348665	3227.20482352569	3561.9861373246	3502.22154406519	2765.44736544268	2561.99844426128	2491.47497820622	2699.8411978032	2838.96246850653	2522.74351910225
338	13762.8484116134	10037.6418331156	11000.7472829737	12099.9957479971	12189.9942225622	10005.4675196453	51091.9716512248	15194.4165246063	3896.66532753163	6080.81819624149	4567.06043256508	4003.87114437671	3493.87097348665	3227.20482352569	3561.9861373246	3502.22154406519	2765.44736544268	2561.99844426128	2491.47497820622	2699.8411978032	2838.96246850653	2522.74351910225
340	13814.4040921776	10190.2124403211	10878.8936629875	12321.0537952104	11990.6481893207	10074.3701494723	30732.6010430955	28332.7254546006	3886.66483546153	6080.81819624149	4567.06043256508	4003.87114437671	3493.87097348665	3227.20482352569	3561.9861373246	3502.22154406519	2765.44736544268	2561.99844426128	2491.47497820622	2699.8411978032	2838.96246850653	2522.74351910225
342	13517.9106736185	10433.0026932998	10959.7779274348	11974.1424002251	12307.052166134	9934.24992456746	17089.7150649242	45640.7269241135	4029.43301606226	3607.10942871542	4567.06043256508	4003.87114437671	3493.87097348665	3227.20482352569	3561.9861373246	3502.22154406519	2765.44736544268	2561.99844426128	2491.47497820622	2699.8411978032	2838.96246850653	2522.74351910225
344	14032.348202366	10652.2717820519	10993.0150766856	11729.9733448517	12209.5331450605	10033.4301400847	10778.1870888033	61014.7655959225	4259.03437374769	3281.85097449313	4567.06043256508	4003.87114437671	3493.87097348665	3227.20482352569	3561.9861373246	3502.22154406519	2765.44736544268	2561.99844426128	2491.47497820622	2699.8411978032	2838.96246850653	2522.74351910225
346	13411.7614897135	10867.0420048323	11380.2046030329	11805.0004588898	12246.4846800371	9888.54104862842	8635.39320964844	66238.7036972773	4666.92558861379	3488.1193245388	4567.06043256508	4003.87114437671	3493.87097348665	3227.20482352569	3561.9861373246	3502.22154406519	2765.44736544268	2561.99844426128	2491.47497820622	2699.8411978032	2838.96246850653	2522.74351910225
348	14461.2811073777	11065.256670891	11181.8847987015	11432.2910472255	11621.374271993	10043.7410612964	8353.34780913603	59863.9034358467	6383.12709423524	3677.87887365429	4567.06043256508	4003.87114437671	3493.87097348665	3227.20482352569	3561.9861373246	3502.22154406519	2765.44736544268	2561.99844426128	2491.47497820622	2699.8411978032	2838.96246850653	2522.74351910225
350	15052.2413496218	11282.651168927	11048.4088628484	11887.7335973745	12032.9267043017	10173.5526202294	8287.11628694251	44788.3429375224	10937.0676416753	3845.40683116249	4567.06043256508	4003.87114437671	3493.87097348665	3227.20482352569	3561.9861373246	3502.22154406519	2765.44736544268	2561.99844426128	2491.47497820622	2699.8411978032	2838.96246850653	2522.74351910225
352	14547.3745798194	11145.0646744572	10931.8329408317	11269.8579432026	11781.8019318589	10259.5535270711	8417.55691108391	28575.7874800879	19286.7440745948	4101.35238204308	3441.48663094225	4003.87114437671	3493.87097348665	3227.20482352569	3561.9861373246	3502.22154406519	2765.44736544268	2561.99844426128	2491.47497820622	2699.8411978032	2838.96246850653	2522.74351910225
354	15462.0536097501	11822.4680381666	11684.3825961785	11689.8102879839	11368.9788713988	10481.9102121215	8605.65916641034	17271.8067591851	31783.5332818643	4346.27374570849	3371.87390898927	4003.87114437671	3493.87097348665	3227.20482352569	3561.9861373246	3502.22154406519	2765.44736544268	2561.99844426128	2491.47497820622	2699.8411978032	2838.96246850653	2522.74351910225
356	15517.6265123472	11994.0886212375	11043.5846148892	11517.4572781826	11476.7341679735	10199.6885495298	8798.38206341617	11315.8646962884	44540.3665449625	4704.36895092918	3499.27819869247	4003.87114437671	3493.87097348665	3227.20482352569	3561.9861373246	3502.22154406519	2765.44736544268	2561.99844426128	2491.47497820622	2699.8411978032	2838.96246850653	2522.74351910225
358	15256.2007121552	12315.5095130625	11257.1674186078	11648.7878430796	11595.9736816127	10451.949827341	9081.86266734462	8973.1852275547	52397.381942156	5121.22766600498	3694.29138337947	4003.87114437671	3493.87097348665	3227.20482352569	3561.9861373246	3502.22154406519	2765.44736544268	2561.99844426128	2491.47497820622	2699.8411978032	2838.96246850653	2522.74351910225
360	15694.1197559261	12552.6682975888	11413.7182366731	11676.7811549552	11426.0804235795	10704.7360955518	9255.80266620358	8603.43752070521	51714.4450307903	6169.44034585629	4053.75929882655	4003.87114437671	3493.87097348665	3227.20482352569	3561.9861373246	3502.22154406519	2765.44736544268	2561.99844426128	2491.47497820622	2699.8411978032	2838.96246850653	2522.74351910225
362	16145.4057842598	12438.4684682871	12239.746038431	11707.7397433751	11396.177432302	10519.8447150919	9520.80585574202	8683.03580193108	43515.3330313527	8652.50190515654	4518.54089620734	3209.62386729645	3493.87097348665	3227.20482352569	3561.9861373246	3502.22154406519	2765.44736544268	2561.99844426128	2491.47497820622	2699.8411978032	2838.96246850653	2522.74351910225
364	16319.7130216733	13573.6557321739	11866.0521513642	11906.7174830172	11345.5778840672	10850.8463528444	9921.85348396326	8993.7598602876	31030.0357699553	14037.7034402061	4739.22798739256	3180.71837169658	3493.87097348665	3227.20482352569	3561.9861373246	3502.22154406519	2765.44736544268	2561.99844426128	2491.47497820622	2699.8411978032	2838.96246850653	2522.74351910225
366	17015.4871852244	14038.6462682198	12949.6572893707	12106.0473049446	11689.8691446774	11133.88688082	10090.731850332	9317.77121952656	20403.7655311055	22442.3470889939	5080.8894155024	3329.32690183406	3493.87097348665	3227.20482352569	3561.9861373246	3502.22154406519	2765.44736544268	2561.99844426128	2491.47497820622	2699.8411978032	2838.96246850653	2522.74351910225
368	17607.8492831929	15004.853563442	12484.344804977	12267.873194007	11787.0203944822	11184.5782208721	10400.0336432646	9915.11756704708	13931.99047765	33181.6226245841	5443.10974559597	3673.51014270201	3493.87097348665	3227.20482352569	3561.9861373246	3502.22154406519	2765.44736544268	2561.99844426128	2491.47497820622	2699.8411978032	2838.96246850653	2522.74351910225
370	18538.8376090761	14352.3280421459	13581.5666516814	12592.8034963554	11909.6560949248	11418.8412456991	10935.9036791937	10244.3384157196	11232.4849050493	42244.7183939299	6081.6140813541	4093.39988177691	3493.87097348665	3227.20482352569	3561.9861373246	3502.22154406519	2765.44736544268	2561.99844426128	2491.47497820622	2699.8411978032	2838.96246850653	2522.74351910225
372	17766.0319061529	15883.9311145354	13720.8801399736	12950.5119827506	12106.3745758055	11646.6105338091	11127.6662158372	10831.7643334488	10560.7118189737	45492.1408179085	7067.68425280543	4394.40793396839	2897.62927383122	3227.20482352569	3561.9861373246	3502.22154406519	2765.44736544268	2561.99844426128	2491.47497820622	2699.8411978032	2838.96246850653	2522.74351910225
374	19505.4852452251	15707.4485801962	14278.4836724498	12833.1868458364	12525.1690625148	11929.54681114	11496.105744674	11206.8435534298	10708.2754634044	41898.6827278921	8974.98645946949	4756.94880187585	2859.44228015409	3227.20482352569	3561.9861373246	3502.22154406519	2765.44736544268	2561.99844426128	2491.47497820622	2699.8411978032	2838.96246850653	2522.74351910225
376	18916.7911552105	16694.2205807462	14308.9895930404	13360.6956192061	12460.1839571008	12221.2843182343	11953.492176281	11573.1680767663	11022.070982272	33583.0512012841	12848.5031462363	5089.74435348294	3001.69374363644	3227.20482352569	3561.9861373246	3502.22154406519	2765.44736544268	2561.99844426128	2491.47497820622	2699.8411978032	2838.96246850653	2522.74351910225
378	18880.6643786062	17283.4543626385	15265.4943169375	13494.9769005545	12681.6109106701	12397.8325230943	12400.8254570276	12190.0356576729	11583.4188919013	24483.6394906416	19277.6444611015	5516.45367283378	3342.51779855081	3227.20482352569	3561.9861373246	3502.22154406519	2765.44736544268	2561.99844426128	2491.47497820622	2699.8411978032	2838.96246850653	2522.74351910225
380	20476.1759171621	17835.7957098478	15287.1873034444	13906.3504171121	12863.7068158643	12708.8724200572	12750.7043491313	12573.0121818082	12024.2475247314	17583.8540313438	27840.2751297017	5874.47222650667	3664.94418147004	3227.20482352569	3561.9861373246	3502.22154406519	2765.44736544268	2561.99844426128	2491.47497820622	2699.8411978032	2838.96246850653	2522.74351910225
382	20492.5195729879	18669.0806424201	15941.2249450472	14419.1784667184	13170.2977231181	13063.7940345915	13206.6406681576	13234.4541171874	12527.912437329	14016.7259932499	35589.7297873573	6360.68595401326	4067.94691422685	2595.85210899323	3561.9861373246	3502.22154406519	2765.44736544268	2561.99844426128	2491.47497820622	2699.8411978032	2838.96246850653	2522.74351910225
384	20598.1906907888	19967.8026644544	16860.4270317941	14617.6840453036	13588.9816559801	13276.9526117822	13470.0670295153	13542.3638559408	13071.1501076806	12714.9742648162	39439.1725163167	7156.54091323482	4349.08980837561	2618.97599337789	3561.9861373246	3502.22154406519	2765.44736544268	2561.99844426128	2491.47497820622	2699.8411978032	2838.96246850653	2522.74351910225
386	22711.9364622387	20586.0684656668	17353.3610591566	15015.4136234495	14138.3380555571	13598.4764367669	14038.1982056869	14272.9509466622	13609.8713145473	12656.8228631052	38340.1988088634	8744.83461924581	4735.80311971001	2760.1728142479	3561.9861373246	3502.22154406519	2765.44736544268	2561.99844426128	2491.47497820622	2699.8411978032	2838.96246850653	2522.74351910225
388	22803.4687022516	20725.8845200269	17329.4479663711	15597.2938291858	14254.6387365965	14475.2640618019	14528.5921315242	14695.4315131115	14048.3930677116	13344.2413145294	32688.6037600135	11761.6305439585	5183.51887388983	3049.06223341143	3561.9861373246	3502.22154406519	2765.44736544268	2561.99844426128	2491.47497820622	2699.8411978032	2838.96246850653	2522.74351910225
390	24681.3596242251	22153.1530204407	18427.5414600888	15989.392606989	14734.3721881247	14566.2375898476	14910.1868412393	15452.7770360542	14827.4398042519	13692.7553231105	25404.0708062033	16760.143741727	5613.28116252449	3401.92866668123	3561.9861373246	3502.22154406519	2765.44736544268	2561.99844426128	2491.47497820622	2699.8411978032	2838.96246850653	2522.74351910225
392	25004.1323570602	22626.138487839	18980.5611318597	16835.4435963884	15053.6094403027	15078.5412123369	15310.7143480988	15837.2071974991	15207.9253444226	14152.1415158511	19474.3547240598	23245.3413695664	6126.8936509735	3761.80894132217	2505.47550309973	3502.22154406519	2765.44736544268	2561.99844426128	2491.47497820622	2699.8411978032	2838.96246850653	2522.74351910225
394	24878.1575238656	23557.3321902621	20076.3453839121	17078.8941320717	15622.0273124746	15419.836578424	15727.0667282217	16541.062499307	15932.903670253	14620.6603204697	15858.0193541511	30230.6093688396	6623.24665149462	4158.02182785115	2470.80698740388	3502.22154406519	2765.44736544268	2561.99844426128	2491.47497820622	2699.8411978032	2838.96246850653	2522.74351910225
396	27262.284463007	24673.8628186245	20555.7031060401	17678.2919455962	15721.5579252785	15790.9180904229	16258.981161305	16942.04854089	16346.3303512704	15280.5649065458	14432.16337617	34401.2169392337	7320.67467671687	4523.3509923309	2645.03929739882	3502.22154406519	2765.44736544268	2561.99844426128	2491.47497820622	2699.8411978032	2838.96246850653	2522.74351910225
398	27573.140831594	25038.8971177299	21243.8255078375	18123.9923386337	16443.0180423149	16337.8508161664	16583.2756107757	17274.8882631282	16878.2544702919	15842.0631749238	14490.9881546431	34895.7271083633	8527.36813262407	4950.51369516341	2793.20223321973	3502.22154406519	2765.44736544268	2561.99844426128	2491.47497820622	2699.8411978032	2838.96246850653	2522.74351910225
400	27138.2470636298	26506.2341993771	21997.764012935	18480.8602834794	16553.7648625882	16620.6141670398	17090.1126803602	17538.6176281558	17479.7634468444	16380.8783972158	14724.8192890034	31198.8978229649	10597.0730583374	5438.57739891035	3179.96487614993	3502.22154406519	2765.44736544268	2561.99844426128	2491.47497820622	2699.8411978032	2838.96246850653	2522.74351910225
402	28741.5704498747	27176.1984560921	22370.9602455864	18907.8504422024	16918.7849801944	16582.0314313402	17515.7270754729	18268.1043136251	17945.8233562971	17044.7471669173	15303.0268132694	25485.8600851167	14295.4030065101	5919.2488164492	3584.96664607951	2404.83662382714	2765.44736544268	2561.99844426128	2491.47497820622	2699.8411978032	2838.96246850653	2522.74351910225
404	28202.7928002204	28313.5058499198	23698.5420570252	19714.846854991	17617.4517114684	17431.6927280527	17694.0939432862	18542.5962638447	18525.6410313805	17547.9451419749	15582.0071753069	20305.2937098134	19431.4161961469	6443.35215673617	3894.22841177821	2407.5972805734	2765.44736544268	2561.99844426128	2491.47497820622	2699.8411978032	2838.96246850653	2522.74351910225
406	29098.5894831022	28674.1976189912	24234.3141759898	20232.8129999412	17941.2900392219	17638.7007485594	18078.8692609251	18856.1434110255	18812.6006162178	17889.4029125193	16221.4727102897	16772.4160814169	25226.0262115915	6919.54180298464	4265.39150624813	2553.74949177752	2765.44736544268	2561.99844426128	2491.47497820622	2699.8411978032	2838.96246850653	2522.74351910225
408	29978.3817472936	29709.4864380344	24515.6333917329	20630.5716613061	18112.2397516891	17679.9238825475	18335.5047722357	19190.0766503341	19316.6276293508	18402.565069304	16637.5647339778	15281.4118718641	29931.1558233917	7450.12879563672	4620.55808281641	2717.00986945449	2765.44736544268	2561.99844426128	2491.47497820622	2699.8411978032	2838.96246850653	2522.74351910225
410	31310.4289940004	30091.6222593182	24933.5714528776	21041.2124166302	18972.8930626454	18072.7563811334	18568.8456785977	19658.8585509827	19797.7088603397	18966.2079832975	17133.8599201519	14954.8013895582	31572.6385148734	8318.66503138375	5029.8232221139	3017.15525122649	2765.44736544268	2561.99844426128	2491.47497820622	2699.8411978032	2838.96246850653	2522.74351910225
412	30784.4140335307	30706.5196001916	25195.7947173815	21715.4102005348	18967.1720432278	18498.3968688354	19097.3460818094	19849.1216742157	20210.9836691606	19459.0550606889	17694.3190669022	15268.5574655368	29926.9422829816	9655.96273496053	5491.54732730766	3275.8903593235	2323.07683951375	2561.99844426128	2491.47497820622	2699.8411978032	2838.96246850653	2522.74351910225
414	32351.6015648668	31687.5693337274	26403.5130509644	21893.2289528979	19312.475757187	18525.1211424202	19224.0988067571	20025.1644223537	20547.7352287562	19893.432243715	18174.8168777903	15500.2482891941	26243.5259117641	12119.8250769912	5920.22685805867	3687.72074536082	2327.03410970275	2561.99844426128	2491.47497820622	2699.8411978032	2838.96246850653	2522.74351910225
416	32946.6882265334	31915.6130310243	27285.0833982363	22562.7434077446	20038.9875891519	19062.7895932872	19685.6748860679	20508.6918593117	20865.8172334109	20258.7509613192	18660.3388973989	16018.1446592885	21721.9464099105	15736.6823503042	6400.20382568898	4085.03893915369	2457.63547978781	2561.99844426128	2491.47497820622	2699.8411978032	2838.96246850653	2522.74351910225
418	33011.8592761956	33410.1422554716	27499.0986713608	23119.3577934382	20124.1259635273	19034.6693425641	19850.8893551841	20700.9457158712	21258.2726408696	20769.9832130236	19263.4952670891	16523.6434753325	17961.4957541549	20344.8143061761	6904.7234337613	4419.61568293155	2676.04529282753	2561.99844426128	2491.47497820622	2699.8411978032	2838.96246850653	2522.74351910225
420	34790.1089084777	33729.18810361	28990.0398427848	23668.8621851522	20395.2900272807	19647.5634093858	19960.8920540331	21073.6235257692	21482.6746320969	21106.8985695071	19580.7541918814	17042.0271982102	16144.8728566505	25039.1139017813	7337.14349829923	4728.59233930972	2918.35128225429	2561.99844426128	2491.47497820622	2699.8411978032	2838.96246850653	2522.74351910225
422	33597.9506580214	33822.4444728844	28874.7776197181	23967.764533241	20755.8835681962	19771.0091377457	20227.1319016216	21202.4196392589	21410.497412264	21339.6799089995	20012.445376215	17532.3516335273	15373.1870000859	27790.3016500623	8004.91787610061	5219.86670446638	3209.65926113536	2221.38981505734	2491.47497820622	2699.8411978032	2838.96246850653	2522.74351910225
424	33504.9594930078	34986.7906780805	29342.2772838073	24254.1129284086	21029.7447604643	19647.1306517152	20401.5867243318	21262.6947939609	21731.5235459324	21631.7878297257	20450.812577258	17863.9873410354	15415.2952281387	28164.8215924566	8876.95320705919	5553.94424444673	3612.12275686664	2277.30210315569	2491.47497820622	2699.8411978032	2838.96246850653	2522.74351910225
426	34087.380090408	34283.9965467856	29727.1609027798	24931.2407549762	21402.4188137788	20068.6378910591	20385.9806004317	21435.7359919412	21960.0870385866	22020.7410408456	20708.3300719632	18315.7556729981	15672.9217285047	26135.1122306326	10266.4986148363	5993.7565963802	3906.42354386195	2372.49122219748	2491.47497820622	2699.8411978032	2838.96246850653	2522.74351910225
428	34519.9513127915	35400.0807330208	30674.009000313	25236.3035247936	21554.4124363481	20123.3357274324	20437.2828728485	21347.9566578185	22086.6769539417	22348.552561522	21113.4825102607	18640.6750188996	16019.7473325611	22642.352597922	12486.5320771165	6404.18363872191	4292.63109617498	2568.6462003208	2491.47497820622	2699.8411978032	2838.96246850653	2522.74351910225
430	35296.7238493374	35210.4330559138	30680.2306391164	25858.0416983243	21822.5807701865	20340.659061081	20305.8538621495	21703.1448126239	22442.2090035497	22342.4401263575	21234.4944195968	19041.3459787617	16255.8574212517	19071.2379954769	15549.36670635	6834.98035136839	4542.37029595106	2821.5472545629	2491.47497820622	2699.8411978032	2838.96246850653	2522.74351910225
432	35021.3875415379	36065.8357079628	31264.4666328349	26339.4088110947	22251.4218874007	20557.993653579	20608.4944267364	21586.0812610642	22171.4048421733	22695.0192917181	21550.3783615161	19274.9604044127	16730.0355159263	16669.0142240681	19300.0468993724	7176.60696514692	4948.84510527842	3050.8839533382	2154.82313094958	2699.8411978032	2838.96246850653	2522.74351910225
434	36067.1208207782	35939.9947893371	31573.6495777463	26459.5852881737	22392.8418437333	20680.0902374743	20749.2274811275	21498.5598370481	22412.4529497896	22693.6709261278	21790.4223806451	19647.8424794503	17050.3495966365	15390.1323828127	22810.7551790652	7595.17675320346	5314.29802995543	3379.92998339467	2229.80383036117	2699.8411978032	2838.96246850653	2522.74351910225
436	34798.2784544178	36313.4688051485	31637.4130386448	26958.7151106556	22718.2868267525	20549.7310857913	20576.5107737229	21563.1646959991	22467.0267133547	22789.3276804134	22119.6332918261	19764.5338634879	17368.8122262549	15187.1109939099	24707.9405100139	8293.05425818525	5645.69030492223	3689.59111177795	2322.57371669552	2699.8411978032	2838.96246850653	2522.74351910225
438	35185.3336562769	37152.2628742419	32495.6744737809	27240.6429368153	22713.761015591	20671.5807518895	20746.7187182019	21549.9049327625	22656.2871711764	23126.823490172	22383.3246911136	20248.2439732905	17734.0297548708	15207.0444091202	24648.4039570212	9193.81321718192	6029.24875638749	4072.42033637247	2471.01181854081	2699.8411978032	2838.96246850653	2522.74351910225
440	35972.0619586323	37905.0878503189	32583.6501488318	27490.9728621208	22861.5537462421	20853.1463179521	20674.3324087484	21824.9883912529	22595.1062604313	22925.8589992795	22239.1242712532	20415.1521291122	17952.8848313112	15202.3945014813	22774.8710810254	10494.0380968847	6406.37408368768	4320.47693510447	2688.67348331771	2699.8411978032	2838.96246850653	2522.74351910225
442	35014.0747493049	37555.0973415585	33075.2286965067	27278.3848672695	23345.0330629657	20763.2487905155	20622.2789344926	21529.5977001623	22486.367373008	23134.9673981077	22613.4874355577	20460.4783111589	18099.4587835208	15680.3539658997	19981.227089989	12659.0407465722	6704.53737174557	4714.74919722632	2866.4765855782	2071.32520510904	2838.96246850653	2522.74351910225
444	34849.5406484144	36940.2006474399	32628.8084464088	28176.7026835767	23270.449105772	20937.8794311862	20510.1487397893	21672.6546557725	22387.1425263871	23108.6663989033	22606.980355529	20614.298656727	18363.0388968803	15831.7997124173	17094.5918803453	15359.7948847911	7140.5874651491	4960.75380783753	3198.80494691212	2121.14063793372	2838.96246850653	2522.74351910225
446	35759.6583091903	36598.8377121013	32674.9767660221	27671.6185177377	23338.0657287972	21075.9321966287	20561.674426345	21383.5482209142	22293.3117439432	23037.5648106693	22606.272469599	20758.0935335086	18520.3941771222	16006.9681460123	15214.7649395687	18241.7767852383	7401.02114710308	5260.22396558066	3502.81613190837	2214.56421925358	2838.96246850653	2522.74351910225
448	36172.9871512658	37163.0369726247	33242.8321446039	28268.1855656524	23490.0260918041	21034.8063043523	20517.315787872	21274.634043395	22222.115173068	23002.034886069	22468.2635570034	20717.8320219939	18551.0752723077	16214.0457831764	14187.0507502279	20632.7286012123	7933.44310093438	5550.90162352336	3855.13926754228	2386.98878310704	2838.96246850653	2522.74351910225
450	35392.6531043915	36738.3357159781	32857.4456969286	28488.0875065084	23664.9079211934	21229.8849565226	20361.8952308707	21155.7054889713	22170.2659071935	22780.0736853976	22562.6152882797	20820.7883043885	18787.4043107634	16299.1608715653	13844.8084725643	21647.6501589151	8489.45100289933	5893.10047111298	4060.10997232801	2533.6146588846	2838.96246850653	2522.74351910225
452	36408.7154873797	36770.7976106398	33534.6704087598	28437.1785935012	23911.927771581	21100.3307932534	20194.796583667	21142.2474499371	22029.3461700085	22732.1746838473	22623.739395967	20790.1798965918	18801.4351159516	16516.9592725319	13850.8329415667	20956.2743147954	9511.75025708981	6164.40412173425	4342.09463275283	2749.2818904564	1931.18052642113	2522.74351910225
454	35463.9539789754	36977.6975841664	33687.3946110059	28703.1810704373	23930.3078570982	21184.5573287093	20263.3608584216	20978.4260114697	21861.7573680553	22754.9286748685	22379.0446548404	20901.8026889302	18840.4161108201	16645.8451424185	13951.6096071589	19347.244009553	11071.8573386495	6444.06588626934	4585.58560017043	2932.223115811	2029.42266029711	2522.74351910225
456	34133.1310107384	37350.0573634499	33744.5874116737	29005.4893713448	24119.3480749938	20991.3935600107	20059.8016710474	20809.3845421521	21518.8433160583	22411.6529287516	22270.1055588607	20810.9119592548	18937.1289739268	16739.2167409493	13959.8188226564	16924.6935661988	13130.5138429851	6696.83443925448	4816.480454979	3212.4019663704	2100.41725754943	2522.74351910225
458	35107.1080465232	36399.1302760358	33929.5776383544	28866.283571247	23944.4870970977	21039.091396824	20215.0474400116	20465.0576719317	21627.6870855718	22283.8677088882	22270.3699908103	20823.1516237588	18894.4125507048	16762.8417154439	14324.205602747	14671.1226027501	15563.3772729028	6959.32149911952	5111.75532194832	3473.94414729248	2195.30701912181	2522.74351910225
460	35287.7011973247	36783.0843893483	33900.2969522571	28939.2144069479	23860.1505280839	20973.6691980492	20073.7351901978	20531.4769430118	21276.0944913997	22210.0916097524	21998.5508420544	20679.739816322	18853.5401017623	16802.4076498403	14268.2073521435	13292.6146964899	17639.2452200926	7263.34649932433	5379.48462988921	3662.8203021241	2326.53222737953	2522.74351910225
462	35287.7011973247	36054.2193314665	33108.326014289	28540.466284821	23996.9975472199	21127.8007036626	19885.3679569193	20246.307268766	21107.3952425386	21867.3034856209	21570.4565861002	20567.6316951452	18800.485115308	16908.8216973253	14281.0535190821	12516.2694046711	18890.1629624189	7644.69192912159	5509.62503897959	3932.07777466807	2453.17030182795	1748.63965101499
464	35287.7011973247	36825.3576507264	33384.7847203073	28546.6841399134	23652.9800874983	20651.4042686607	19712.1023320729	19925.0750040388	20620.1907521764	21771.7718421641	21461.9346403278	20187.1192158013	18711.6448500878	16876.780244518	14401.4195264407	12325.5135036119	18783.6400125217	8261.58321168352	5791.99875638797	4048.32919335324	2571.47864271426	1792.79912258502
466	35287.7011973247	36174.9693819467	32941.5040462191	28362.3920311886	23654.7714287854	20651.9436380656	19658.679721524	19741.9622354364	20466.3243801096	21181.2140400567	21123.5911418307	20117.7888783663	18669.7651361868	16860.3834066707	14320.2748738413	12168.4582908855	17683.0210355559	9279.29084097891	5836.98222939128	4258.6771482292	2792.03192444571	1825.93188508827
468	35287.7011973247	35013.871216647	32853.2731932526	28422.5260799189	23586.8944998727	20610.7075194523	19457.3309873859	19345.2715864295	20114.3158395558	21103.0958127968	21054.3593379706	20036.8090731306	18482.7296255374	16808.2712734272	14343.9990501442	12330.2867557757	15750.1385011483	10587.8340974935	6087.70925483979	4476.5409571939	2938.83169256007	1942.65077689915
470	35287.7011973247	35788.4022635145	32719.6404326937	28254.9697915944	23709.9360356708	20212.3668359997	19106.0479064471	19338.4207396573	20049.0135313298	20676.8627119262	20573.4272979443	19639.6341702442	18357.0369922567	16564.2948963913	14481.6775916417	12247.5699076182	13733.603001256	12331.8903980526	6210.68093632363	4581.19154788604	3035.84232733843	1989.24089704875
472	35287.7011973247	36017.6929328023	32397.4305040525	28247.4840717546	23712.6052077248	20311.7315519509	19074.2246721703	19015.7057421544	19829.7790077212	20431.0498189158	20608.3785062516	19495.1215808434	18120.2036929868	16580.394337144	14476.308646713	12232.2425097541	12248.4674037899	14228.9709775604	6486.61068754918	4742.37944973748	3225.59614495554	2070.33245636834
474	35287.7011973247	35214.8368122205	32437.6814085929	28383.3028161246	23483.7599546696	20502.0742499146	18650.9639630613	18914.031437214	19367.953526785	20200.0340496116	20196.9417315065	19208.2764598056	18061.7197689043	16484.8329986717	14414.553463705	12261.9114871665	11328.2160458236	15651.1608997506	6701.66878071087	4863.39779334749	3309.76991360773	2174.60465810069
476	35287.7011973247	34640.4494061437	32222.9978585943	27718.8461004894	23403.9881139454	20127.762999417	18527.9586051738	18588.2810725887	19060.9482704777	19720.8052597159	19763.2680229411	18954.2175246728	17919.2689065096	16291.3785628181	14381.7463695914	12256.1179498112	10762.0994368818	16508.8067442088	6865.19022133997	4999.18240072053	3506.49376062172	2332.41422469734
478	35287.7011973247	35088.3221537471	31388.2653310875	27656.0918592856	23300.6452438189	20013.6484066884	18439.873107535	18283.7529192707	18727.3098521721	19443.3079967184	19613.7107740777	18698.9128313283	17596.5737663852	16298.2701000624	14206.8151217175	12274.9335137128	10655.5676629954	16096.1672183085	7421.31950565125	5086.81441270221	3604.2829545694	2479.78282614267
480	35287.7011973247	34568.7556440561	31523.0132511304	27372.5609391813	22981.6462561881	19974.1562404157	18119.2617195287	17959.3341690297	18395.3510559536	19094.7935902447	19221.1617502385	18351.3573023941	17451.0052479078	16042.3034931029	14290.7659503819	12249.7797959821	10718.918326109	14825.5804698531	8427.6762255672	5278.61685319976	3740.24573578558	2550.46678151598
482	35287.7011973247	34568.7556440561	31267.0849863028	27262.1798841844	23049.3981657802	19658.4469712047	17990.0317473468	17819.9876074442	18063.3715820088	18699.5970496738	18878.0548961803	18085.9758304859	16960.64719485	15797.17845108	13968.9494369407	12047.0125743123	10597.8812529465	13057.2563926496	9687.01367181371	5322.09477800505	3918.80727124627	2713.89596243461
484	35287.7011973247	34568.7556440561	31443.9679527203	26646.5403593337	22393.5993002584	19475.9255222073	17724.7986079136	17376.4535599114	17759.1096260897	18440.9072518194	18614.6704392007	17761.5535984734	16779.4772477034	15655.7058851829	13961.2935327674	12054.7169260021	10531.4139790944	11415.5209687454	11039.7289601072	5349.21527949419	3961.28554556978	2803.51697434314
486	35287.7011973247	34568.7556440561	30490.6511648171	26620.3218680875	22617.5301062256	19254.9651833633	17368.7146477006	16843.9085543739	17636.1847524397	18050.2709646176	18086.750818981	17294.1011646827	16660.3527429029	15469.061955694	13807.7899997921	11950.8356616324	10585.4818558785	10162.5187678276	12435.1728707499	5618.96389349581	4065.99635748671	2962.38570298244
488	35287.7011973247	34568.7556440561	30155.0036867331	26569.957833118	21949.2205474137	19030.3936094364	17341.19038505	17059.6780858399	17239.3062950559	17733.9802794251	17826.9129348946	17087.9781894199	16420.2004921818	15234.8559588431	13573.4769237914	11929.8674922531	10371.4035690386	9510.17708074834	13515.1670534948	5618.19728613396	4167.49252256949	3070.16312267799
490	35287.7011973247	34568.7556440561	29412.1179463159	26139.6224032989	21689.5338546831	18714.028733501	17036.5970714461	16708.6502279331	16809.5370383921	17325.0030961091	17391.0435672253	16835.6553608305	15950.2022164604	15154.543110663	13490.0555660914	11813.169230416	10341.3067679159	9114.84033146785	13846.4169037456	5989.72015916168	4272.85146125185	3188.79213608263
492	35287.7011973247	34568.7556440561	29646.1539621034	25854.8995816124	21643.5282651946	18480.4431850825	16916.5168175982	16395.757077159	16503.7606020106	16953.8440905462	16959.9004051508	16458.8431501303	15746.559829131	14721.0237994114	13369.6443024464	11660.5495742807	10224.0226820478	9036.38423887097	13429.0138573356	6490.34351504172	4454.07109010699	3302.249028644
494	35287.7011973247	34568.7556440561	29457.9659776214	25601.4266845383	21287.4533737229	18304.708321003	16695.0579426794	15980.150681884	16304.3459587104	16602.2911760615	16688.6120746345	16187.4032544804	15594.3797633396	14403.1509215302	13115.4702040494	11695.4225804423	10231.3141977788	8928.81943614083	12201.7810568673	7202.96616381187	4427.46677200803	3391.34863623655
496	35287.7011973247	34568.7556440561	28554.1525077654	25063.2192621249	21256.4528584644	17911.1287685453	16356.4126730328	15596.2283225935	15921.9072830255	16236.0565673112	16428.4486223328	15850.8000003697	15171.4634917455	14343.8948340473	13055.8410252505	11471.0707378735	10001.8476213488	8823.94859203474	10734.8766311893	8124.92757091621	4432.64131263706	3473.55547292767
498	35287.7011973247	34568.7556440561	27905.2289151562	24752.7517783695	20872.2536854602	17642.6747738916	16223.9601621087	15554.2694173026	15484.0031694211	15913.6975969137	16135.8381202681	15469.1035548297	14846.1360008797	14183.7611387053	12757.3247560019	11343.7514976197	10108.4206162243	8758.11411688213	9457.78747410889	9308.64680894866	4616.36399143847	3596.44320564846
500	27462.1798541771	34568.7556440561	27977.2013850512	24046.8883953882	20421.6730699819	17683.4852833128	15617.7620293133	15222.7774623299	15204.6236920117	15605.8630155821	15619.9168847771	15141.2485045407	14534.1571551912	13858.9713508144	12544.5449069811	11141.3617860822	9885.7815555604	8554.52140223035	8367.32906194326	10415.4651208952	4723.59256631519	3702.2568887176
502	27413.0948582404	34568.7556440561	27977.2013850512	24357.3156742087	20095.2761144885	17184.2620304654	15479.0786193516	14915.8425245623	14982.3950086851	15187.1161313576	15156.577657478	14927.5612229282	14291.5725291867	13579.3002036585	12415.0691963505	11107.7099099926	9841.47567514636	8562.31625352226	7920.4379988583	11232.9294890527	4850.02795117397	3725.04658466945
504	26783.9728849544	34568.7556440561	27977.2013850512	23767.5702094851	20158.5389923508	17028.7586408096	15343.7380349484	14644.3772612326	14581.7353098706	14911.2881975828	14814.5943763569	14502.297851095	13998.6903381058	13229.8579521112	12170.8619746698	10918.5252493684	9695.57731981625	8485.82791520144	7492.11236932163	11364.1454126746	5027.17182466306	3771.5856274171
506	27597.1040002117	34568.7556440561	27977.2013850512	23242.8007743448	19850.3980673395	16772.9891298609	15193.3543092753	14336.4001782741	14251.0172154084	14582.3067659961	14514.7787515908	14150.0917043813	13562.2152794774	13054.2133271235	11941.9223593072	10734.5972443812	9631.07554353582	8490.63115629256	7400.97987734984	11153.9718804566	5448.84410143946	3824.18747055236
508	28182.5337057123	34568.7556440561	27977.2013850512	23029.0165655846	19661.2840914022	16594.7093438826	14942.7090462384	13981.1802085261	14069.3248007371	14226.5410327723	14310.3013477301	13877.6832514197	13294.8732296819	12876.123904396	11745.7422910596	10620.3779076785	9429.93919480655	8265.68122416438	7286.01347117884	10243.8948376004	6019.47658788696	3868.70317244576
510	28245.5765101456	34568.7556440561	27977.2013850512	22663.7228329636	19052.1850841723	16234.4087809556	14553.4577668329	13782.6861716391	13594.8886598755	13832.7603065335	13925.0650007783	13557.5737755111	13072.976711332	12501.8443741997	11524.8360930822	10403.4555796607	9294.09352508125	8308.16147771494	7214.61646133001	9016.25339449607	6737.89377093763	3978.65810647409
512	31240.653502346	34568.7556440561	27977.2013850512	22076.1748501184	18786.0301062504	15962.0366634351	14342.1080181537	13620.1884277737	13468.8758450471	13478.4193287367	13621.5517827148	13044.4860591684	12719.9726322127	12295.8456600367	11438.3154071617	10181.8012755875	9294.35219290067	8212.35909875264	7172.61568262	7932.64147390354	7716.63122081522	4001.55077149715
514	35887.2948614049	34568.7556440561	27977.2013850512	22014.2004791557	18565.3549472366	15855.7121469684	14097.9017857017	13297.1151030709	13092.9987376931	13103.8209570252	13253.8298739236	12877.9944431431	12588.474222858	12040.9780467173	11082.9035839175	10060.010134789	9106.75487195647	8087.20117130035	7092.06629549421	7047.3712460407	8550.25902878939	3982.60826144013
516	42829.1262896895	34568.7556440561	27977.2013850512	21812.5828067966	18053.7283997398	15576.8199543791	13676.8746487905	13117.9230096246	12794.8377200753	12913.4490386452	12820.0827448268	12340.7882275267	12305.3946879156	11748.6373498047	10773.5449256583	9862.73075794795	8990.46770935621	7928.36085380596	6995.66027739592	6458.68589785445	9314.24102211787	4118.56345595308
518	52375.193699852	34568.7556440561	27977.2013850512	21529.7399881919	17702.8980956824	15301.2567535782	13573.6516274001	12650.0830716015	12529.4057324902	12542.7244813195	12571.0796284922	12409.8119012638	11949.68722061	11530.7550295686	10784.1458869771	9722.04786339348	8735.80633781779	7868.07263167447	6869.91316632518	6142.27447549837	9459.97074503489	4330.26488845529
520	65907.8772203862	27344.7928367129	27977.2013850512	21264.9826569134	17693.1194193082	15125.5718701924	13265.9041577536	12575.8891028029	12294.4014088006	12360.6884425943	12308.9929357741	12037.1483520681	11630.1961096606	11222.0212667325	10528.6389386351	9498.87033419545	8694.26137497918	7749.71086946256	6776.11998687705	5997.69053570424	9233.77286550194	4627.21226583475
522	76840.5905867055	25928.2334378154	27977.2013850512	21264.9826569134	16971.3204870195	14714.8762527785	12876.1286209772	12249.7568611904	11953.0831487136	11986.9592719407	11952.837103479	11807.2866969775	11448.2398141024	10868.8200046385	10213.7430769287	9361.85917257808	8473.72350518071	7649.96674408838	6732.11002328078	5880.57208552691	8422.90404544025	5136.75093843025
524	82140.123161354	25274.2269900844	27977.2013850512	21264.9826569134	16924.9647047234	14257.8857701822	12961.4249607649	11832.7248378273	11714.2950417967	11688.0240907489	11665.7329340369	11406.2691170619	11307.7504719175	10762.9107417514	10023.2389667659	9096.908086897	8394.79625276871	7474.90586130207	6543.44085076814	5847.55604793789	7570.83759508022	5822.67578700094
526	83713.3173823855	25156.4113569504	27977.2013850512	21264.9826569134	16491.9666074144	14187.6607694721	12609.8953692969	11775.3382071762	11449.0386379358	11373.4232207404	11377.81164479	11296.2068625996	10852.256693682	10437.4042650796	9751.11349235898	8949.81837941017	8065.94210968417	7338.008367784	6448.80231895058	5764.08544718402	6509.41474808041	6740.54407397659
528	80786.724207376	24630.8230131853	27977.2013850512	21264.9826569134	16141.250982003	13850.9500738462	12185.24818437	11554.9978222256	11296.1245821978	11192.6176872138	11152.7082589308	10960.1533233807	10561.0275088678	10361.9246080745	9522.27350060261	8845.73290322748	8054.5406977381	7392.73343931567	6476.75768116769	5619.53989601874	5745.18497322851	7214.03320907933
530	70626.9726111257	24332.6574527807	27977.2013850512	21264.9826569134	16210.4562823336	13659.209096957	11964.9055020678	11220.9003134648	11010.7623909046	10889.4139005162	10882.534225698	10589.5601203811	10361.8655565403	9922.18324045619	9388.24680655555	8535.29992741917	7869.33444655779	7136.2668524402	6271.80018596213	5532.74373056304	5274.1768320611	7750.23877050431
532	61582.5932254031	25438.1030906601	27977.2013850512	21264.9826569134	15826.8653810887	13326.9642575388	11794.6816641301	10888.6522858744	10709.2803830713	10598.3026437786	10524.3764993352	10365.3788817206	9990.30764589251	9765.79386642579	9024.08130069438	8350.15562527384	7651.04890753395	6974.67401175316	6115.74201031307	5504.30219802884	4954.50047135325	7886.9309580553
534	47648.6004376798	29576.9147658679	27977.2013850512	21264.9826569134	15497.573243077	12901.8418639378	11450.6281725482	10658.0861648638	10480.0349309918	10297.7177501816	10335.2870855081	10003.6873902712	9843.68054807977	9476.0513189479	8961.25287786176	8303.87447278471	7543.29213883389	6863.99624737731	6059.60480755907	5364.09160653553	4822.0830827313	7554.39548941781
536	34758.7466338387	35203.7162159965	27977.2013850512	21264.9826569134	15353.9653925953	12797.1323447248	11282.5881235196	10432.309365599	9984.45821960533	10024.9977019638	9927.48401418349	9696.45889010948	9572.00728896214	9323.92165303245	8651.90461492609	7959.51382805851	7388.93419668414	6689.64373522726	5972.80324390527	5238.81037074324	4632.56214486621	6966.40560793078
538	27510.3668649019	45004.8644695476	27977.2013850512	21264.9826569134	14756.8655524697	12419.4009516564	11056.7323179063	10201.0551717626	9949.23365672942	9801.8059992661	9681.78620655934	9400.49625990465	9341.36451511552	8949.87433499603	8473.78533915153	7788.32257014106	7086.44322469362	6564.48080805018	5935.89042561126	5207.61628193253	4494.60161509839	6170.38379778957
540	21317.0040302119	58018.2342950023	20850.7103040172	21264.9826569134	14370.4033292478	12352.2348149686	10832.0154048213	9941.61283551755	9578.88950038788	9494.51180422597	9313.7153639474	9238.87806649695	9105.42638112489	8791.09719330121	8307.97518981607	7601.34836018703	7016.95851101151	6371.87648068323	5707.53584007385	5069.61704759789	4464.41021779232	5256.18310011806
542	19255.8031783507	74690.7085373429	21044.4108913771	21264.9826569134	14370.4033292478	11866.943734568	10500.0799628204	9752.02752550195	9412.113104905	9096.77599329272	9198.35775168449	8948.32896671274	8790.8824953193	8496.64825992422	7923.93771644996	7497.87855512863	6878.18922082867	6166.42362090509	5619.55016760055	5003.59550593573	4400.79180611697	4588.71456778587
544	18877.3618723372	87813.1681701933	20777.1510464545	21264.9826569134	14370.4033292478	11857.4757671446	10340.5138534707	9488.36795354012	9033.45401177904	8928.38152470986	8862.97091332019	8651.77454767607	8572.17599266762	8252.53528548028	7794.12727237795	7272.70111286497	6661.03520083532	6139.48958321811	5537.47972770681	4810.74364690991	4292.43067404748	4135.74160396242
546	18080.8409922676	99771.7866932656	19801.5249278009	21264.9826569134	14370.4033292478	11576.488352868	10215.5550403476	9109.27401147276	8891.97689319113	8591.68375983081	8632.06551556476	8423.20716476142	8238.83228082537	8099.24634459475	7484.57545717956	7055.19747716797	6551.59387421258	5987.6177469214	5387.35449499355	4831.00382938699	4190.24255933047	3873.80216557614
548	17471.86992634	104760.889660348	18949.3496045773	21264.9826569134	14370.4033292478	11283.7585136592	9855.25723638909	9074.49411656862	8725.84735312933	8502.05735658945	8323.46986805762	8245.0661454525	7997.410098606	7836.22542575513	7250.29431464595	6881.11694188265	6335.29534134703	5694.5685362139	5299.79561976046	4698.53299243364	4174.87651656973	3700.6600176169
550	16595.5665064861	101044.807904483	19352.934490355	21264.9826569134	14370.4033292478	10876.3960463391	9670.52132602038	8796.11041812765	8351.76360623462	8105.72820611809	8003.58345890369	7838.55250467237	7784.29069349737	7589.16272945711	7119.91455180616	6636.92198886772	6246.95749383324	5617.19488358078	5164.07776396598	4658.54157458031	4106.67701472886	3593.01126640597
552	16267.9696458699	92895.8581263724	18544.8909366642	21264.9826569134	14370.4033292478	10541.0357672509	9299.53567639756	8616.28762636838	8218.06207830678	8033.98610176712	7912.11172189906	7674.52687451924	7497.9449114513	7374.222759635	7012.18583607485	6466.90858236813	6005.64954820713	5534.14927407447	5082.9095291156	4496.83331376508	3947.32329013683	3592.88834001039
554	15868.2678296783	78397.369436866	19514.4666921012	21264.9826569134	14370.4033292478	10339.8932913343	9186.83565449855	8443.68373180982	7962.90421221448	7802.39360417426	7865.00910278969	7503.05072374071	7458.90090509981	7100.06917191975	6744.48073703745	6315.31743718603	5987.40906668621	5330.29907014571	4903.57640763444	4387.27696833596	3887.88653532092	3489.14930753169
556	15147.3746245349	63436.2206266815	20696.7148530809	21264.9826569134	14370.4033292478	10297.9140021622	8842.25171368823	8170.28647988382	7834.82647047991	7620.64658443108	7441.60425050244	7169.8272543832	7019.86853836636	6953.49438239449	6535.70860641876	6205.6837261504	5677.87097411143	5286.38919178004	4815.14507879249	4291.02165901072	3761.20954346262	3332.05799390081
558	14214.032126185	47346.7898267309	25688.1633377348	21264.9826569134	14370.4033292478	10212.6372844618	8669.67060529812	7978.98663114801	7417.39446047764	7319.16591533029	7213.89246114652	7093.08040264559	6969.16491077427	6821.78338542704	6441.35859924411	6055.46756211904	5543.75363369711	5173.79429791216	4647.37607332547	4231.86159906141	3753.71237856545	3367.31628508803
560	14025.6197690033	34894.639855436	33724.7044098086	16781.2696575783	14370.4033292478	9896.38690739381	8443.2869965591	7675.6709461496	7385.22132499097	7269.32950584628	6996.95874094495	6758.524087728	6765.77485089343	6561.71411237994	6232.93665625942	5770.8092780286	5383.04320455969	4977.22579006849	4582.80756526548	4135.60396518078	3688.09780230159	3261.00735275674
562	15354.8405906189	25553.6482301226	45819.6881935809	16253.6989683032	14370.4033292478	9896.38690739381	8368.03783722283	7561.69931728006	7148.08567219609	6925.65974340352	6806.4826442562	6650.43015096204	6492.95358623503	6451.81806490492	5958.47163331354	5706.978611903	5247.79832240618	4910.33054389168	4497.75797178471	4018.02771555857	3551.9172829128	3125.1131432052
564	13491.1389723596	19361.3102497414	59735.8780140219	15847.0750379967	14370.4033292478	9896.38690739381	7911.78627775856	7358.50974840203	6804.18085375487	6729.7573233062	6578.15759248775	6438.61170870427	6292.38492837224	6195.29914823833	5872.46377058693	5466.07352594843	5100.5748512807	4668.68573072536	4284.18008084352	3917.11978657287	3476.00498157451	3124.06268347254
566	13916.8705638726	17357.0698737272	75477.5417939555	15333.0508292559	14370.4033292478	9896.38690739381	7806.35513475771	7328.87353183886	6691.45049934185	6631.14072083022	6391.80461371422	6240.03366305319	6173.16582152771	6014.84266913739	5638.95705188499	5220.19039196028	4993.34173103338	4721.89120840306	4178.53774033031	3869.69811766662	3414.80649012874	3034.4683388442
568	14042.3256394946	14996.6418411614	91870.953310141	15352.1948586552	14370.4033292478	9896.38690739381	7742.92985660334	6966.27532567703	6416.87588350801	6378.87348783209	6314.97577803162	5930.29379152692	5993.45754481289	5860.10457403726	5506.77513158527	5120.20533046837	4825.41041583765	4512.28481770328	4118.32838112285	3696.87111784736	3353.70068776019	2948.54273738384
570	12851.5062800901	14413.4107738844	102973.389693625	14650.9432548793	14370.4033292478	9896.38690739381	7545.78130330011	6830.25097419997	6563.05245881072	6196.03003634548	6019.65658658449	5812.14215005778	5764.31396387126	5619.98359435602	5380.2356314812	4921.71338621333	4678.59616470328	4399.62554997873	4015.02045039421	3586.35100895634	3280.51388454127	2829.68272897542
572	12986.9840900156	13969.3255626079	106731.749402998	13978.8286262922	14370.4033292478	9896.38690739381	7132.23251877009	6576.5390549651	6241.41103991123	5952.09242146813	5838.46010701461	5665.61976518465	5653.81533070629	5523.93550608874	5163.85066019041	4806.22654510578	4526.30405156917	4279.48730047822	3917.6663883716	3581.13230336067	3101.18805892574	2790.14236751673
574	12402.098065424	13580.1652934679	105066.769671935	14261.8044709495	14370.4033292478	9896.38690739381	7207.98762722848	6634.19691337648	5970.93798131409	5788.0674175527	5652.23014957589	5457.98589662215	5413.92565244198	5330.24880934128	5102.5343033836	4775.89291743458	4466.3877904698	4082.85430275423	3851.00797732566	3437.3322466439	3015.46140320618	2756.46647132134
576	13060.8096883864	13800.2593421202	95576.7169347157	13737.1164683675	14370.4033292478	9896.38690739381	7075.40198359354	6349.29359358831	5872.79000195609	5647.8433647401	5615.11506662822	5386.66242581638	5301.12436097065	5163.40340236724	4826.51663352186	4519.61307379389	4344.79855296181	3966.07846686719	3638.66556521689	3366.96681076623	2996.78158902325	2665.21644106446
578	12701.3188291687	13886.1946658858	79887.4806195698	14536.1173031405	14370.4033292478	9896.38690739381	6982.77241681375	6001.94273297475	5698.88483949888	5539.61360439679	5254.17629417922	5339.60219703708	5030.6512974635	5002.96346795762	4748.84973921869	4504.95937807993	4166.98304617367	3943.11399108277	3530.99626004473	3266.22663743644	2887.52253808427	2572.52398682796
580	13812.657424793	13974.7379580752	62788.393644847	16564.1075213953	13028.7048130036	9896.38690739381	6721.76265446371	5896.60327935116	5458.77044773795	5404.85820397083	5149.13649858132	4944.44663480252	4966.67135625286	4859.10657328465	4450.5961054201	4254.88898585141	4027.10063207205	3753.34630968828	3398.37423909731	3134.75810653967	2847.03293850319	2517.87438290658
582	13257.2267475168	14010.4234930396	47707.4430044498	20379.2388184552	12249.1824255944	9896.38690739381	6721.76265446371	6024.78195145277	5297.11762632342	5134.53656031776	5039.87510633858	4824.99279483351	4836.66954772478	4541.28798368046	4423.5903413331	4121.7837895738	3909.02406426377	3709.50751835374	3416.58311184725	3087.09248219014	2796.33516731969	2513.2430483071
584	13644.9225483366	13314.289248176	34502.1274951388	28205.3770914863	12031.080678331	9896.38690739381	6721.76265446371	5868.04617278847	5299.96795145385	5045.06657077255	4813.90596827963	4661.50916070447	4637.35032336783	4572.57799083441	4300.99125453629	3977.37966048269	3706.17000891308	3592.37750742332	3279.55068846139	2977.21952754424	2716.17717908919	2381.34541597966
586	12473.2719495676	13160.0139206913	23494.9790015002	38091.1935868078	11644.3537589045	9896.38690739381	6721.76265446371	5455.93523120261	5005.00395262795	4774.85887298832	4820.37388566818	4589.7971647547	4470.40535799742	4405.60571440876	4048.02223652292	3899.76979103951	3674.8969909264	3531.6367221237	3261.31184584039	2903.59478950112	2643.30216986746	2324.52193922481
588	13030.33574612	12732.9489439326	17684.3496343238	52144.2482823906	11300.4818346658	9896.38690739381	6721.76265446371	5375.1028427014	4941.90973412971	4653.51083435711	4629.22081933666	4375.60394966926	4318.68696961654	4203.87978459983	3912.97118890927	3744.65814560664	3544.43941259208	3340.50440573213	3027.50578125919	2843.51212669351	2500.9457041646	2312.47860857969
590	13293.1542907948	12075.1607690611	15148.1027680065	67742.7661636824	11017.2063829179	9896.38690739381	6721.76265446371	5290.56519260314	4791.97176949443	4664.53602920767	4514.5496899096	4219.83940557802	4239.13357539475	4148.92294173931	3887.39986419096	3606.55768494731	3439.76403164431	3186.8108715817	2952.20555793719	2731.76207981031	2466.71245033575	2199.48026703271
592	13079.0845976714	12302.2023748256	13051.0194234729	83181.2878592612	11187.7085901483	9896.38690739381	6721.76265446371	5135.16957976165	4600.94723340592	4461.05748692945	4333.93655167406	4185.42705312628	4041.88789948965	4040.26093356972	3682.58072815289	3499.14515888581	3338.20410232186	3124.9767814679	2944.6217544218	2672.37894339224	2420.53660318126	2243.70407654015
594	11580.1948486907	12208.4551645854	12173.9494396482	95653.7440895983	10952.3708755139	9896.38690739381	6721.76265446371	5120.14747150456	4646.4527604443	4331.78605120736	4160.40420163791	4059.53587070134	3859.40121765895	3893.01128025314	3616.33220643057	3411.36243618357	3261.90406403604	3131.68000639075	2788.2824039312	2622.19283130789	2418.72833746406	2127.72250404561
596	12936.6321815032	11887.2100783172	12050.7677099791	101031.339720679	10503.769440711	9896.38690739381	6721.76265446371	4850.21060535677	4403.21792652266	4152.4962130452	4013.0207451076	3840.57181349372	3693.73836568629	3643.7077158353	3491.87563500964	3276.01693138102	3082.2612436659	2935.96270940142	2663.19661099476	2535.57952145401	2243.09359729398	2085.81549045286
598	11850.5452236209	12415.9044959165	11671.2911545541	102042.45316633	10609.6897995322	9896.38690739381	6721.76265446371	4689.93360835763	4369.50367735303	3995.76628840137	3898.95547173198	3883.83902838107	3666.98052485698	3603.46417502324	3458.5057961715	3226.99648390925	3007.59715903733	2906.57831350809	2647.81145552386	2361.80646139806	2235.92868773479	1987.93432895292
600	12323.382947267	12225.751449184	11369.3293685296	94687.3679577395	10990.1778579566	9636.34458297431	6721.76265446371	4870.8816619478	4152.28752907721	4042.64768757725	3804.12233770768	3724.75129776407	3460.48199186394	3459.90269469552	3257.66173756589	3105.12394695509	2931.55378256239	2666.1339167049	2544.39000393531	2371.34054910254	2147.23212299794	1919.82173970978
