Wavelength	240	250	260	270	280	290	300	310	320	330	340	350	360	370	380	390	400	410	420	430	440	450
nm	CPS / MicroAmps	CPS / MicroAmps	CPS / MicroAmps	CPS / MicroAmps	CPS / MicroAmps	CPS / MicroAmps	CPS / MicroAmps	CPS / MicroAmps	CPS / MicroAmps	CPS / MicroAmps	CPS / MicroAmps	CPS / MicroAmps	CPS / MicroAmps	CPS / MicroAmps	CPS / MicroAmps	CPS / MicroAmps	CPS / MicroAmps	CPS / MicroAmps	CPS / MicroAmps	CPS / MicroAmps	CPS / MicroAmps	CPS / MicroAmps
300	10467.9883671006	7960.39172051166	9206.66214364241	152893.898829615	18390.0596679684	11285.6469742686	655199.191782029	7314.49743170794	8032.65185280994	7707.87377315381	5127.01755629623	4177.27414183874	3527.6349672637	3452.32694628548	4315.54378139908	4016.21840392072	2786.22525048066	2507.35667183852	2387.78155859694	2755.01961685526	2872.15625898619	2344.20884753471
302	9704.93200996274	8300.56813116652	9088.47686434715	102704.076343118	36348.0465695558	8676.79920792128	8100.99453515932	7314.49743170794	8032.65185280994	7707.87377315381	5127.01755629623	4177.27414183874	3527.6349672637	3452.32694628548	4315.54378139908	4016.21840392072	2786.22525048066	2507.35667183852	2387.78155859694	2755.01961685526	2872.15625898619	2344.20884753471
304	10349.0190727855	7700.8056735724	8767.54807881028	55634.8509397671	66858.9581610445	8272.65741557729	8100.99453515932	7314.49743170794	8032.65185280994	7707.87377315381	5127.01755629623	4177.27414183874	3527.6349672637	3452.32694628548	4315.54378139908	4016.21840392072	2786.22525048066	2507.35667183852	2387.78155859694	2755.01961685526	2872.15625898619	2344.20884753471
306	9805.80653362734	7703.84952057972	9229.46849906486	26979.7736901733	107267.947630056	7725.64556443921	8100.99453515932	7314.49743170794	8032.65185280994	7707.87377315381	5127.01755629623	4177.27414183874	3527.6349672637	3452.32694628548	4315.54378139908	4016.21840392072	2786.22525048066	2507.35667183852	2387.78155859694	2755.01961685526	2872.15625898619	2344.20884753471
308	9982.95081569003	7754.50319092661	9380.36261554967	15102.5339471969	137484.870938284	8195.82692952937	8100.99453515932	7314.49743170794	8032.65185280994	7707.87377315381	5127.01755629623	4177.27414183874	3527.6349672637	3452.32694628548	4315.54378139908	4016.21840392072	2786.22525048066	2507.35667183852	2387.78155859694	2755.01961685526	2872.15625898619	2344.20884753471
310	10498.8208143817	8484.96536062144	9873.7737276421	12017.6355761842	143480.532498741	9151.23688679547	8100.99453515932	7314.49743170794	8032.65185280994	7707.87377315381	5127.01755629623	4177.27414183874	3527.6349672637	3452.32694628548	4315.54378139908	4016.21840392072	2786.22525048066	2507.35667183852	2387.78155859694	2755.01961685526	2872.15625898619	2344.20884753471
312	9986.15421334008	8192.98060646439	9648.5061688009	11174.9641809439	120067.477476885	15265.9166474023	6005.75599444804	7314.49743170794	8032.65185280994	7707.87377315381	5127.01755629623	4177.27414183874	3527.6349672637	3452.32694628548	4315.54378139908	4016.21840392072	2786.22525048066	2507.35667183852	2387.78155859694	2755.01961685526	2872.15625898619	2344.20884753471
314	10027.9902688191	7916.47408997223	10021.3397578583	11497.3770569797	81699.121570356	29936.313347878	5429.30315894449	7314.49743170794	8032.65185280994	7707.87377315381	5127.01755629623	4177.27414183874	3527.6349672637	3452.32694628548	4315.54378139908	4016.21840392072	2786.22525048066	2507.35667183852	2387.78155859694	2755.01961685526	2872.15625898619	2344.20884753471
316	9343.27999881079	9098.77464551088	10905.8212093303	12332.5498355678	47200.0288517121	56184.0664786935	5326.29032320035	7314.49743170794	8032.65185280994	7707.87377315381	5127.01755629623	4177.27414183874	3527.6349672637	3452.32694628548	4315.54378139908	4016.21840392072	2786.22525048066	2507.35667183852	2387.78155859694	2755.01961685526	2872.15625898619	2344.20884753471
318	10577.9405964493	10483.2963669819	12976.6737129491	14005.4628931294	27910.1805783851	86078.9953666661	5686.55620735581	7314.49743170794	8032.65185280994	7707.87377315381	5127.01755629623	4177.27414183874	3527.6349672637	3452.32694628548	4315.54378139908	4016.21840392072	2786.22525048066	2507.35667183852	2387.78155859694	2755.01961685526	2872.15625898619	2344.20884753471
320	11014.4266269625	11259.586991302	14685.1078860622	16623.7407554435	20148.437754414	108274.457623082	6270.24109946475	7314.49743170794	8032.65185280994	7707.87377315381	5127.01755629623	4177.27414183874	3527.6349672637	3452.32694628548	4315.54378139908	4016.21840392072	2786.22525048066	2507.35667183852	2387.78155859694	2755.01961685526	2872.15625898619	2344.20884753471
322	12613.2047169887	11893.489816738	16259.0995891179	18748.4904181407	18736.2874889793	113490.561627614	7817.62108883513	5763.37994647142	8032.65185280994	7707.87377315381	5127.01755629623	4177.27414183874	3527.6349672637	3452.32694628548	4315.54378139908	4016.21840392072	2786.22525048066	2507.35667183852	2387.78155859694	2755.01961685526	2872.15625898619	2344.20884753471
324	16002.0301431354	12894.5860370989	17131.4056322727	19316.7132352878	19223.7533079695	96714.6226325781	12794.4685040285	5776.85624941362	8032.65185280994	7707.87377315381	5127.01755629623	4177.27414183874	3527.6349672637	3452.32694628548	4315.54378139908	4016.21840392072	2786.22525048066	2507.35667183852	2387.78155859694	2755.01961685526	2872.15625898619	2344.20884753471
326	18217.1930705128	14267.4336568477	17371.6610256497	20532.2227172189	19507.2068630836	67868.2116060111	23862.896118472	5801.12576966663	8032.65185280994	7707.87377315381	5127.01755629623	4177.27414183874	3527.6349672637	3452.32694628548	4315.54378139908	4016.21840392072	2786.22525048066	2507.35667183852	2387.78155859694	2755.01961685526	2872.15625898619	2344.20884753471
328	19617.3307747261	14372.5094436691	17789.2240071289	20773.1529696692	20032.75721408	42589.3128588987	43190.5288709794	6117.24715111498	8032.65185280994	7707.87377315381	5127.01755629623	4177.27414183874	3527.6349672637	3452.32694628548	4315.54378139908	4016.21840392072	2786.22525048066	2507.35667183852	2387.78155859694	2755.01961685526	2872.15625898619	2344.20884753471
330	23538.1889151516	15900.5928755201	18699.4206706098	21324.4646513432	20449.5439176257	26728.7828763602	66325.8544778271	6503.89540881184	8032.65185280994	7707.87377315381	5127.01755629623	4177.27414183874	3527.6349672637	3452.32694628548	4315.54378139908	4016.21840392072	2786.22525048066	2507.35667183852	2387.78155859694	2755.01961685526	2872.15625898619	2344.20884753471
332	27284.5681933446	17700.90295362	19001.1830087128	21839.7303175746	21698.5611444602	20492.0961575809	84102.7702030847	7186.3919505091	6082.76151271932	7707.87377315381	5127.01755629623	4177.27414183874	3527.6349672637	3452.32694628548	4315.54378139908	4016.21840392072	2786.22525048066	2507.35667183852	2387.78155859694	2755.01961685526	2872.15625898619	2344.20884753471
334	30853.7646993323	17507.768368597	19727.7832491767	23410.7916130993	22440.6990054428	19171.5807196197	88796.2316055162	8258.38352306347	6033.03838450761	7707.87377315381	5127.01755629623	4177.27414183874	3527.6349672637	3452.32694628548	4315.54378139908	4016.21840392072	2786.22525048066	2507.35667183852	2387.78155859694	2755.01961685526	2872.15625898619	2344.20884753471
336	31536.9282173429	19478.170835959	20232.5503901128	23822.8814086173	23294.3937595992	19128.0822415508	77170.8348607769	11340.0358301638	6167.92793451372	7707.87377315381	5127.01755629623	4177.27414183874	3527.6349672637	3452.32694628548	4315.54378139908	4016.21840392072	2786.22525048066	2507.35667183852	2387.78155859694	2755.01961685526	2872.15625898619	2344.20884753471
338	32449.0553491159	19964.6579144013	21078.1013548083	23689.5836898424	23383.0118217678	19495.3879441213	56653.4700209908	19132.4506814124	6219.3011514242	7707.87377315381	5127.01755629623	4177.27414183874	3527.6349672637	3452.32694628548	4315.54378139908	4016.21840392072	2786.22525048066	2507.35667183852	2387.78155859694	2755.01961685526	2872.15625898619	2344.20884753471
340	35597.7424765459	20073.8833110446	20965.9211611178	23306.4463474186	23385.6223609655	19165.7561592906	36071.6026312747	32237.1382453831	6379.55542285902	7707.87377315381	5127.01755629623	4177.27414183874	3527.6349672637	3452.32694628548	4315.54378139908	4016.21840392072	2786.22525048066	2507.35667183852	2387.78155859694	2755.01961685526	2872.15625898619	2344.20884753471
342	36071.8266529264	20552.4880600056	20447.5670882683	22667.2420567762	23114.202476214	18851.007946572	23096.3070317471	49990.2207558917	6461.99805700623	4848.69683157822	5127.01755629623	4177.27414183874	3527.6349672637	3452.32694628548	4315.54378139908	4016.21840392072	2786.22525048066	2507.35667183852	2387.78155859694	2755.01961685526	2872.15625898619	2344.20884753471
344	36089.2022780921	19266.5116715069	19255.3921703538	22217.9779549847	22385.4582055525	19030.4346557784	16864.3532660533	65007.1857326131	6604.30061817569	4608.76898365769	5127.01755629623	4177.27414183874	3527.6349672637	3452.32694628548	4315.54378139908	4016.21840392072	2786.22525048066	2507.35667183852	2387.78155859694	2755.01961685526	2872.15625898619	2344.20884753471
346	36552.5769418951	19458.4658408528	19487.546009581	21269.2953202098	21593.9249336686	18718.4836173718	14740.5439747262	70380.6287868875	6973.81494136702	4617.1392631917	5127.01755629623	4177.27414183874	3527.6349672637	3452.32694628548	4315.54378139908	4016.21840392072	2786.22525048066	2507.35667183852	2387.78155859694	2755.01961685526	2872.15625898619	2344.20884753471
348	39266.6097348494	20414.5090818206	18779.6403574215	21018.873620164	21432.6568292844	18474.3818821346	14047.315644237	63863.8303409205	8605.92962888383	4836.27172108739	5127.01755629623	4177.27414183874	3527.6349672637	3452.32694628548	4315.54378139908	4016.21840392072	2786.22525048066	2507.35667183852	2387.78155859694	2755.01961685526	2872.15625898619	2344.20884753471
350	38774.3138203917	19778.7769704097	18569.0775028573	20404.3363020342	20876.6944243902	18407.754331182	14112.8651589059	48520.7120252496	12959.2625126206	4998.14512929771	5127.01755629623	4177.27414183874	3527.6349672637	3452.32694628548	4315.54378139908	4016.21840392072	2786.22525048066	2507.35667183852	2387.78155859694	2755.01961685526	2872.15625898619	2344.20884753471
352	36987.5235404261	20987.301146722	18184.9742900311	20075.4432163869	20386.5123493418	18426.8819674486	14029.5123265361	32170.0132046173	21765.7325279225	5112.57271933751	3431.76874000548	4177.27414183874	3527.6349672637	3452.32694628548	4315.54378139908	4016.21840392072	2786.22525048066	2507.35667183852	2387.78155859694	2755.01961685526	2872.15625898619	2344.20884753471
354	36836.658309981	20406.902447629	17932.5915378533	19613.6350482489	19539.6797738777	17886.757349104	13943.4561971064	20660.4350122748	34172.9596007499	5331.93712491535	3362.84339070757	4177.27414183874	3527.6349672637	3452.32694628548	4315.54378139908	4016.21840392072	2786.22525048066	2507.35667183852	2387.78155859694	2755.01961685526	2872.15625898619	2344.20884753471
356	34912.0287039787	20532.0125258338	17231.9313657253	18901.1955130696	19095.1565174881	17409.5553308159	13862.4557921466	14280.8505896613	46921.3956005414	5492.94713133502	3395.83690015067	4177.27414183874	3527.6349672637	3452.32694628548	4315.54378139908	4016.21840392072	2786.22525048066	2507.35667183852	2387.78155859694	2755.01961685526	2872.15625898619	2344.20884753471
358	33952.8879805897	20190.9287527523	17171.7708084503	18167.1719546588	18530.9360885873	17168.2457550508	13849.6206223896	12143.524485611	54439.5775944477	5914.3238438557	3652.49986848313	4177.27414183874	3527.6349672637	3452.32694628548	4315.54378139908	4016.21840392072	2786.22525048066	2507.35667183852	2387.78155859694	2755.01961685526	2872.15625898619	2344.20884753471
360	35647.6204031861	19970.1421389048	16927.5925446986	17446.1944712389	18045.7181206861	16564.7354430998	13673.0290446802	11319.2508024491	53623.8542809716	6999.37202238021	4035.38164064097	4177.27414183874	3527.6349672637	3452.32694628548	4315.54378139908	4016.21840392072	2786.22525048066	2507.35667183852	2387.78155859694	2755.01961685526	2872.15625898619	2344.20884753471
362	34553.9027781367	19765.5494589519	16398.4593771323	17158.87480636	17332.2565856486	16513.3515968524	13784.9545755632	11464.7361033875	44978.4163891425	9340.31959026743	4151.4226051769	3166.50318976064	3527.6349672637	3452.32694628548	4315.54378139908	4016.21840392072	2786.22525048066	2507.35667183852	2387.78155859694	2755.01961685526	2872.15625898619	2344.20884753471
364	33682.7754859892	19534.9387411053	16597.4470918621	16898.7817252569	16982.2905366135	15894.3945010122	13721.7614017423	11134.664671351	32596.0430855231	14728.763691255	4526.25988264102	3106.24515194917	3527.6349672637	3452.32694628548	4315.54378139908	4016.21840392072	2786.22525048066	2507.35667183852	2387.78155859694	2755.01961685526	2872.15625898619	2344.20884753471
366	32490.51846417	20375.9412110864	16612.0272156456	16257.5376800878	16452.8840141232	15641.2336895726	13886.2172277972	11609.1994089704	21658.4669816855	23255.377173374	4843.07257167787	3169.7554246893	3527.6349672637	3452.32694628548	4315.54378139908	4016.21840392072	2786.22525048066	2507.35667183852	2387.78155859694	2755.01961685526	2872.15625898619	2344.20884753471
368	33820.5707949249	19557.7019033811	16157.6404462073	16128.7913580719	16357.4408690059	15695.5503908407	13942.3139026927	11587.7436104863	14817.5301943172	33678.2634773648	5203.87563007184	3489.45702631842	3527.6349672637	3452.32694628548	4315.54378139908	4016.21840392072	2786.22525048066	2507.35667183852	2387.78155859694	2755.01961685526	2872.15625898619	2344.20884753471
370	31311.6042691391	20128.7357609726	16539.1211105598	15986.3523274983	15974.6746636979	15313.5863054762	14001.5100524365	11944.0958692361	11978.9141773763	42493.6912938076	5623.21996943451	3743.29221185033	3527.6349672637	3452.32694628548	4315.54378139908	4016.21840392072	2786.22525048066	2507.35667183852	2387.78155859694	2755.01961685526	2872.15625898619	2344.20884753471
372	30530.665590903	19804.0578587058	16489.4653345951	16236.7975521867	15894.9809842307	15232.6596335552	13974.0813787812	12297.2773234755	11070.879338463	45920.5306584212	6456.77430028532	4016.06768044662	2859.94076731065	3452.32694628548	4315.54378139908	4016.21840392072	2786.22525048066	2507.35667183852	2387.78155859694	2755.01961685526	2872.15625898619	2344.20884753471
374	31853.7867695218	20570.5618948545	16325.623154696	15865.8757567102	15084.3243358801	15119.4014729556	14055.1536592529	12291.2555837101	11068.9745638154	42261.4341263118	8419.96586429277	4332.40941513779	2766.88771061777	3452.32694628548	4315.54378139908	4016.21840392072	2786.22525048066	2507.35667183852	2387.78155859694	2755.01961685526	2872.15625898619	2344.20884753471
376	29750.2100017838	21058.7411735253	16787.8513400011	15883.6578060714	15399.5098577124	15047.735489499	14238.7623528405	12652.8004694828	11316.5377190178	33643.0241896262	12406.339891558	4585.39398757594	2837.83810660248	3452.32694628548	4315.54378139908	4016.21840392072	2786.22525048066	2507.35667183852	2387.78155859694	2755.01961685526	2872.15625898619	2344.20884753471
378	31004.4907658158	20966.3931154987	16663.0581522175	15915.2382471241	14990.6876382182	15044.8722519765	14297.6531746502	13040.1990510928	11632.9598227261	24355.3955152129	18773.4071064725	5033.01502684148	3104.26815788148	3452.32694628548	4315.54378139908	4016.21840392072	2786.22525048066	2507.35667183852	2387.78155859694	2755.01961685526	2872.15625898619	2344.20884753471
380	30677.7079055232	21315.5795706907	17033.0656168922	15500.7141602579	15012.2947996131	14988.7234129949	14319.6916690883	13394.2039942556	11851.2001819322	17200.8332520558	27044.4789473216	5384.75796064188	3509.90143931525	3452.32694628548	4315.54378139908	4016.21840392072	2786.22525048066	2507.35667183852	2387.78155859694	2755.01961685526	2872.15625898619	2344.20884753471
382	30967.0988938641	21881.8909907617	17468.8438145973	15450.5936547828	15018.7111814477	14982.8483434574	14692.31787596	13584.6914683099	12416.8785864172	13607.3452617048	34886.0271625198	5854.18956057427	3773.69210666756	2712.96037500784	4315.54378139908	4016.21840392072	2786.22525048066	2507.35667183852	2387.78155859694	2755.01961685526	2872.15625898619	2344.20884753471
384	30136.5949946751	22094.6903479901	17823.6298438244	16148.7199399496	15451.3693481958	15220.9141190415	14849.8422827823	13944.7181505178	12788.2325966521	12278.0494895357	38797.395975188	6628.07800965452	4143.1776483007	2771.61193457309	4315.54378139908	4016.21840392072	2786.22525048066	2507.35667183852	2387.78155859694	2755.01961685526	2872.15625898619	2344.20884753471
386	30042.3401115352	22780.1985590337	17856.0328043474	16136.7446200581	15308.2641727108	15284.8842203905	14996.9797239776	14498.7518701772	13106.3544163417	12162.2050294206	37421.7666199712	8046.81958622209	4496.07825051055	2922.41747965413	4315.54378139908	4016.21840392072	2786.22525048066	2507.35667183852	2387.78155859694	2755.01961685526	2872.15625898619	2344.20884753471
388	29165.7339981423	23010.6728815836	18197.0687177944	16391.4219834326	15278.9823668707	15473.4895185689	15369.1537318607	14716.4681364797	13707.3785642382	12362.1768618495	31902.8140465941	11061.3810890215	4918.73936348724	3165.22026123014	4315.54378139908	4016.21840392072	2786.22525048066	2507.35667183852	2387.78155859694	2755.01961685526	2872.15625898619	2344.20884753471
390	30270.7114234194	23127.2236174678	18871.0579333414	16881.8501852496	15701.485406327	15451.271347321	15653.5656963316	15217.5258565986	14108.1547914133	12768.7629322782	24505.2330567376	15769.9358436047	5306.97293820904	3557.60142220335	4315.54378139908	4016.21840392072	2786.22525048066	2507.35667183852	2387.78155859694	2755.01961685526	2872.15625898619	2344.20884753471
392	31147.2343610531	23117.8858722509	19062.8730647309	17024.11020734	15780.6592958471	16005.6246754322	15700.9029557938	15563.8925497163	14505.2620175779	13307.7430774233	18247.3162106641	22612.5523506333	5762.42655998971	3948.55205647568	2936.53091024378	4016.21840392072	2786.22525048066	2507.35667183852	2387.78155859694	2755.01961685526	2872.15625898619	2344.20884753471
394	31477.4328818052	24260.0256851389	20413.1698799104	17535.3563186502	16235.2373746543	15863.4904550604	16284.1599671129	15943.3269096796	14982.3601616481	13599.7425959125	14541.2678663367	29269.0413091009	6149.98795922796	4281.5937345203	2975.59335316149	4016.21840392072	2786.22525048066	2507.35667183852	2387.78155859694	2755.01961685526	2872.15625898619	2344.20884753471
396	29958.2985347453	25146.888577994	19917.7072190151	17557.5074990209	16084.5367541029	16193.7861042909	16451.3497897385	16302.6926356821	15267.2548650102	14111.2586651496	13139.5233833602	33606.0018678769	6871.33525647585	4626.14816603207	3120.76078763944	4016.21840392072	2786.22525048066	2507.35667183852	2387.78155859694	2755.01961685526	2872.15625898619	2344.20884753471
398	31242.2002591777	25641.5363006662	20776.8352944719	18142.2661427105	16424.4705661315	16310.1025521525	16813.7999653214	16622.6358046127	15952.8762650752	14557.0339623258	12900.2969628883	33958.5245780927	7919.3849710986	4876.55921048005	3211.97936889013	4016.21840392072	2786.22525048066	2507.35667183852	2387.78155859694	2755.01961685526	2872.15625898619	2344.20884753471
400	30730.7450835193	26879.7200373629	21252.2422070704	17793.2667704965	16627.0864716961	16628.0234516419	16777.9515070667	17108.9733225906	16209.2821300056	14991.8724815053	13097.3565584218	30082.9940165877	9942.60323248527	5305.86696108439	3481.97606650535	4016.21840392072	2786.22525048066	2507.35667183852	2387.78155859694	2755.01961685526	2872.15625898619	2344.20884753471
402	31272.4168738602	26294.4517411908	21572.2351058934	18698.6559218821	16737.0367035808	16579.616836719	17023.2782283608	17328.1157691414	16633.6301046177	15309.9727750805	13527.4735238714	24109.3271417476	13516.0473779991	5705.8606748078	3739.46996200944	2583.93157565396	2786.22525048066	2507.35667183852	2387.78155859694	2755.01961685526	2872.15625898619	2344.20884753471
404	31457.4172326705	27079.1896526472	22052.994454653	18722.0841480266	17029.4991462122	16880.1652503164	17319.0609294475	17480.2827186782	17119.4951319796	15792.2382359249	13762.9170375883	18726.0140891836	18673.0242100312	5970.89399349203	4026.02251317812	2494.35317402084	2786.22525048066	2507.35667183852	2387.78155859694	2755.01961685526	2872.15625898619	2344.20884753471
406	33607.7501282199	27414.6485631674	22949.3715103969	19117.6518788283	17592.403754465	17028.2830856709	17436.099881979	17805.2682729177	17149.4361992144	16227.3801391891	14359.3793052869	15278.4879820071	24306.5131564547	6410.85448838908	4370.73721339539	2550.39113827253	2786.22525048066	2507.35667183852	2387.78155859694	2755.01961685526	2872.15625898619	2344.20884753471
408	31442.9067402949	28030.2044562528	23310.2257889361	19708.2350968011	17803.8197912921	17411.2780320895	17712.908927309	17975.0863645579	17678.5086254297	16620.1319050544	14631.3925686009	13619.5424074412	28673.6966117523	6965.87992263359	4677.35443582478	2692.08605115687	2786.22525048066	2507.35667183852	2387.78155859694	2755.01961685526	2872.15625898619	2344.20884753471
410	33468.8325601343	28489.4001624787	23746.5411864475	20027.9978472631	17813.7121339187	17565.1700505036	17807.4135836977	18209.4849270022	17853.1897313588	16940.0011392981	14962.0523456347	13249.2685465582	30474.1961516521	7589.44866224419	4808.25542037145	2940.89790428831	2786.22525048066	2507.35667183852	2387.78155859694	2755.01961685526	2872.15625898619	2344.20884753471
412	33475.5964693184	28799.885953585	24291.4771042901	20221.978965758	18008.7114610039	17596.6267851823	17941.349454974	18412.4251455698	18242.9028011895	17388.705517448	15361.1255016561	13291.0702010172	28857.4495536469	9047.69361050807	5233.79098366813	3177.2126389054	2200.03295934236	2507.35667183852	2387.78155859694	2755.01961685526	2872.15625898619	2344.20884753471
414	32682.0733891608	29477.3215801933	24494.0838499419	20744.7271534436	18052.5932189041	17632.9752409943	18164.2528998241	18734.6980706176	18283.018752729	17511.063487993	16084.8260878406	13542.881445209	24691.0057536466	11287.691637209	5574.2810519894	3451.35324467745	2159.53511241376	2507.35667183852	2387.78155859694	2755.01961685526	2872.15625898619	2344.20884753471
416	33888.742050919	30766.4227315278	25062.4560298298	21187.660989933	18472.9637694318	17865.0894293093	18180.0670418882	18922.3926609881	18763.1896300681	17964.0317522407	16319.6779024187	13951.2982841961	19976.3028111358	14941.6193634044	5904.35611840131	3767.83448579376	2275.86344291101	2507.35667183852	2387.78155859694	2755.01961685526	2872.15625898619	2344.20884753471
418	33858.199798688	30653.756419913	25611.991593668	22017.6302099092	18729.5013148329	18176.891148308	18354.9331781501	19027.3443850084	18849.9802872757	18247.8342798525	16688.4091029673	14417.1740069027	16433.639340901	19447.9666804007	6305.60534468607	4036.47305530555	2423.76898668534	2507.35667183852	2387.78155859694	2755.01961685526	2872.15625898619	2344.20884753471
420	33671.7583601985	30689.7439385989	26306.0857917312	22143.0498262721	19143.6221885924	18406.1029099433	18472.4717932395	19174.317566788	19114.0331210098	18357.1405066729	16917.2881481154	14718.9018963414	14254.7834735264	23748.8848782508	6674.66021754507	4341.86894140445	2621.26471724242	2507.35667183852	2387.78155859694	2755.01961685526	2872.15625898619	2344.20884753471
422	33719.3846976407	31526.450500539	26371.6254567195	22186.0960575754	19699.1385792468	18411.6871118721	18493.5328315656	19258.5615700949	19235.238995084	18876.0881363331	17209.6179522607	15040.7524615151	13504.2974632939	26668.1045610972	7133.80093977674	4647.02778763033	2898.70376226114	2017.47564934591	2387.78155859694	2755.01961685526	2872.15625898619	2344.20884753471
424	34062.5417273759	32221.3190802046	26775.6332648483	22709.843754251	19569.3332570593	18234.8286759882	18425.7704275511	19105.401030103	19366.2369800435	18908.9989741732	17514.865257041	15324.5086670856	13350.8046384811	27035.8392649858	7916.40341548946	4921.90264884544	3160.88587327195	2111.38499932195	2387.78155859694	2755.01961685526	2872.15625898619	2344.20884753471
426	33470.5892830888	31804.6774100835	27479.3330685959	22855.2066486912	19831.1845832853	18478.9723057975	18780.7743954086	19023.5599381739	19352.360695692	19232.3352884241	17751.2302185583	15566.8310993431	13489.0728952019	24726.2899843502	9173.59523501427	5279.84161567867	3420.72305024645	2134.37783058271	2387.78155859694	2755.01961685526	2872.15625898619	2344.20884753471
428	35001.8419265849	32094.5286322272	27523.2177802177	23321.6283584932	19830.9893609817	18242.0227189893	18593.3479203024	19207.0138650988	19551.7164762367	19246.0204558969	17964.5964909765	15973.0016166451	13804.3352267487	20871.8127737129	11347.2125070119	5567.30047523206	3742.82085054071	2325.50944749588	2387.78155859694	2755.01961685526	2872.15625898619	2344.20884753471
430	34747.1948916817	33225.9211311487	27827.9700882874	23580.028657993	20020.6398877689	18506.8087458901	18575.2901969874	19035.2304651142	19496.2394798105	19461.8721438534	18203.5837076329	16152.1351419993	13945.4621018418	17404.7918809689	14475.2861913465	5880.87514848925	3944.63702728145	2465.75699810797	2387.78155859694	2755.01961685526	2872.15625898619	2344.20884753471
432	35811.286710387	33020.6929559859	28146.7344115785	24017.7878061634	20518.6860516698	18475.8549692616	18520.5555528283	18893.7484952195	19398.6796407411	19493.5310078084	18480.9684759984	16442.7624111402	14281.8153935826	14765.6993200097	17888.6796827522	6276.73929886548	4250.06218686228	2646.79552578957	1931.23773605469	2755.01961685526	2872.15625898619	2344.20884753471
434	34179.2823563809	33244.5660502361	28674.3659201147	23975.5243437064	20175.6148003583	18818.8155912162	18595.6164494426	19178.4737479382	19644.7360551432	19613.008614415	18605.4406845406	16664.2564913591	14608.4882013195	13512.6031452063	21137.9251995007	6623.70371539259	4602.87690243964	2912.28837465826	1968.52984590524	2755.01961685526	2872.15625898619	2344.20884753471
436	35654.3729327066	33522.0594616459	28619.5312149595	24304.5862499876	20809.0903482154	18767.3033034654	18430.0559731629	18966.2470926008	19617.343993331	19765.8285006655	18711.5716108014	16781.2791236903	14839.9155532744	12945.0229748442	23085.6659323929	7144.62706585407	4887.97210107995	3219.86307241142	2072.79527421204	2755.01961685526	2872.15625898619	2344.20884753471
438	34792.6449433518	33546.6698931768	29272.5556055553	25119.6259034766	20636.0801390363	18816.5402641322	18618.8831266449	18825.4259513865	19452.9473721603	19741.1641208978	18767.5290085994	16982.6753150803	15158.0667870535	12968.7537718227	22996.3678204269	7888.66286869997	5214.99723048301	3535.0824671431	2150.47666084506	2755.01961685526	2872.15625898619	2344.20884753471
440	34587.3104699356	34328.8240368354	29114.1539396662	24369.2568722904	20981.8766290309	18828.4003733252	18471.6766602941	18976.9521621527	19545.1740493135	19881.8991745486	18867.4075631192	17234.3096740854	15197.4478322887	13152.9095442323	20977.2052807873	9220.25138623516	5502.64162445741	3712.74551805122	2319.62193687247	2755.01961685526	2872.15625898619	2344.20884753471
442	34583.5035848764	33680.5080281387	29342.4920933583	25021.1619008601	20977.404930837	18783.1366199791	18363.210731299	18901.6439015659	19384.4917977818	19651.2457810921	18955.5588710436	17288.5210148013	15364.9594553427	13283.150508958	18102.096730822	11280.3498978753	5733.51309632141	4003.84029149159	2524.05047688765	1896.25318768006	2872.15625898619	2344.20884753471
444	34498.0634047515	34230.5254847812	29648.5536597964	24983.6610989847	21116.1100946245	18644.390752424	18505.2674026743	18880.3767649184	19278.2527399777	19541.5565540016	19074.2477214677	17347.2230155547	15552.214638998	13447.9653684548	15252.5587182007	13879.8274861103	6006.73120419937	4225.88596286866	2753.57043629326	1892.85125829324	2872.15625898619	2344.20884753471
446	32877.3372579086	34045.1166439837	30164.5566381169	25133.4936949318	21060.251397859	18984.812161884	18271.2965630904	18694.0924265066	19176.3493069157	19541.5099068069	18946.1682556789	17530.2435949865	15689.6051385175	13566.6238026351	13272.2889439778	16876.2677960028	6343.96536612611	4514.1585311203	2990.37915815779	1990.55507740567	2872.15625898619	2344.20884753471
448	32850.2265171026	33851.2471512016	29828.2241655737	25502.5585024429	21356.7548818271	18883.5813272263	18225.4216785453	18590.0613084398	19071.1925754374	19529.8217298091	18953.8360362193	17419.1152603329	15802.2950863977	13686.5118387816	12186.081227334	19272.612356363	6770.13035421268	4681.43095642815	3210.86015232232	2073.35942408853	2872.15625898619	2344.20884753471
450	32856.6510743077	33590.300420018	30155.6944006462	25304.6785430265	21279.7525661896	18562.9986624833	17958.7358929356	18656.4065873611	18849.5645539602	19344.5545298478	18969.1269118841	17700.5493466715	15968.4460598367	13888.4473904644	11810.0538975329	20140.353305223	7301.23540091378	4948.04737843629	3498.89231163382	2224.50399879079	2872.15625898619	2344.20884753471
452	34056.4069283157	33794.2410250855	29930.5817730106	25824.5016769977	21087.6967315994	18806.3260726451	18087.2678601183	18311.5954229307	18750.1801688014	19182.4015523606	18918.0687969822	17517.3102190798	15957.7675481909	13931.7628355993	11775.656155131	19432.116861999	8174.97933698816	5252.6347276872	3696.87930250937	2372.48108765257	1758.56028832044	2344.20884753471
454	32782.7158699115	33696.6138209459	30078.6748332159	25792.9859354442	21300.8697001163	18636.9238780553	17903.8008589742	18276.6356523078	18603.7567660424	19239.2315672066	18822.3375981423	17472.1755930356	15746.7178261536	14127.9586132816	11726.4436888947	17548.4501907052	9670.77499872126	5449.82716449987	3830.8398105056	2508.34543423927	1746.15899864473	2344.20884753471
456	33351.5483159003	32180.0940083483	30243.041829976	25654.2303756867	21379.7470310262	18463.2139761388	17783.9760213587	17956.7751900821	18615.0345481083	18926.0876285167	18716.4940643933	17462.3989990957	16029.4472987368	14134.39013441	11909.5147524536	15096.7079062226	11756.2168839644	5627.51998153485	4058.27168563555	2728.92848972885	1771.52889454651	2344.20884753471
458	33097.3093702827	33081.3019470491	29948.1964778605	25877.1826415655	21454.0008066713	18272.9380767943	17564.995717549	17813.288652779	18366.1645052982	18868.1526866439	18607.5664680903	17403.437481393	15937.2384616548	14294.0034743066	11998.3362588223	12821.0975825591	13993.5266001614	5870.68118977473	4284.886979535	2875.22438661015	1917.1329105942	2344.20884753471
460	32925.0885173318	32965.9277435614	29939.8980092034	25558.9371280659	21023.8557104994	18411.888434697	17497.3779562016	17647.7106306882	18240.0905437075	18596.2492191829	18300.6757772784	17304.7629810379	15922.7326133505	14250.166110726	11991.8942110695	11427.5598539572	16165.3245485879	6121.30607339911	4426.00656092576	3059.83164426879	1964.08051100077	2344.20884753471
462	32925.0885173318	33032.8971173676	29701.6115677367	25544.9438645571	21305.7931561212	18408.9633729498	17294.9830304942	17475.0698537817	17895.3228116787	18565.897138993	18252.6482665179	17240.9499744127	15861.5474468487	14224.824683171	11989.0337451536	10782.0464349684	17292.583175609	6385.49878233127	4636.58416427827	3238.5841046764	2083.99763160294	1591.78654035411
464	32925.0885173318	32423.6839392745	28691.4969633264	25522.23028135	21127.8452979341	18208.0943459478	17185.8140846356	17312.9552428822	17691.3007213245	18095.5384849865	18011.4802560902	17007.2032882341	15801.0793953782	14157.3691935234	12027.9198256751	10334.4875848836	17410.2009634255	6941.17318933445	4845.23833000437	3412.66763558286	2191.47207115991	1558.30164520977
466	32925.0885173318	32311.1951055904	29371.6990334189	25483.8342049664	21065.3267447171	18204.6832276948	17015.4173170747	17002.18332462	17574.9370911387	17984.2356875935	17837.7384602862	16828.3881697108	15659.6871403992	14080.1740485391	12082.470534089	10246.6599320243	16164.0240491699	7989.38789797678	4921.723993451	3502.63490822826	2299.10408521364	1623.01562150618
468	32925.0885173318	32575.9804946588	28820.244650572	25329.7052190631	21110.4272169929	18118.2993154985	17007.1863465494	16941.3538268639	17209.8735834389	17913.143679756	17721.3396629868	16747.0856720334	15445.316176675	14239.5570879099	12114.7880741233	10328.2267808291	14197.8331147214	9359.30334353762	5035.78844470816	3633.342584185	2451.84924408262	1654.26996403357
470	32925.0885173318	32066.5506616696	29034.1629184029	25222.3849832349	20743.9140072894	18032.3253755681	16793.0488862065	16631.0867846642	17130.5809416942	17668.4516019652	17468.9927759237	16567.9784256488	15550.0578281091	13977.8423078678	12019.3771327987	10309.7176120192	12175.6520856274	11198.4474733048	5197.29101471288	3770.91600136945	2593.51296192575	1694.96298676007
472	32925.0885173318	31627.3167877776	28684.5099864319	24846.8291468032	20762.1422505208	18132.1707050417	16482.7673675971	16385.3535002248	16819.6992023464	17396.9714384572	17232.561813044	16400.161396219	15462.6824046688	14136.0737929547	12092.2879937645	10321.2084116189	10656.0102505903	12952.1709117859	5375.50266380476	3911.82614238582	2714.45259977378	1796.99147127528
474	32925.0885173318	30492.9025093135	28328.3310307015	25249.893154242	20911.2481438597	17774.6780372354	16363.8506875739	16354.2729041408	16604.2226081552	17117.6965984233	16910.4876841164	16197.8651754162	15174.9373365248	13987.3886843434	12111.8362693493	10321.5106482332	9666.95386333405	14436.9800949542	5490.61119354664	4007.68776944231	2822.05801842823	1872.62222222214
476	32925.0885173318	31167.2390364428	28752.6528068262	24996.9900330517	20512.5220390353	17939.3452217336	16374.5786614959	15926.6731693128	16332.7975346477	16760.8586356308	16617.8580792246	15877.0653403016	15043.3832275156	13858.0024856382	12013.954230481	10409.8643450853	9233.26926631564	15116.7317792111	5821.03926199886	4190.06061048094	2957.42080763271	1960.38669692093
478	32925.0885173318	31435.8587368533	27887.4025175411	24605.0780970656	20269.7054111343	17395.2825961314	16171.0408745194	15704.9632068615	16072.8403869716	16463.1892698171	16577.626954308	15560.2182608745	14866.0888188388	13638.0422856488	12009.6688737501	10304.8910783262	9048.15022051269	14734.0001880041	6421.03505578194	4242.27425601833	3035.3510079423	2134.57604643216
480	32925.0885173318	30376.6692787481	28191.8648595807	24415.4053145978	20062.8627944149	17299.3019381484	15784.5707716076	15608.8216500209	15665.9021794479	16175.2908653744	16254.9093478778	15513.3833736468	14640.4965689864	13567.5014211403	11995.403362795	10341.1435543378	9082.57788870063	13514.2506605098	7297.36819986988	4402.68733639465	3175.35981897267	2206.98350592457
482	32925.0885173318	30376.6692787481	27740.0079114176	24095.8340930156	20063.9957257291	17189.9865901042	15755.9394578709	15322.7952414033	15567.5654694737	15677.7099559313	15910.3542333821	15135.4893304048	14438.2826793999	13448.3815423901	11895.6493059158	10282.5598420658	8931.32084847405	11669.2126647473	8494.52249654807	4446.92349509645	3268.02738619802	2304.77962565933
484	32925.0885173318	30376.6692787481	26668.1485940608	23871.7923792027	19738.1000681283	17055.0770734522	15438.6191167153	15169.1795763968	15194.0886033208	15604.6216636428	15694.9943708784	15010.3729822141	14273.5809778961	13271.9906448168	11700.9051295649	10244.7434331461	8864.27816022479	9959.94458077776	9834.89483102036	4540.69000936181	3304.72237016228	2451.50069111291
486	32925.0885173318	30376.6692787481	26770.4224207149	23871.6676359484	19678.989746792	17040.149763633	15215.2099807625	14883.1924520448	14971.96301518	15343.0341739706	15303.539963967	14677.7087107794	14021.1862717743	13034.8673458969	11605.7753354051	10113.4025512225	8772.37439380517	8864.55068407076	11402.7417070006	4684.6030595889	3454.30642489922	2557.60906653857
488	32925.0885173318	30376.6692787481	26519.1645955886	23461.963407882	19262.3122497973	16821.2155797993	15038.3902868953	14628.4460044741	14633.3077653474	15088.7612513466	14895.0400130768	14532.8700331493	13785.8405268908	12856.4917080163	11524.1095934378	10022.5775533132	8699.13597345058	8082.27516378848	12446.6189898501	4829.1800260368	3460.98388163777	2583.42740086896
490	32925.0885173318	30376.6692787481	26055.015365629	23129.3190255934	19289.5018730417	16403.408145559	14965.7646586898	14361.9699390495	14494.8505042873	14809.9062734435	14785.4885114767	14229.8830571827	13615.3294605681	12798.9497836525	11311.2843692158	9997.38175858982	8769.93311212301	7641.99438653655	12722.5312211925	5098.8003155836	3603.24453005061	2697.8923980122
492	32925.0885173318	30376.6692787481	26275.9388389216	22957.0295991968	19019.164114533	16213.5334492502	14792.8338297624	14160.5519624038	14400.6600913269	14433.8589752961	14429.1123619126	13956.6783029076	13401.7405359842	12523.4374387554	11223.2020443842	9853.57746204701	8686.14457408256	7546.8138810057	12258.6656823386	5515.11276075835	3695.89849587093	2736.94706380257
494	32925.0885173318	30376.6692787481	25374.6069723137	22781.2824191016	18670.7827797412	16251.0291937205	14345.0839236405	13700.595903944	14109.9908532709	14280.1925944787	14214.1583684555	13812.0254609888	13062.7085652824	12347.6291452497	11042.2137150545	9708.60793402398	8624.87129229828	7530.55674541472	11082.7510349254	6281.9899104609	3729.5575503184	2795.05143230376
496	32925.0885173318	30376.6692787481	24769.0423689419	22221.7929655508	18613.2005840738	15921.017474938	14227.7183352618	13817.1240162076	13717.99940091	13835.3670009062	13968.7370869435	13430.2764623836	12835.4696625904	12042.984204487	11016.5013933053	9738.61139156117	8673.7275206689	7406.33383476241	9654.67855711175	7150.34940133024	3806.97783253626	2941.16913456387
498	32925.0885173318	30376.6692787481	25438.8009472261	22071.9209036184	18598.6292768627	15674.4003683641	14117.7557895685	13505.3133795553	13462.3344803158	13580.2529057888	13565.0434518618	13038.5302435134	12580.4184138277	11921.2615619466	10790.7618213503	9600.88293815155	8373.623507724	7367.26727188173	8241.67857283285	8370.33939221388	3860.30490651304	2982.71444844538
500	26835.7004461817	30376.6692787481	24669.3891997015	21854.0820940638	18250.9959432937	15216.9669406926	13666.1314205204	13392.8471692142	13328.1024797801	13291.761612298	13272.9465207397	12734.9622852514	12329.4015924821	11668.4045947799	10564.6410898161	9492.96465269486	8392.74769161509	7247.849209077	7208.20495914885	9473.9759956913	3908.38417206159	3058.40087494407
502	26123.8693728365	30376.6692787481	24669.3891997015	21497.5498792544	17956.8578697781	15183.3559743718	13540.3240582753	12998.7827993389	12863.9666191001	13048.6721080193	12804.7164087992	12489.1861237517	12157.9468328982	11449.8036524298	10361.3408758613	9410.7973608205	8271.438531399	7239.17271946413	6639.25771186015	10283.5577311002	4008.19224588129	3097.36757630656
504	25948.1292766282	30376.6692787481	24669.3891997015	21272.8316035004	17748.583413917	14940.9357263312	13473.8260285523	12895.1932883643	12745.8339765896	13008.84649037	12603.0469414167	12313.8770009266	11841.1368722206	11280.3159130738	10291.0250076102	9275.26613189667	8180.03401180806	7174.07340307491	6396.0432735227	10444.1762056281	4274.49088174611	3115.55747479754
506	25055.4438375169	30376.6692787481	24669.3891997015	20746.0331412259	17244.1604030941	14738.4043939861	13393.6487440221	12456.0124527727	12487.1346077039	12431.8482680644	12317.4643626507	12009.83378555	11665.2685888084	10945.71312546	10101.8267796033	9046.312477006	7996.36429696779	7029.04448511022	6116.23789476274	10247.2779445903	4655.87173366944	3230.25402145791
508	25493.157763621	30376.6692787481	24669.3891997015	20234.5807667127	16843.5003361634	14396.9207740405	13024.422840861	12376.8055956921	11986.5597680859	12277.6683122786	12007.466058941	11768.4384831034	11326.913870615	10842.9369148155	9913.49671687876	8862.13764148091	8078.56654751824	7020.24567139667	6113.62469217036	9357.93061261828	5346.19791417949	3181.96127791078
510	26509.9435672687	30376.6692787481	24669.3891997015	20105.0142995096	16854.4958392362	14261.8638937466	12839.4212169473	12070.6696100143	11982.8776448918	11957.8893983527	11989.0497082924	11404.2183150445	11131.4131013557	10662.3079230853	9609.11026634546	8756.44479947906	7929.17703632466	6919.99903699305	6048.87882636448	7983.85329064272	6011.88429930509	3247.71691380044
512	28891.9273366946	30376.6692787481	24669.3891997015	19804.3274522184	16519.7265056277	13980.5035271488	12558.9086780002	11820.9494313714	11746.5507832383	11672.0399471561	11518.6337035369	11219.3953355244	10700.1560075508	10313.1571724705	9621.10997873031	8584.96956111723	7789.08557795282	6766.04662542231	5979.81280600689	6925.40108364489	6883.85739090879	3274.70694439996
514	34089.2631680459	30376.6692787481	24669.3891997015	19670.8911771179	16512.3582599591	13928.9959116449	12348.935386504	11600.0458848653	11602.1799596203	11380.3370736145	11344.9552987729	10845.4287875002	10582.9541205676	10193.6767011659	9414.60940352936	8546.14444589537	7712.98326102714	6789.14939363183	5861.81824393604	5959.93449924586	7808.55372901991	3297.49856980277
516	41414.2965279328	30376.6692787481	24669.3891997015	18953.6829742482	15915.1855760205	13488.4718359953	12093.1068636887	11429.5883365355	11050.176845377	11236.6896496988	11022.5944119191	10738.0271520601	10421.6581293825	9923.14937151775	9200.8976550811	8369.36123304914	7439.03703060709	6749.39570344544	5816.16835731763	5479.79734640939	8512.56503839013	3429.37825895044
518	51609.732994858	30376.6692787481	24669.3891997015	18880.7381327279	15773.5644779767	13347.7254279427	11934.5109928875	11058.8860556133	10915.1827605322	10907.2734176623	10747.0866636394	10509.3462410008	10144.4583151058	9766.74681983378	8890.07293743459	8152.49959644184	7392.28439918944	6602.75860559043	5758.42697713039	5117.27137669144	8701.95056722382	3683.06123800175
520	62739.646286035	24703.7722509579	24669.3891997015	18783.8068764627	15287.0398096564	13094.7937982512	11610.1458548634	11034.7593973654	10849.7848894522	10602.5605921762	10509.5911469422	10341.3729146144	9902.64347095261	9553.57599054334	8821.0290852433	8053.56507564007	7190.07492617833	6536.81348822407	5581.17545968604	4967.9349570588	8428.86072052777	4011.47869987672
522	75053.421043058	24666.8299383396	24669.3891997015	18783.8068764627	15014.1861163017	12754.8971629102	11649.2682190957	10745.7329997867	10610.0097903993	10394.070599275	10373.6004440764	9965.24839156884	9699.09979537731	9270.20157540634	8707.4781380003	7787.73868834167	7164.89164350582	6351.32192976397	5617.14852691481	4911.81169855931	7601.31343420733	4433.65017010913
524	80474.5455469977	23274.3490738228	24669.3891997015	18783.8068764627	14958.4679618634	12703.2414181325	11319.0860676951	10450.3752854099	10248.5836523158	10071.5295075947	10000.4552528584	9741.49188320939	9323.77888509495	9031.31552002792	8513.78031730391	7710.44177794883	7047.01926308801	6254.93070166585	5451.70139185089	4802.86589805271	6763.86239303418	5125.88190796465
526	82802.238155788	22390.1332778642	24669.3891997015	18783.8068764627	14631.0674659508	12344.4175202182	10956.796067532	10244.0538679966	9946.00693051039	9920.08858777357	9698.81311438106	9354.04764536524	9135.44952651705	8869.23256919765	8246.93036177044	7484.10093575869	6962.38601155059	6159.67361650472	5404.36527077127	4852.34979416439	5707.96022275434	5819.75949418089
528	78426.5877052543	21101.5184505914	24669.3891997015	18783.8068764627	14107.2774850838	12184.7979351624	10972.6296594833	10219.4872718202	9672.34266926735	9637.04281558646	9375.03995125796	9240.29719490146	9001.41826420479	8605.54443250263	8002.20857854454	7366.59771834075	6759.47559508667	6028.56311829413	5302.62296880664	4694.01565155226	4954.68268345212	6616.11318604964
530	72109.8858693131	22176.088502075	24669.3891997015	18783.8068764627	14179.0285851714	11865.7168068175	10666.1389730355	9848.28947422685	9465.08918144647	9317.42136919106	9275.88269678677	9035.46674549232	8666.28768295481	8581.71422040231	7795.2568222358	7167.25849502209	6575.92756163921	5915.70918273711	5362.4970914174	4608.93806624658	4461.6866525699	7000.92896035714
532	57760.1806794589	23558.0182090844	24669.3891997015	18783.8068764627	13760.6837782195	11645.8553213141	10204.5445011139	9687.86553732096	9393.74815238893	8933.3094931251	8927.56100434354	8817.50221597906	8365.14077722879	8309.93006287717	7590.60997657803	7141.70926125902	6455.00205027501	5845.0120123124	5256.51090143366	4554.51616088082	4049.63696689753	7229.50165780368
534	46230.6292443718	27035.1347310535	24669.3891997015	18783.8068764627	13776.2200861521	11613.4151896594	10215.8688154343	9354.00212660732	9140.51520366945	8984.93695658393	8758.97747088296	8607.81025613546	8279.22657456452	8157.85931604773	7600.89908964147	6926.82271488903	6315.99199897992	5639.19596468076	5160.55058562065	4474.27191573962	3954.80847863026	7034.02359697397
536	34930.9365166185	33694.3202298195	24669.3891997015	18783.8068764627	13297.9501004207	11260.2078474841	10036.8843174559	9259.45339948683	8818.00275056727	8520.19187372017	8701.07049016491	8201.44732324566	8073.22538492128	7804.0876909444	7241.79434940814	6801.14465155054	6160.53271747633	5593.2541274705	4975.82005823811	4358.39304536853	3879.09088533602	6296.99291934017
538	25705.0764216406	44212.5588692679	24669.3891997015	18783.8068764627	13314.8017204664	10962.4758044182	9853.10222669478	8722.8211848865	8694.8730907602	8458.12375930706	8310.2412773051	8049.62947388268	7798.35739032968	7524.65939632333	7142.69028054405	6673.82189617377	6062.0687670896	5486.40357148968	4895.51865903048	4307.64150376681	3794.66773596725	5413.49208602883
540	21601.2018174464	56138.1464975577	19545.8274023027	18783.8068764627	12707.2442358206	10774.7481533516	9478.00293120258	8582.87663230395	8473.9097210618	8131.04106197968	8114.24427789517	7952.01249933926	7695.82838863033	7418.74373398562	6962.7541537744	6382.49630660779	5889.39460329754	5389.14827521703	4818.60544149226	4252.4550427431	3677.35676479315	4600.59146673332
542	18028.6689181906	72569.6008599724	19070.1224492799	18783.8068764627	12707.2442358206	10646.325847207	9380.21319779471	8539.93333073517	8291.75612113383	8026.76186711299	7826.33510158573	7737.54360367339	7342.75696009483	7183.89783175497	6789.70724521416	6300.8159266382	5764.34179992358	5244.76740553786	4690.75849834708	4104.71900794066	3652.10079494767	3968.2309804698
544	17294.7513861828	86784.9221489851	18941.1283880598	18783.8068764627	12707.2442358206	10172.1631251366	9006.45497046308	8186.82645569665	8069.43004349608	7821.41351788727	7619.84231545239	7382.50491544082	7128.78799481449	7066.02196976935	6540.65042426563	6180.61155459182	5715.68090942233	5199.92306976953	4609.04390099173	4032.82293040134	3515.10384288162	3432.27218930494
546	16048.1566911602	98530.5710579866	18415.0288575696	18783.8068764627	12707.2442358206	10010.2551332017	8742.24877135868	8113.76542416254	7765.91654689695	7628.21650993866	7342.09202220204	7194.75764238087	7088.07998987399	6750.45085049805	6270.46067242431	5964.28286207963	5507.75537539332	4903.84469753928	4458.99871525561	3972.69102135077	3493.3812915474	3257.58189612853
548	15562.9449846927	103506.192574259	17704.5564799179	18783.8068764627	12707.2442358206	9912.1237864938	8576.37195884261	7906.76874659946	7577.28832190162	7326.22976266167	7254.51693345226	6962.05342535533	6795.12804115275	6626.32598473447	6189.49333368778	5824.69688867241	5351.2044029863	4904.96027889908	4312.26569440744	4003.19728809881	3444.46694839775	3066.87458945567
550	15625.3031652332	101598.261412542	17240.882271183	18783.8068764627	12707.2442358206	9561.6756475803	8367.56966233239	7745.04748837056	7354.9584270524	7077.19155501354	7059.56252469908	6774.24452810831	6688.31085937758	6480.68098474592	6027.01514811883	5526.20339289125	5241.95476836305	4727.37027170812	4255.37948014829	3865.2510861625	3369.53872925215	3008.67014450449
552	14571.3577651665	92915.2840851862	17380.1780132588	18783.8068764627	12707.2442358206	9392.78376469168	8490.50685928739	7544.18144744272	7265.30313846279	7039.58155134979	6894.12272309287	6615.47834246745	6367.50746628325	6190.60521411774	5846.44081879083	5403.32764229754	5075.45751108671	4628.51937527127	4166.3026168258	3737.28229947094	3342.23592082638	2964.08698933144
554	14682.9047670453	78425.1962650341	17768.9412919424	18783.8068764627	12707.2442358206	9475.87877118754	8070.17698254511	7235.70884257782	7063.46963709022	6665.49444648053	6554.93269338981	6398.17983622115	6208.17970631137	5993.26768323309	5745.62655975957	5380.82522633945	4952.31689344154	4492.02960401924	4129.85383578917	3695.45536821028	3183.32973560156	2915.79456776259
556	15328.1094478639	63667.4104566527	20308.1255083592	18783.8068764627	12707.2442358206	9287.68963995268	7929.60165765465	7219.81544908024	6846.16731834558	6654.86375452969	6478.09145536914	6183.2477563005	6042.29924768354	5819.5407730524	5549.36303722355	5054.08803885811	4855.47122969803	4330.07527041966	4003.26329224853	3554.46443375192	3172.60892499226	2795.05591530028
558	14468.9525091813	48297.8949203934	25515.9967059367	18783.8068764627	12707.2442358206	8999.13783002635	7829.33808326934	7156.83370975689	6668.468291711	6420.61184870658	6375.10612562056	5967.2530304481	5950.32532037705	5711.16563364605	5338.16217933367	5062.63739166081	4691.16631336653	4391.02942753937	3882.42728752026	3530.22821269534	3047.97202046344	2805.92179739172
560	13756.6139690437	33989.7040685155	33382.0778670672	15949.4688174141	12707.2442358206	8880.64374268493	7571.45050764049	6805.03054455387	6410.80093541624	6114.18849327373	6078.42185873294	5903.24137592854	5705.10916945714	5576.34334357724	5268.12365962315	4882.16573194155	4540.41838863495	4121.8441302502	3767.64788502531	3413.7286258205	2991.59701011857	2721.02504625737
562	14629.7912289841	24280.3285579104	45253.1651046977	15303.4402240736	12707.2442358206	8880.64374268493	7438.81199164584	6537.49766813547	6270.41726809677	6077.23937566793	5920.57694717392	5705.3442546758	5565.99196985915	5399.69434326843	5148.04468836475	4710.59100984523	4437.85170553267	4083.04618382261	3644.04450574036	3277.35292707336	2911.28243624509	2635.16449619372
564	13414.0836656062	18889.7542426813	60801.0755616471	15243.0364862574	12707.2442358206	8880.64374268493	7259.42183362963	6506.55584931567	6120.56859893914	5920.75219592486	5791.61836685057	5575.42784898725	5363.47317765326	5303.86884729325	4892.02858893668	4607.1799319135	4293.11629809031	4010.10664536375	3625.91715793653	3185.60946139997	2898.03997818896	2551.00545588738
566	12994.6331721898	16162.5664931269	75795.4048947228	14951.3700015973	12707.2442358206	8880.64374268493	7005.24019538405	6287.67050424405	5998.48934287874	5739.05401099895	5574.43047304038	5364.71409291033	5208.94237428675	5093.06976366691	4800.28678075626	4498.71291384378	4192.61800402659	3897.98727005512	3539.15674853861	3160.8710656698	2822.25322409977	2580.4675927743
568	13339.8492051268	15054.8359521564	93431.7836998213	14168.0572352029	12707.2442358206	8880.64374268493	6754.83586720109	6261.26877326121	5877.5656096623	5565.4273890569	5350.12067102337	5163.23227039942	5006.14316735628	4814.61507621523	4576.93542681712	4363.47867044254	4140.90342472752	3780.55898866522	3452.11033764012	3124.42236242297	2724.38737575546	2484.06020662401
570	13360.9764402284	13796.2839013073	103657.93856684	14507.2014616086	12707.2442358206	8880.64374268493	6688.73978601448	5995.77171268757	5671.03956822392	5345.59964995818	5188.41762168245	4991.55190278454	4908.00730937587	4777.99394611737	4476.45778963562	4173.7101003642	3961.28023867208	3633.13433522069	3351.69217354463	3081.91947314972	2619.82513680908	2463.87725169125
572	12582.6039026056	13145.6301772613	108951.561805977	14187.2048468892	12707.2442358206	8880.64374268493	6678.81438230324	5846.99234938704	5567.14673749572	5228.58178450924	5109.276226675	4903.23722255218	4788.97483493681	4521.25033984044	4399.63864881295	4059.38625636591	3876.62997817531	3514.32765355653	3182.48649398768	3068.06095633755	2621.59117899241	2387.61587987634
574	13342.9616248083	13132.2488176361	104794.837864784	13709.539204385	12707.2442358206	8880.64374268493	6506.38498742521	5706.63719390048	5492.95254425079	5213.71004370914	4978.77638497297	4801.28691431094	4670.31016479465	4547.99585453941	4164.54916257172	3976.26669560518	3798.62820145942	3452.00814579774	3144.49521059639	2811.87207156017	2535.39104163602	2270.98898470933
576	12028.4306558639	13054.4498091433	95729.7172369055	13996.2340633792	12707.2442358206	8880.64374268493	6258.728604856	5579.44334732748	5175.71598921184	4890.9727967656	4759.07464540253	4645.27835990676	4369.17189470212	4421.18606439751	4103.34678135811	3817.83838534433	3538.17167230736	3397.20644233001	3113.49313965587	2732.56457234108	2546.56565370275	2282.49312670336
578	13098.8048151788	12163.0646119301	80459.936871036	14131.5658192056	12707.2442358206	8880.64374268493	6458.83725635326	5341.74517866517	4940.0338167174	4773.26989618649	4577.28099146359	4454.75803655918	4265.46625530031	4278.09225146935	3937.69301928544	3724.03444791507	3542.96709665658	3298.09353598049	3003.58034814466	2687.59979145312	2430.86445385216	2172.74238905863
580	12563.7542836473	12137.5846406281	62018.7500478252	16131.925275681	12357.6048301974	8880.64374268493	6298.62151755159	5345.39663757605	4889.50496900965	4557.91052225792	4441.73150560444	4367.37257817157	4240.49576064016	4103.70253391718	3833.56354653098	3597.36555368525	3352.09880623676	3198.91871993877	2851.31896145218	2624.7542896958	2378.28357882042	2148.91341694123
582	12314.3552836113	12156.563609688	47737.2982400831	20539.5712878513	11897.1225751148	8880.64374268493	6298.62151755159	5128.37296413126	4794.97360130232	4469.38970980107	4324.67987567237	4165.16024127125	4064.10729256137	3933.17686070822	3764.20359124768	3527.14052761792	3387.49697440854	3033.45800135854	2794.27657999276	2549.69363072429	2258.50510429631	2066.68432774522
584	12325.0489933574	11532.8022536214	33351.3217193976	28390.2081630934	11333.490869437	8880.64374268493	6298.62151755159	5115.38895303235	4736.28419982572	4349.72121780728	4210.48200670106	4074.78744393458	3987.30638428647	3753.96452561809	3558.05799137074	3471.86888374494	3223.17677136455	3018.09794101057	2781.4044078521	2469.59526693777	2254.36778687895	2039.77870648958
586	12015.7945642271	11846.1496858472	24267.3108985033	39506.1830250026	11303.521266292	8880.64374268493	6298.62151755159	5004.58154976687	4509.85137127848	4380.02054672856	4071.89965336449	3880.70820764827	3783.89298712593	3710.23075293591	3476.85107255235	3286.49291580706	3129.99636409125	3014.86869407224	2637.51627268013	2424.24667914112	2235.35596503071	1998.25254780127
588	11170.3676972179	11027.3144644594	17008.5926908969	52772.5257625294	11137.298442849	8880.64374268493	6298.62151755159	4938.60798998873	4397.43726152284	4057.33356813676	4001.14638772613	3815.03737853335	3606.53629056581	3583.99076677894	3388.50212771667	3170.29789451663	2949.39219253303	2802.31615375411	2596.46993970875	2429.36232025496	2163.21578590861	1968.76669239735
590	12285.3311959075	11226.2868187545	14415.6935526835	68450.1759178036	10940.4507393186	8880.64374268493	6298.62151755159	4821.77325422062	4159.56508311302	3989.690539691	3825.35091749714	3710.12676284221	3514.68012032401	3520.63589812042	3222.37167191725	3107.63778463504	2983.53180078318	2703.29144210677	2487.76872711775	2261.79307572636	2121.31900901617	1927.95040786319
592	10770.6647806908	11025.6978597882	12811.0785458421	83754.2043668869	10445.5699341115	8880.64374268493	6298.62151755159	4581.72254458231	4168.46231489209	3831.42434800671	3752.18885973382	3542.9203254878	3466.49219205445	3387.91180236092	3221.23207923372	3081.90253069959	2790.65906127339	2677.56170709053	2407.69502105639	2312.05436909858	2015.68351928546	1891.11124813488
594	11665.0337532383	10478.95724547	11965.1551990509	95681.0694509644	10500.4613652343	8880.64374268493	6298.62151755159	4563.15372679076	3966.56403112259	3868.86630770136	3587.47885197893	3457.43766379898	3322.87859301847	3333.09344007653	3047.42854798792	2898.44886945292	2758.11057511556	2556.97612392818	2365.17336976986	2192.7188691232	1961.79805757493	1779.94158107557
596	10909.1021715956	10574.9071602629	11493.1080276955	103077.540760195	10146.4465681074	8880.64374268493	6298.62151755159	4668.3693299829	3845.48001408887	3666.09492781258	3437.87599336188	3405.71951234918	3262.7177928921	3173.01659236143	2941.16931711827	2848.55712345618	2665.45733446401	2476.51637445795	2337.90803443573	2178.6507540801	1883.27420349244	1769.68198836748
598	12280.0132500828	9949.77340191777	11485.1232893123	102258.052584047	10219.7351558759	8880.64374268493	6298.62151755159	4480.55009965208	3765.2981693032	3530.36303004716	3434.11055816685	3228.67761156247	3146.97612085641	3006.04889804006	2866.01370719315	2721.91022281748	2529.16223355789	2481.9345308813	2270.48836613331	2096.23706940299	1914.11908668409	1688.55989955048
600	11926.4430901348	10002.4563957033	10663.5221686713	93874.0060631244	10551.9141399609	9221.27382045428	6298.62151755159	4375.84392842332	3756.90144970774	3441.26877958881	3231.9258791354	3125.87434305765	3032.96290035151	2938.20757474545	2764.49699248186	2649.85079269354	2510.52778403833	2383.91035959605	2158.50906580759	1954.88850387749	1768.11415008233	1577.83333623984
