Wavelength	240	250	260	270	280	290	300	310	320	330	340	350	360	370	380	390	400	410	420	430	440	450	460	470	480	490	500
nm	CPS / MicroAmps	CPS / MicroAmps	CPS / MicroAmps	CPS / MicroAmps	CPS / MicroAmps	CPS / MicroAmps	CPS / MicroAmps	CPS / MicroAmps	CPS / MicroAmps	CPS / MicroAmps	CPS / MicroAmps	CPS / MicroAmps	CPS / MicroAmps	CPS / MicroAmps	CPS / MicroAmps	CPS / MicroAmps	CPS / MicroAmps	CPS / MicroAmps	CPS / MicroAmps	CPS / MicroAmps	CPS / MicroAmps	CPS / MicroAmps	CPS / MicroAmps	CPS / MicroAmps	CPS / MicroAmps	CPS / MicroAmps	CPS / MicroAmps
300	2585715.65384451	1283516.68927991	964066.958745118	1003604.16125979	1157822.34596792	2452878.35941524	0	2630572.08633739	947256.800502167	721610.136614395	527846.623853041	461163.870104116	433912.786295448	408012.730403298	377414.098610913	367158.366343787	336022.452929335	334808.810029557	320682.141387495	306795.559543426	299719.701571441	282712.826597795	270538.019844837	279977.233489915	232073.472724867	214261.422213295	201457.897084787
302	2533210.42962482	1261373.79533822	926194.322112404	917745.670229865	1048988.50117041	1917865.97641025	0	4396778.64041545	1041244.64749115	689918.204928537	529637.549544883	448549.204650268	417470.285704324	390560.124188552	360984.318146614	351161.130063881	322182.020516445	317084.028058781	303597.439566097	292188.275681047	283681.447646117	267478.888578996	257220.187083083	242219.50144738	221372.898739255	203581.571378612	190285.29975626
304	2534088.27396567	1234273.49309865	906172.825419288	874221.827639022	962494.631730918	1515895.20563733	0	5008041.2567816	1165050.70027192	677017.141968696	544641.057531168	437710.234208728	403057.210483521	375392.919673506	345441.107123449	331375.890461199	308861.513804308	299401.188150469	288262.166536688	274471.07408011	264808.635323004	254210.14390239	240585.645595641	208032.694856935	224298.363986493	191423.991523178	180630.69527278
306	2503597.33704581	1216297.27689409	876256.954370734	828004.748888724	924508.961802517	1266363.35863764	7714688.98093297	0	1352957.66971343	699510.839074029	588197.145504328	431697.796496666	392203.284890601	367280.501611534	330089.615734807	315334.836443274	303654.150439132	285955.778377153	274477.047331616	260254.234828589	250242.962718289	243098.225158414	228825.906777391	196209.617714224	244243.472280409	182633.381150317	168796.696147817
308	2485936.21773364	1194069.65645398	855511.165816664	789038.124261112	888478.347124718	1092049.01054207	3883282.64558921	0	1654877.23409951	735849.94172825	604680.953016481	427708.890668285	381882.259793036	360898.125487526	319296.280794718	304097.533614489	292395.824400208	274874.943847454	262209.387130289	251023.530708564	238112.860208416	229505.640705095	215989.376788717	185924.262031426	218590.217720418	175431.795357446	162099.795645071
310	2484931.10258823	1174881.71605701	817637.718864574	750846.980276047	823115.505890435	967349.722322334	2352842.96262727	0	2180167.48177557	787998.221765686	577482.921261883	428336.570963149	374331.301621251	347192.503741118	307119.835264058	291640.58743084	279043.612638654	262389.547831513	250451.397467324	237639.854882032	226573.469976016	216618.366675746	205331.779164242	175643.799970503	180913.481680949	172652.55956316	153851.046964264
312	2456069.34521667	1156647.28628366	794309.186975795	725292.618603875	750704.828116067	870015.262809011	1664183.81704979	0	3345924.22772134	865428.727622368	552660.127965487	438537.372737295	365915.611558084	334871.216567511	297790.197048793	279365.272656888	263577.735590381	254860.451022833	238033.57440416	226967.440553664	214991.20071595	204434.629016485	198365.349017696	166826.886589837	169119.981584527	190737.125121747	145975.717522094
314	2406592.32804743	1106167.46450175	754602.541273478	684514.965821537	691206.665489929	794633.599207551	1282680.64787977	0	2566368.8447068	967360.514961337	560828.890836129	468381.215865395	359541.682836547	327633.902548662	288493.340286648	267321.697040962	253502.595070128	248188.184725297	226563.029435794	215124.024155742	205600.191555662	194205.827563223	186796.940665866	157432.00696385	158661.602006383	182903.953218982	138413.817077551
316	2369331.60607295	1084434.42356289	735513.635609115	666610.828150465	659128.385107227	756050.932029679	1060119.66613828	4045313.10057944	0	1127862.74104757	582531.988837838	502096.77035409	354704.432490574	321782.106776368	284830.778103891	259537.693553448	245137.511053188	241691.154631194	217950.233232859	205928.41522502	195212.389511467	183927.067225621	176737.010713404	150573.335123625	150464.86336206	149172.254755135	137193.339222365
318	2349107.18446069	1076326.16654548	717580.578000906	645621.026895327	629667.504578693	728564.921386205	917471.467195647	3185721.68685383	0	1377885.63060695	619809.550249488	494567.630076957	357699.392830657	317117.436013126	278603.843424217	251881.371996818	237074.060354067	232024.846630679	211268.794233809	200118.268093923	188551.151606544	178651.822627959	169823.295823109	146154.503190975	146406.59453146	136672.339417866	151536.972440733
320	2372139.89207058	1066501.10056304	707073.185273772	627425.888222093	600763.324670636	684310.002932024	813251.092851337	2022069.82554337	0	1790877.77217974	674119.629596832	466644.005863939	362301.122137944	314343.72857593	272417.386669972	246797.685641679	229476.822460892	222911.592731778	208998.576500962	191734.555902196	180841.837698255	172214.724772061	163168.04647337	140843.453322869	140312.938628604	132029.330579543	158115.58265126
322	2351836.3351758	1065339.6646539	698421.847163721	616721.167356499	580987.629043254	635515.326326281	739731.539949081	1459821.34561369	0	2578976.29419847	757004.006889055	473570.778483653	391107.655629421	315464.232996871	270604.549254054	245500.482198596	225642.769329317	218284.671267623	207532.437609049	188346.623472017	177085.380098991	167237.225702647	157569.255877548	136922.10642589	137044.799531313	127400.622918195	132165.8914651
324	2329658.86713042	1044562.42315428	682838.18849621	593960.480597907	565152.534919306	585553.511579941	681916.118922021	1142888.98798693	0	1945500.52392373	874189.980987082	496404.983355833	438659.633082837	315391.190282277	270239.586445413	245988.977413197	223963.067426883	213773.387539467	205231.806056612	184489.097895827	171974.307267929	162577.162255679	153050.443928651	131721.574459054	133084.878344736	123736.185114398	118520.244538096
326	2287449.92756202	1027956.74882602	668167.260362453	579304.743476197	550303.609141432	562335.037412574	641822.289642807	942952.63935153	506836.747315763	0	1033541.02459523	523495.341456829	455149.04796764	316301.733332194	268503.879307118	242962.205318263	218091.272521955	209420.422337722	196789.710166766	180585.623883842	166859.821995999	157256.13990444	148482.895590743	126751.476727512	130246.648405318	120108.08610721	113417.606320994
328	2289400.91704083	1022877.19652205	655880.42440638	563938.077988771	533221.653402962	534723.465693222	621842.253741579	809459.989426678	2897268.26955787	0	1265122.4370217	560302.312838263	431000.070632119	318855.537655173	267617.771689945	236746.7290556	213741.484005495	203347.546469811	189668.347916353	177910.044114239	160831.799406465	151322.189030529	143282.869535183	122211.912911721	125471.112044084	114853.127053775	108483.466231732
330	2258186.66650778	1015880.99670859	640143.142970324	549583.615931433	512349.26678393	504795.431750122	591387.982068151	710611.444495548	1890457.03824434	0	1634319.42497101	609718.088785678	413097.117341781	330505.386558998	266036.017111878	232311.86786577	210563.06858571	197664.804710539	184164.471308392	176629.126714904	155394.548767356	146138.739832787	138491.049340582	117286.536264034	120242.32699639	111832.069516146	104977.402777355
332	2257132.05551253	998912.647921374	629703.890278702	534429.382306551	496796.385081268	481323.470719758	545039.252617828	637329.296884028	1348516.92078617	0	2252344.07541404	685512.342713859	425328.484170099	365111.62640238	265874.385142792	231952.44890369	209950.34201346	195588.03181446	181218.003091818	172829.633191633	151154.356820407	142334.498292563	133942.340893081	114359.499354893	115265.239521988	108725.361938509	102404.958594511
334	2255210.6835067	977282.699880374	619961.962520734	519572.780249769	476143.504890961	462046.704940483	497304.725122429	575619.718942425	1033841.43282534	0	457527.726283266	786610.980329628	446365.996321129	401033.511969817	265696.228461418	230692.441750492	207843.297870396	191070.346453654	176933.677575392	164942.945351428	146868.639712139	137193.556154431	129573.961664051	109637.709013361	111329.382799069	106326.499149474	98493.5387170356
336	2220045.79520551	967763.822229842	612419.481157792	504383.395245404	463534.460091029	445852.22638495	468256.023716442	536437.595694902	845802.423274994	2004.73065911349	0	930629.911594242	472585.673086672	399087.887188992	268363.899278111	231144.855051575	203199.39624127	186300.746476734	172604.331537993	160702.504643915	146522.425685644	134012.365307722	125755.210146372	106928.113532896	108637.073474633	102086.612839334	95403.3855162636
338	2205021.07043844	975523.950488487	606631.296607809	496513.650444995	450612.957533432	433240.846126361	449108.716280962	517135.251485686	723080.66903813	2494759.17630019	0	1148258.22920276	511038.941042745	374513.614222205	274240.584793309	233590.257667454	201403.896774365	185850.845520941	170855.17376541	157870.065618002	146677.414239232	131246.77947999	123634.480928022	103982.421573198	104909.180157753	99023.7847550125	93686.5829868774
340	2209154.47159729	962950.592266751	597732.236385979	483353.646460873	438747.464550715	422455.731696014	427811.128504079	500805.639525249	632821.935643675	1752141.26127045	0	1477166.73787756	562361.066669734	374416.228415956	291969.008967875	234562.497710216	201920.1188561	188524.394552651	168592.007674635	156683.271259282	143704.44654036	128137.180768665	120723.223789161	101655.264625503	102687.617833389	95988.17693681	91899.3450116512
342	2212370.28508402	955418.759613969	592412.210427575	481793.041529626	432397.11695057	409996.582772044	410614.305789142	472413.572075802	566221.016710597	1263031.2087955	0	1928854.21694715	639993.441297556	391726.838231856	332000.392159667	236383.792732523	202316.701148973	187849.907941039	166648.385141625	154270.886933324	140366.603491483	126908.780427699	118224.897373076	99889.7426100047	100704.622343836	93767.3230285118	89795.486633301
344	2216459.97782432	965565.946342535	592510.052282953	470540.442406969	424542.862669329	400520.130176416	394110.01832941	433492.073642146	513557.594573284	973730.024867346	0	22123.4679496336	740706.784428862	415582.192114696	355237.650513992	240584.598603946	204075.444286636	184277.045424981	164534.248447901	152413.4665879	136828.666702589	127867.623829076	115885.232377717	98301.9587642886	98594.8380484821	91650.0230277425	87195.2774728016
346	2221310.95666129	961197.590740885	583784.780176449	468434.81864108	414441.029672196	387300.388859016	380800.557870968	402510.936227088	473271.574251036	792288.754866004	4076.01126644658	0	879395.00094352	442616.13532736	343437.16688745	243878.328424185	206226.454312173	183995.915918173	162693.06874111	151219.269915443	134706.355828675	126945.891345619	113031.313582912	95468.9239160767	96725.7476276008	89812.898403396	85188.4440258133
348	2257511.26563583	940237.689696688	579468.316527127	454671.997736762	403940.98656067	375138.511370033	366922.24211832	383488.692073115	445524.22028743	668362.420549258	1966344.81992054	0	1072199.70793164	475929.390550034	327460.644440239	251761.73018387	207895.779777228	182316.36081004	165178.321394196	149938.252167114	133364.368581328	124231.507170478	111112.438428654	93921.7836573516	94438.888394011	86541.749834326	82683.915555325
350	2249932.07157417	934841.42910353	574156.537032551	451995.930218079	398200.610293004	363996.764047729	356039.438512232	367906.995818547	434106.020604373	578500.655457879	1478474.45198881	0	1338049.16431793	522781.49794868	334021.627000607	276559.413396836	206563.240198071	181798.80980791	164249.281560512	146970.349385368	130260.201131929	119644.701404645	109617.307872556	90728.4709882852	92223.6753819031	85328.1004081539	79770.3355768069
352	2227630.19199562	932100.827920897	567167.913190237	441799.343421934	386334.645002318	354849.894250683	347737.926139863	352352.920324104	416176.873879391	512191.389487733	1098599.34692967	0	1570105.69110807	591118.473871905	349955.702486766	312344.162903669	209445.717080011	182870.886308656	160940.060985276	145063.035881261	128556.312457833	116462.709534383	110358.486467785	89261.3736985288	90451.3663577045	83521.8743433225	78626.2896356029
354	2238286.15569705	921353.375931133	561625.959042464	435493.823298438	378718.906246791	348573.519091897	337326.269666818	334755.080455829	384619.792849089	460050.294803592	853851.412244933	0	992.502530918588	680927.490626377	368445.656953726	316292.948813805	212661.135830876	183603.666168681	160014.675256862	143517.13320676	127460.26162566	114938.83172178	109493.873879182	87428.9237878964	88275.7690311148	81402.078906303	76301.7813204015
356	2185154.28313074	914742.638206023	556504.79304605	431162.24822316	370678.385278861	340171.68603497	326972.397456421	319686.998930649	349765.50011537	420841.206281136	698026.41911126	7680.48757919668	0	801269.938838272	392796.623482997	298486.106950213	217873.018334528	187503.413249122	160512.735452425	145231.16781665	127579.189484968	113995.874057668	107132.678808282	86294.1211305637	86591.8743679234	80276.7225507537	75515.0602437175
358	2193753.0557676	913068.122541759	551641.394777611	424653.869604908	366714.740306509	334954.457882566	317354.17608115	310536.867969201	328845.349544309	391040.214863084	594541.569864335	1545222.54096397	0	969805.601001712	424602.637325681	292369.326186354	235391.3488006	188950.725673701	161578.122073555	146780.617878203	126618.203476042	112841.328540425	104340.735427728	85959.0268698372	85408.3251174753	79233.5857417379	74016.2915634524
360	2192625.36564697	908540.224250263	546835.978121095	420550.314744113	357888.470320305	325096.26550631	309047.260082886	301096.755604017	317802.821464216	379134.181282185	518964.217926839	1257546.99161289	0	1184730.31891582	467824.812081242	304041.550973807	270143.699367763	190912.221676942	161232.71865297	145211.792222424	124285.665995089	111511.210808648	102235.43962393	87306.6372979723	83755.4602031325	77904.1190159702	73629.7938070033
362	2185031.94447927	924896.944016453	538663.904487045	418803.220805114	353749.658624312	319499.785711277	304377.562682326	297096.097348787	306623.850937866	375547.054165648	460863.928454491	971108.204511627	0	1297975.83202241	528471.653846171	320758.829002373	289669.093625031	194691.562379271	164366.654297567	143709.73899642	124030.701565643	111271.781198698	101970.34372531	87088.2377856965	82634.7430997653	76430.2425421094	72321.7785319913
364	2172875.79009225	913550.610156188	538005.776727844	413650.981927858	349574.288315597	314357.087760912	299637.336290396	290107.495527519	292154.798298864	356143.540190988	414404.169376302	767839.047876249	0	487.652495155461	608205.178652793	339452.483843651	277325.841591725	200436.632197257	167012.472259218	144663.661911537	124980.41322675	111347.161984752	101754.094286428	85461.9346469625	82701.6805757851	76045.0852920204	72016.7780502155
366	2184257.08391041	913505.900080957	532813.852810029	413552.348526556	347294.186379333	311622.927040315	294857.118666388	285216.125066531	279965.779725464	328471.127802937	381665.616650823	634560.657877003	3979.8098050209	0	716905.180586269	364411.423225323	263301.15174085	210766.165075211	170731.231294545	146182.762485868	127894.577823866	111437.435460689	101320.844338963	83850.2773339779	83459.5205632526	75155.3336411478	71135.7314393854
368	2184004.88764125	917579.219414128	532453.931167009	412771.012005087	344596.526875983	307512.963028529	291868.783006485	279830.496761421	273364.321250733	300593.102445231	356036.097204347	543741.473368653	1288671.38404858	0	860511.897065834	395913.928222264	272416.655960352	240369.395493405	173662.777568518	148279.870343715	128226.801704824	110377.311833165	100027.888650972	83206.3129882218	84994.2392259357	75086.335172435	70890.1963818478
370	2204034.33882493	909753.789201456	528556.388350989	413467.787714719	340885.291676793	305329.18196917	288242.317270635	273085.682102202	267323.401320293	291050.206061628	341628.727008299	477121.831295807	1135466.00597363	0	1037237.29608285	438216.597871455	286858.419343331	273368.338445413	177924.938266833	149587.677014037	127640.709553037	110738.448536484	101082.83127467	83512.3456961307	85028.7192775808	74399.5704225863	70152.854240059
372	2189757.77314613	893347.806632108	528351.57600625	410956.577185785	337693.04423616	300267.527941914	283211.035424465	268730.415518618	261666.564879792	282275.753410871	341424.134596837	424202.66104957	901852.55060429	0	1110144.08763507	495015.487769628	303339.245392138	273400.548905319	182012.177772376	153418.828301289	128485.763832921	111169.47591867	101559.439737705	83308.0558496144	83602.7903545599	74673.1407372251	70188.8418885262
374	2161107.36205863	892864.897376789	526593.528421125	403747.442003975	334314.023422318	297817.347081935	278011.890311346	263206.408654117	257427.549911543	272236.345651913	332822.171501365	384206.11648592	726165.689678954	0	8286.89556921945	567811.227221221	321991.123865399	253834.051183531	188991.859515772	156863.187494745	130586.28997925	113034.713682276	101781.894044879	83047.7331633573	82462.6045788052	75726.4892316012	69394.0349554051
376	2179275.49226142	898579.994548274	527054.263148206	397123.138030356	332904.122409775	293824.252308745	275048.758323364	259860.894117435	253896.259616077	260605.447817014	310943.012548684	352492.000244984	604984.634332479	235.291131090078	0	666124.18983899	345625.23458704	250808.021404783	206174.661286535	160032.140296931	131574.933017372	113349.791860333	101188.098079639	83228.7282016921	81954.9369598687	76525.8680182186	69560.6269519269
378	2180105.32268111	894550.76474396	526511.76696445	396960.838020911	331731.146074339	291131.318739095	271602.841711061	257105.736207517	248613.110499994	249245.666475362	280107.464777404	328808.12323828	519845.011216036	1070206.73937305	0	791831.494644295	377391.290401437	264745.083337576	243196.276806733	163426.749373431	133507.139774968	112666.135048737	101327.931497959	83423.2276796866	82619.8117026874	77087.7823729016	69419.2780309021
380	2219917.89784295	895076.901180978	529697.729469815	393553.516982059	331993.930595437	290453.362670194	267663.346431781	254550.077922434	243655.242370697	243671.614895223	263659.09418101	313431.615762341	457574.072299528	1048643.60527845	0	931616.171872283	419415.661174269	280056.033564111	259634.56834088	167844.143612709	136466.634728682	113418.655435046	102044.533357713	84098.6203680953	83357.4731352476	76103.9775775497	69552.688089788
382	2252718.58736307	902577.77876234	527452.317735911	394671.09239481	332899.563715893	289490.100316682	266009.309768109	253511.484758028	239486.480408024	238352.188606005	258240.674151986	312407.017211822	410419.869344229	873587.405835227	0	958638.084254507	477635.377818027	298626.420592238	247760.051078426	173772.083082198	140933.439413388	116234.948163628	104664.522204438	85072.7606889932	83137.185860444	75827.0837551633	71133.7838748002
384	2253582.66221463	897697.649441725	526396.226192604	386960.740673372	332773.798289275	288961.594211958	264224.863002879	248346.236831535	234749.154507954	234983.231818412	248808.07035158	312534.062078329	370753.781933046	712749.658960023	0	5629.35301179094	553971.467519111	319738.576286305	233771.778277927	183505.44364125	144229.958202547	117887.094058966	106477.448612993	85270.8472091536	83672.392189832	75907.8092090014	72804.9570378402
386	2255719.85868699	893488.619573136	519756.820617457	389903.905736661	327163.944117414	287666.151601392	263753.053438069	246905.256470286	233530.705313864	231095.088431737	240236.09624048	297209.698719387	342745.010139172	599713.420260977	0	0	653051.892281271	345762.781183315	243084.576035425	211293.045990779	148082.472586944	119725.794053049	105741.367353479	85996.5456901964	84857.4405765651	76857.2817785404	73346.7181282554
388	2280609.65922973	908827.289229316	527368.781753518	392493.986396866	326798.130190264	288246.806553099	263891.269255685	246367.739132123	232147.62178574	230835.95280505	232759.736006667	273737.004435656	322851.129536279	523213.983478415	864957.945980371	0	782108.578742588	383274.414480691	259869.076750721	248537.620508609	153498.840710922	123831.584096541	107580.883066895	88033.452832087	87232.2815728868	78109.6825223197	73093.4522435754
390	2276585.9209581	921314.137364072	532122.744715433	394060.472329887	325124.570245318	291298.33626582	265551.691459233	247306.324100029	233127.510299302	230417.827852272	228400.275813857	253071.067465662	308040.29956784	465063.205857675	1000641.84757721	0	910750.715342428	431935.201653343	279839.769617823	255586.975474331	160355.33863959	128349.327589029	110551.244422598	91078.6626464298	88934.665959425	79011.0259599792	73746.4860757811
392	2321452.05366466	946063.788756696	536270.593114949	400785.987776021	327199.65794557	294858.908955662	266351.550631655	248841.452609752	234169.173050402	227863.789497941	225849.949298081	247075.180323959	304801.622722642	420316.088971514	881906.065927207	0	846008.01219567	496583.091495937	300390.163214931	237778.282988545	167745.781284833	133762.7602298	113361.537201326	93320.6776641679	89758.0368074904	79951.7533294638	74156.0241074727
394	2365387.79628635	969272.79114927	546817.747881922	406486.177996726	330201.635082573	300186.475224579	270791.221048229	251302.797396865	236163.78024941	228181.261325508	225038.52110742	243545.867053757	314081.376313571	385894.678842436	736853.030367744	0	99.465262616804	581676.247050808	326379.505209992	235201.529394201	184781.963723489	138123.980235064	115600.574014535	93545.2930976613	91089.3270170785	81960.5800362161	76280.4052138778
396	2388991.32910422	990493.280722935	553908.231878066	409341.763717742	333090.369532533	303808.941067381	269917.372859933	250807.277531843	234281.892573485	224498.151119876	223319.167884904	236820.422384159	308594.183898583	356188.733630164	619798.475050863	0	0	687112.702778867	355760.651704644	249420.456887445	219571.126265624	142402.880239556	119231.892604944	94605.1463936074	92886.8561191837	83756.7246216159	76999.7515307312
398	2345667.47242188	966084.080139515	545011.489659821	403237.809535558	328220.372416994	298624.849217138	266568.891600229	248031.985101792	229660.124725675	221568.472525789	218081.191412024	225407.412174744	283533.248026295	329095.448122624	532843.339447564	746272.615744499	0	804589.060333585	388316.559818902	264585.91851251	244080.047282459	146308.487937157	122603.908999379	96062.5788311474	95277.6195904884	84363.6825496949	77419.0975175136
400	2300954.81106323	944302.361796323	534276.737384578	392842.014370516	323843.536634028	292714.228874815	263698.504377382	243301.326561894	225674.993822855	216408.735766384	214133.443250712	215470.715577496	252085.536325446	305686.250488994	465694.132435884	922624.810492177	0	908149.004626407	430140.195233307	279161.275592441	234468.809740998	150486.622830114	124367.059676945	97285.2773615026	96622.4310865274	84234.8129158682	76979.5634050495
402	2279855.19912538	928822.033974888	527297.132233712	389637.976371128	321950.23180192	284483.160709502	261176.171789557	243776.519561253	222040.727675143	213713.703227304	209972.37922974	210304.040230434	238151.26128304	294350.949954825	414849.793522732	840375.057163805	0	755619.021232661	491335.722273907	298600.111812559	214699.383909091	158131.284931938	126951.712715281	97807.4576018079	96567.6577005808	84138.4826308128	77987.3648668076
404	2271476.41298805	933043.000754739	526735.928568982	388845.590674542	320476.811755107	284991.494774232	261051.479971713	241995.743973405	221873.237324454	212618.011799654	206412.387057999	206212.33620514	232172.811000272	300556.339279627	376079.519779629	704250.027467076	0	4.7694037280112	570603.010046112	320153.50485765	218774.626720388	183384.395890069	129718.067351699	100241.359220621	96005.2135898068	85496.2258126757	78464.78321529
406	2304946.88169293	927135.049511257	532395.611458691	387959.903105666	322568.006449393	284034.801473578	265186.649071996	242252.823898185	221332.582300924	210866.392851437	204380.677509481	203111.768634724	226812.995770304	304693.260343392	345705.313744667	594564.635062276	0.589698714522008	0	671450.878263424	348048.369057894	232876.109781161	216557.944627247	133629.747346603	103368.810778433	98271.3819990499	87770.6676945698	80100.8074640516
408	2333871.63676941	930701.207493662	529791.615496533	389631.30480443	323244.723304441	281390.279571988	268311.485795489	241757.277168715	221142.564194664	210388.417238281	201169.540557662	202118.797709623	219965.289725238	290000.414640635	320880.077838194	513805.13769181	706798.139513214	0	791016.403148561	382822.504999271	249481.592875171	220171.606125252	139535.923829181	106161.130354399	100089.40506398	91127.1825471844	80822.6618612989
410	2366070.82702248	935617.664443186	528727.478671837	389488.195539565	320796.172954584	282296.684279853	268741.695829525	242692.924524008	220736.539191232	207074.530937091	198808.462420515	200010.64217452	210649.995336047	260955.648667822	301313.023266105	453919.923493388	867163.828886951	0	881208.221959268	428881.156501348	266337.087838271	201684.447579023	144799.295612401	108784.034238668	101185.089548634	90983.1785975206	81123.1172752844
412	2384854.99586507	939166.880045215	525998.939305837	388088.067770732	320440.241132506	281746.888172458	264332.941562198	241907.669517008	219933.084187857	205529.915726499	197632.744893791	198017.773301995	204205.401880998	236811.443857105	285647.161687795	406019.451737556	793821.35501943	0	699814.373344396	486999.162494079	284750.139583007	194441.402721666	157221.29535982	111125.759664856	103474.63610912	90436.225747118	82456.1264838641
414	2354570.79281053	928338.740350994	525274.689758273	382049.467975301	316738.642719882	279607.151509787	259285.112512546	241598.854469456	218889.147149209	202586.93913043	195092.816950475	192665.955898191	199416.755139648	227811.259762683	280642.897741595	366428.93827189	668673.994716726	0	1.73267313502579	564005.259611169	303789.7104051	203780.552835142	186401.766876835	113577.05790207	105480.515401217	91632.6161684186	84525.1823295604
416	2366334.21018795	928406.961453147	525443.887837873	385253.883761802	316020.682854034	278825.469058435	256295.54962892	240887.996983603	219005.648750511	203316.804847465	194170.942092557	190823.912992481	197212.761562202	224321.469972823	290778.419822454	338964.125807941	570799.307841305	19.1348407331957	0	665095.760629452	329651.199107692	217010.711904912	210207.612203799	118034.33109104	109413.432458443	93841.5331654105	87208.479155996
418	2422849.78824205	945374.898384557	546818.6563067	392572.287159718	319977.55515607	284021.901024077	259377.947222678	246082.813076152	222444.120772217	205605.902100265	196396.462764802	191250.387759479	197903.124293671	220901.740955514	293018.938503961	318771.700549513	501596.278280992	670226.421869506	0	791991.08764049	367569.811960165	236338.920401014	202316.673305816	123414.351420067	114213.44184333	96387.6078271824	89777.0737827217
420	2361024.50104472	943177.431928709	536015.16862073	389397.747777753	318283.678165859	283338.200855038	255821.78629959	248609.749846837	221850.928497522	203171.106825875	193210.913956272	187064.499280588	194093.926225263	211553.456996566	271025.81222035	296981.664572852	441331.605287608	858292.379162869	0	895029.687134305	406716.552060044	251247.408274894	182633.299120175	131184.49344759	114935.980612398	97009.9899763621	88510.3340686061
422	2344041.32870707	938379.185574626	532653.347805426	386219.613242621	319199.954440367	282152.095674103	255777.739824128	251150.880065374	221057.218148646	201333.213981515	190732.68364956	184383.050521773	190912.8710417	202730.193858607	239940.048883436	277263.320362405	392536.350784146	791358.92589626	0	790049.688262697	461349.954498394	267197.451925652	183504.497032193	151223.233826555	117608.010306423	98695.9427334136	89168.1281084711
424	2359949.76302934	944447.130881767	538145.443891875	389061.55284738	318368.681540734	283719.301002518	255726.751625822	250191.983261784	221350.439061309	200288.989801131	188163.245133184	183013.387824922	188052.89076609	198125.131264734	220689.406517575	267468.702470005	354990.341738712	669157.20505489	0	69.8531172352946	535420.27824398	286855.167444883	194974.097433575	177511.029860577	120530.392945911	101518.474906033	90769.6757469288
426	2398632.49055709	958047.005189452	546736.264224286	394133.220252099	322384.894887246	286630.727262387	256624.190360996	247704.411569904	220806.177319395	200542.512819892	185600.579733172	180596.891166346	184421.648508636	193922.475010003	215733.322493956	272589.869018515	326382.933499886	568946.819273175	37.6054642451847	0	630020.548092052	310139.715796725	208410.338840963	182579.031686018	125254.395518657	104513.64093786	91443.5904281497
428	2424542.23781822	971102.954766979	553933.836604779	398089.576601425	326397.280729233	286999.492933631	258744.79053794	244518.098812829	221623.580176451	201027.989450989	185020.989409851	179705.216180866	181572.29200178	190633.847645147	210562.157599552	280660.566660061	303327.088242708	494303.105681922	664073.662876584	0	746393.304543335	340012.163363401	222402.008385279	162181.234892256	130213.523771219	106624.601941743	93264.4785953748
430	2451130.54652174	985708.989968849	560198.20977486	403853.600732394	326979.672628291	287445.967355819	260592.268928167	242362.12575176	223192.804349485	200839.790275039	184687.990837269	179161.06906332	179418.243172404	188193.308549218	205294.86696005	271083.197960421	283794.429892158	438668.482514664	841935.674767843	0	853551.443290922	379329.788105459	238065.090291199	154852.60715336	142669.725368516	108949.576829685	94560.3044676173
432	2496334.10150409	996571.252820707	564750.535987654	408512.285969504	328895.296506172	288451.890247078	261625.092003514	245298.155985669	226445.959725704	202608.236126989	185503.862291545	179271.680492474	178034.678221814	187442.427337172	197815.875909793	246487.466044241	268959.198984634	393726.609648791	782899.461423941	0	802832.532811923	435142.754477343	255290.369989139	162687.525786174	175027.719577287	112313.340283286	97987.3689432312
434	2546477.44911582	1019252.09136462	571468.251667673	411880.977510871	331684.530315473	291497.064542812	265706.663337195	245744.365913867	232674.559022692	205852.80909731	186130.567575849	177540.361407899	177350.692262696	186483.943818458	192454.542821919	221087.995992901	258172.163949274	359099.31862797	668821.225460772	0	3363.08165270694	510603.694424542	276844.100414346	173718.90020063	199411.306738353	116400.056587815	101201.46702648
436	2640405.61633246	1043111.72573352	577769.837804624	423273.172476285	338429.858777421	294802.562633018	267153.039426732	249190.314122941	238955.842973375	209415.090424214	188751.588576359	177051.617521994	178150.226587032	185846.240890028	190779.948719658	213842.360125189	263362.548430956	335272.714204854	574515.339064455	0	0	605728.739619536	302979.744195889	188198.685401824	188809.468436732	122222.956722136	105143.024101608
438	2628875.88167688	1030833.82540271	578506.145483813	420511.400675969	337838.808873828	296997.078353258	268707.772679814	248574.293475281	238686.73216358	210416.689055293	190277.895446951	176891.571840736	177191.184264506	183602.720730759	187675.266618251	211739.06418266	276819.870886936	312927.273005464	501456.172249078	658159.602303499	0	713123.522560876	334215.505315865	202355.789325584	168681.556572809	129056.512780488	107277.098642939
440	2578083.85639424	1022714.46415065	571854.862617605	414083.36063218	333716.48626327	292895.152950134	265027.903882068	246938.048488865	235534.754349313	208446.517675423	189597.274188095	176796.148543375	175838.877374201	180630.402905627	185019.226614422	205555.638452744	273892.73129658	291831.671488756	443409.949411199	874163.580410635	0	800303.425437031	373354.259890955	216305.495733006	169006.986592999	147140.962214279	109298.412224334
442	2523900.81190662	1002915.42886237	560516.068310637	411698.371640584	331900.577374898	290649.898159589	263345.806077078	246181.962919021	230383.176887332	208354.603366393	189109.223925392	175154.868430958	175871.974750915	179169.138440213	182529.371584674	199726.664784592	252588.973018895	276097.171279483	397658.623915494	826030.446546348	0	696485.720319075	429049.378117019	232395.296269368	177900.747546811	183647.51918681	112496.897326271
444	2460121.10645107	985839.365622009	554899.649861273	410762.129847036	325667.15348093	286019.296467955	261269.157281097	244069.158494158	227264.509692666	209082.103793265	189008.70658925	175083.535480316	174829.890650535	177990.686557015	182236.738969004	193649.246619599	222602.337018207	263176.492193033	361490.227515677	705495.360704748	0	949.286060035249	501178.22698423	250636.611310216	189339.653611234	193912.701682395	116543.570612807
446	2426613.30165	974316.204951065	547209.523919576	405358.44171407	324504.92801396	286367.986847805	260102.890111474	242773.869492776	226195.97667268	210257.492292017	189161.470880879	175488.6673619	173758.014121215	177030.088014597	181720.346838128	188154.259425477	208114.338218729	261104.2671604	333527.786789014	599579.463245638	0	0	592944.93521153	272696.944246141	203684.610167546	173089.955806045	121567.46003448
448	2671692.06885718	1070517.86429304	595828.313377674	431543.772124949	348299.451330344	298926.309229073	270882.385514975	253456.176054738	236113.695754241	223688.603630955	197872.137693165	182838.499353293	179450.101176341	183228.097744317	187849.532413437	194431.405926156	214768.570429922	284979.857830253	324565.172087302	539623.573531073	595966.292278831	0	713027.030131677	314498.258405532	230656.159838243	166607.720663566	139253.286884058
450	2667858.08590887	1071600.9951392	590609.834532246	424551.779689795	344949.699212869	297945.965382305	268955.840785035	253526.161787554	234420.353390313	226570.929790017	198455.973752303	181775.962906807	177667.593881504	181717.961624337	185081.051597588	192781.644211638	211733.180003424	293417.602632665	305969.807255238	478800.19597792	848083.338286643	0	779656.108998457	355229.083177934	248718.51988431	173539.429303346	167371.702864581
452	2436415.03176238	1003992.00599464	555908.189811068	400921.552695597	331383.581241605	286866.736323417	260524.341381026	246237.014049526	229255.960361825	221503.529882885	193376.632971643	177291.630891409	171980.329643497	177508.000034714	178671.895770077	186795.526378	203291.388921736	274184.0631676	282792.936151233	419936.481236174	837490.361477439	0	623889.951000778	402026.768345407	262347.238548965	178715.48842355	191096.063509168
454	2398243.32694673	988335.212984066	549275.346571208	398438.827166986	328373.729818782	285337.463541908	260125.063859703	244078.781295693	228889.164096793	217208.910164302	191899.790133509	176266.643190348	171171.473535675	176366.513547581	176572.099802849	185558.163772994	196802.571861215	242478.781249538	269801.62754092	380314.166396285	719527.071455118	0	10.3680316750777	471170.785532565	282148.858464882	189747.373513023	184499.092387895
456	2506833.23035726	1033457.68968526	573209.107618232	408601.956314864	336040.192267827	291908.692059302	265305.096923488	247538.694493257	232076.029501542	214675.389983618	193835.190513445	179084.73068829	172558.239856785	177655.418750014	177720.56115417	187751.235887108	194402.760489915	223806.537992506	267986.946283966	357096.918373452	620622.814640923	0.544311029059226	0	565491.018655026	314525.714964	209044.71958771	167241.360031986
458	2504434.87987511	1021154.19060432	567589.00296321	407423.569511606	338633.282554918	292379.571562461	264951.860221184	246857.104207375	233282.774022459	212381.450779307	195452.520106064	179656.124511939	172564.423793677	175421.627801943	176105.509944749	185620.96323664	191045.248396733	218205.442484175	276864.347433351	333848.940334072	539248.761152383	571591.410567316	0	662909.722810256	348582.061382456	225442.387079977	164705.844007967
460	2691102.71531414	1081570.58781949	600522.542502588	429064.337765818	355064.422493754	300679.795443482	271595.695317939	252967.118915181	237785.860267606	217431.887763067	203144.281755348	185408.415983239	176586.242094077	177729.437906996	178552.718692822	187986.735750172	193363.479207939	220427.853349402	298491.631358113	322267.260548404	486665.885370222	798285.299446878	0	715551.882668166	406195.680997878	251454.346024279	180515.557269975
462	2786068.03424111	1107162.33707901	623518.861664083	437752.948361767	362955.169166178	307790.642829041	276063.405111845	255757.746069446	241756.136638967	219255.382588454	210284.805443354	187772.338848359	178117.815497074	177048.209290109	179641.229267269	186782.343436601	193032.124620374	220417.799069972	297022.601370347	309508.407767197	442543.272158909	799691.53171478	0	495180.181101983	473373.719482597	276336.588555112	193944.963543702
464	2796762.3305012	1109887.16436385	626308.158180966	439088.797811823	360834.205351981	307734.740450732	276380.41949871	255307.305912801	241454.575381865	220478.874404176	212890.382349601	187530.991168498	177222.159149766	176018.675196319	176773.428014464	183234.664596504	190945.650807631	213849.091070048	269622.823179959	294834.184897315	401961.571019066	700630.834756605	0	0	557995.845397934	299131.143378925	208115.517393008
466	3328949.6039452	1285240.72895617	713385.473084509	491141.834831916	393273.430543995	336385.513531573	296473.053911969	272770.817999817	257751.219494082	235745.838716563	224439.971829624	198416.304352303	188843.114937791	186807.420359347	187833.13879576	193149.68810527	202275.273558103	220573.404591215	252921.601247821	302911.589099074	395608.181370291	633173.168388496	0	0	693131.404197004	350468.404220795	243773.362401476
468	3114696.41339729	1204813.48867533	674604.062012162	465650.347105415	373867.125517937	320560.05528152	286638.404149331	264995.43502273	251139.245946381	229484.945002019	215567.816934132	193097.706297697	183278.994158725	180485.825742045	181872.590581382	185674.345384801	194487.768266535	208588.946647908	233428.269602796	289784.365855721	357868.295840399	545396.44340373	499790.818317287	0	795478.045922508	373736.50230589	254023.648525436
470	3091617.25295763	1112833.41069379	629972.845969447	439828.182015633	353104.282974758	309139.122717494	276930.961365365	257326.362708706	244245.547396261	222962.743636717	204022.249989216	187658.725438415	178485.569701492	174496.475334403	174933.590941858	177419.815663386	185708.908241006	197827.263185919	220840.008726965	295765.814336099	323469.86238247	469435.98188318	780813.550298224	0	883214.87956002	405882.434684948	262284.161527388
472	4534125.9698754	1160005.11923488	651026.067163411	455698.455962364	361036.505675994	318219.244183324	282917.847300759	262151.768145927	247791.658688551	227633.779797637	205251.259333866	192163.936844023	181434.109379209	177488.621840124	175094.147038478	178750.071954795	185963.87249858	197989.240250983	221527.56514707	310687.142477041	310644.628246869	427551.344582599	792439.254363982	0	748598.409596977	475584.398452896	289236.207486927
474	9079940.08378706	1029613.25603272	580015.677293989	414501.143510286	335499.635241026	302245.61043195	266470.617818926	248630.611925115	236388.329359007	217763.983636644	196603.980068798	187988.772142843	174730.158475971	168679.685956173	165102.231107555	169775.871041255	174280.998129218	186748.244783961	205190.944595935	283321.54622299	279368.425975133	369641.457619045	679597.26255383	0	99.7247141973542	529564.752916875	293964.925429136
476	21871642.0797192	1005995.6805784	563699.976939756	402489.206966195	327708.155415475	303857.407625436	264181.398037154	245944.128635628	234776.160093488	216041.439377713	195906.720763611	191942.5713273	174410.849984638	166515.605878481	162227.363101396	166405.607146469	170777.265707733	181869.269300871	197093.310143167	245982.471988589	263155.445173346	334668.486278299	576635.756657543	2.51926783754174	0	630692.603169803	313698.623191915
478	43299493.1130821	1060617.87204417	587255.220225753	420548.474460354	338255.041471325	310111.843391596	271495.416063176	250169.880837553	239942.25384351	221523.383923308	200256.516946719	196266.35129119	176718.251329342	170140.449898288	164359.657267224	169141.257391508	171969.846373827	185105.347815438	193960.280376969	222420.92065374	258885.712668061	315859.577471547	506344.92934706	552281.066071985	0	783420.283734254	355120.68306738
480	58278536.6108745	1149222.45953218	630298.419416856	442166.87371226	353627.372888298	319683.554619651	281593.435452007	258442.384784254	245534.216191391	228359.523747774	206754.404692743	199085.673452295	181691.873080197	174926.381164734	169238.855070096	173444.976313451	175168.423347082	188086.307582521	195903.527864642	221349.490887456	271383.318314429	303967.353171173	459030.50002892	750206.033446769	0	938648.290575327	417785.536231356
482	61109758.4861112	1145041.86378766	617525.381947877	440912.969400133	349559.01795035	314229.840923143	279217.798415828	255970.596805278	244579.706628492	227276.786155571	205659.046458101	193729.346455208	180167.532200918	173579.267855338	167074.47523154	171199.035470847	172001.480865772	183663.025727385	190895.185206801	215000.934362114	289740.142700445	283673.385040604	407121.439612289	728977.789483839	0	923452.270757805	479566.293118873
484	60598922.2697971	1103335.78805975	586933.326046488	426496.71771908	341534.563034371	301143.545673123	271439.330249662	252010.937928521	240990.438335706	224086.934260789	203062.876227656	185453.477835003	178732.988747877	171347.232571391	163795.726082651	166567.56253405	168381.893808244	177559.713910555	185132.868301395	208248.59728871	286409.349286483	264948.54800169	361460.83535325	623933.152565176	0	10884.7872869328	554958.307861963
486	61039315.7088557	1117201.96146186	581276.029838707	422347.836598046	335506.161018656	295037.774498197	270429.84756408	249577.745128442	239899.997487333	222914.09091401	202469.261600796	184382.174403583	179596.878728792	170927.05539683	163406.338539575	163043.709333559	166311.596333561	173263.422449111	181763.379087721	201237.8594757	261403.063692453	249777.481642299	328907.652625097	527821.695161521	20.1911216805511	0	668160.838827738
488	62150940.5931415	1230598.66025875	587743.374533347	427215.82334603	338902.485936704	297293.682349501	273978.463075979	251403.560070315	242013.487297055	223860.273510096	203429.748629316	185727.408095258	185615.792027817	173180.762738352	163489.207493868	162690.049852475	166845.592313871	172699.57080929	180875.283166282	196375.624411342	225268.182929859	241054.508627595	305234.201255693	457081.233257479	761271.458102356	0	829928.6810724
490	50411682.2757194	1976396.6286557	640812.825235127	453417.825806082	356371.001736395	310118.997551442	291454.295723225	258913.126551744	249037.496561421	231062.639476	209577.827772954	191199.279374128	195082.059464871	178974.67719771	168517.930106352	166435.835572145	170996.300386931	175436.019579953	185206.240210009	196424.792913677	212821.791900876	246690.85810718	294041.87596218	412728.325881796	951822.823139399	0	1040275.63003439
492	14392089.4970731	5142594.01799695	651979.769293708	455393.858617047	355785.379722605	311334.113215153	296986.780570501	260422.408982827	249695.388531041	231348.382878149	209702.009855535	191391.080524152	195704.974388132	178985.842672859	167904.150699821	166373.951975817	171115.167737712	173632.063577439	182712.959507077	192723.120448257	207847.908202946	267011.112211804	277701.251652075	368917.207920499	879833.589780051	0	1120918.75147185
494	3610171.26162956	13418807.2150362	643934.24431222	443541.41173694	349569.857599908	303553.934453345	291613.757344052	256605.342457267	243721.356267174	227407.422814544	207786.239033324	189779.23896243	189854.93949447	175416.685369937	165398.562075123	163407.438407895	166662.04307766	168588.900897701	177281.339751129	186682.973672481	201353.537664597	276294.725754024	259085.540819774	327451.897547194	729971.259374177	0	75791.4545776803
496	3004233.30649441	23230850.8680264	659465.197899666	439134.99672048	349965.642362954	301630.287238303	290271.64489483	255363.619556823	243850.690051666	228319.945787595	207755.919771992	190043.434729789	184534.245558754	174476.658881264	165169.350017885	162614.943475012	164562.302449248	167539.24886229	173119.719328314	184355.154296553	197938.256369556	260670.620750207	245762.34789826	298229.641746012	609390.594796562	0	0
498	2779560.98175903	18386368.7376281	671374.667234651	442852.095399603	352168.826332829	302757.67508204	284590.584404872	255180.381237496	244334.458129608	228554.923934221	208777.510820136	190923.44888144	181279.231957362	175463.713664315	166488.407942235	162144.309667025	162319.642306154	166315.327949722	171217.948083406	182246.710592239	193521.962085814	227309.517987141	235069.503639042	275996.383520088	519072.881453211	858933.371392689	0
500	2689040.76655572	7215029.23349955	694060.982298492	447532.075650189	358689.010601949	302396.528035972	279723.720107947	255900.174081331	245350.451973922	230045.585685381	210573.505200962	192078.45838341	181689.35419586	178991.966602483	167106.052075025	162004.016091189	160976.416731135	165972.256706055	170006.633885021	181453.646488404	188730.396500131	201503.935120073	231056.0628596	258752.201456118	453899.969312672	1036854.47240261	0
502	2638097.16260871	3289607.54707657	717255.452419974	454704.63884459	362815.12871022	307576.589744987	280150.354608109	259216.603733106	247203.323999498	232619.876552031	211835.486566426	194241.711369061	183351.933229869	185691.176824301	170023.268784638	162773.148044502	161277.545579965	167315.247667454	168943.47531264	182496.322941959	185002.678448829	194174.709889573	243300.119322838	245563.723535574	404759.322989201	939480.797166409	0
504	2576763.59479933	2352272.15025588	751420.210122752	458748.75456004	367265.105490374	308019.28497492	279982.348156448	262178.246013187	246639.058090283	233423.876964635	212319.416610767	194847.268277282	184228.948990008	190486.874960837	170118.060505178	163669.998252786	161448.242809019	167352.354185691	167975.948640875	181391.366006591	182765.773307509	191660.480863698	266703.803174336	232730.900686055	365494.886259218	775648.512989896	0
506	2545255.38769868	3041006.13614928	806099.492122488	467281.823598445	371115.623028781	311544.296587908	282099.232014113	270740.809710583	249988.645934029	234517.728837848	214106.224825421	195839.911191188	185695.431983995	190827.966518656	170629.107611625	163679.225113077	161515.720015315	166985.672057399	167026.320246779	178098.799057881	182076.113661323	190405.728145257	270544.17701292	223420.448068447	332932.509112859	643441.911211437	0
508	2519298.37270954	7666393.77640028	967565.412570378	478035.680171883	375329.26078355	314842.03509487	285528.395508859	280673.455467455	251363.973309015	236305.90175614	215202.58880422	197497.138724161	187637.408763964	188238.040552677	170406.978813712	165164.853562213	161955.62090381	165918.763481011	167232.206346885	175906.608101129	180738.649186603	188345.606889571	242048.928252534	214475.542183948	309021.411590767	545372.678761378	1086289.61359271
510	2526905.35359628	22539194.8777134	1831286.42394983	498181.334493257	384034.736278775	319066.060712951	285573.040370487	283828.025256276	252698.233386003	237767.869223196	215750.809541076	199444.496133913	189414.549438327	183639.644581611	171190.940007239	166050.385830584	163010.327486999	163831.94183098	167065.293688627	175107.516174686	180121.064565418	185011.439118278	207012.816874182	209428.797428728	289667.336713132	473429.575388612	1210422.79589995
512	2528243.29836786	11581856.2762454	5614494.49338745	523765.734252085	387454.193774321	325038.549537875	290371.313018061	283860.128328665	254084.613718365	240495.137484857	218640.052015931	201594.167803317	191009.125064706	183169.239780821	173047.444320021	168276.514568833	163116.073021684	164095.096901667	167706.378817294	174895.005395938	180309.804640923	181372.833197075	195667.633872252	214675.958435584	274407.331660557	420130.831233432	1044729.62025856
514	2503466.12118068	2378602.2858663	12065852.6389529	558647.448916585	394898.659872545	331435.523718977	290452.644764106	280747.689480805	255327.517896381	241550.246356492	220636.453718815	203451.012439649	192069.879452917	183726.860385328	177044.146201981	170593.32903483	164565.737594052	164802.591293925	167932.403563371	174117.203743135	180457.746498867	179008.48125094	191830.43782236	235639.1649667	261661.675144398	378989.818768581	844040.768491691
516	2506252.78241862	1816997.31670213	8602671.3655894	592694.330908617	403430.528248034	338955.782514496	293864.081913597	275854.548048072	257039.75510107	245264.330288828	222964.836093236	205134.131560365	195284.217026623	185038.520553003	184073.223131693	172605.058652077	165790.511836347	164151.797769052	169446.92098265	173127.100344945	180200.827299415	177851.982158006	190718.092173931	248279.404866788	250091.155902128	345884.340745759	689553.44356368
518	2493040.26066438	1607082.6647998	745131.619791712	624217.359622691	413535.140596714	343622.806502383	298045.054565933	273160.756464701	258147.651442575	247111.451278996	224985.246014433	206292.434511956	196636.579163673	185973.562371078	191014.345893577	173377.799420836	166418.019726914	164877.272429109	169203.680738351	173358.986583807	178057.085019611	177232.137962153	190707.378495682	236050.522433353	241288.138939978	320680.319032737	579634.296657786
520	2507916.72330696	1486439.32520244	10783.8731493581	653200.545963024	420628.414260766	350271.971190593	302041.922504889	274154.295687484	261805.805805094	249028.207958241	227277.52381151	208277.241059004	198155.04895747	188492.682618666	191712.580837162	173704.714803168	168006.796157578	166303.915888087	167619.603996875	173576.979004028	175312.576842848	176337.7071964	187706.833712609	199419.075494042	232748.052132287	299920.186161478	500238.2966753
522	2498603.78633926	1422664.67147609	1081.24518020282	683190.972487799	427463.460346319	355671.819163548	306408.422533865	278020.339081555	270571.119753013	251353.050972201	228954.480304879	210476.057118547	200421.707972529	191227.778240263	189470.885274957	174248.92459356	169218.891033418	167096.20726492	165910.539333674	173888.123444361	174233.347690017	175335.264960185	183649.300570034	180011.101227869	229133.564669201	282769.75610481	440726.480302586
524	2486349.43961593	1372406.24189461	902.663694001839	723788.818288756	438394.272531042	359776.437529579	307741.728598217	282080.47796238	280269.163966047	254197.51615628	231144.031949627	211767.525800786	202029.627223053	193353.712516458	184790.697422284	175536.747893348	171406.13210832	169055.161688928	165041.996796056	172475.991532694	173961.957320777	176802.986545806	179901.960333236	176450.145321422	244997.23017241	268608.892954957	396629.376635747
526	2505354.92359123	1337132.45085217	1867.8430361453	802056.387860993	451539.711996566	368101.847695968	314338.600425613	285049.410884653	287088.652167684	257553.524055673	233248.826257953	213671.866093813	203725.127526024	195266.546669428	183928.857768731	178510.734358331	173376.272496071	169825.577469393	165259.663129621	172824.528678835	172272.891424914	176145.28361786	179415.754701972	174823.005091702	275458.544216201	257276.132931339	363137.658130767
528	2496493.94544309	1306584.01620949	20902.7333617085	961023.234524214	472219.332122017	374193.477180648	320972.991751646	287699.051016317	289028.486413708	259350.41421525	233792.307491325	216900.798058605	206418.803408104	198089.798981758	184514.243824459	183505.548331951	175926.836941785	170876.360787093	164563.037383559	174065.210348323	171782.462676462	175228.985611032	178510.982314489	173614.166512234	272849.066712995	246570.566602986	335500.139841929
530	2546082.3979275	1280578.79891648	1593307.12837844	1657797.87153118	501780.51552998	384001.728461033	327426.597497192	290825.50144386	286653.012534563	262140.928644132	236749.100823299	218852.974455179	208525.413728758	199687.735203579	186350.110788719	192263.743413257	176326.671950558	172341.868492015	165506.903040972	173630.68107599	171003.385737535	173186.527956127	177904.589866723	172826.350272178	241383.737345598	238292.501040781	312941.825361846
532	2549885.87714909	1275811.05322913	13123323.6514718	4823888.68533477	540852.58427675	393251.703937693	333579.108213245	294208.507104407	281759.504694269	263997.667561307	239753.475456143	222776.877722516	210981.437712211	202337.587804389	188165.419594525	198984.116228871	177360.785269472	174136.364600417	166320.605040841	172773.406066349	170860.091138318	171423.815166512	177622.898841741	170332.223088854	207675.895849035	230601.843493305	293464.103666832
534	2568443.25630239	1249602.65895582	2689580.76518709	8675256.05916374	582975.18880315	402933.135590716	341099.538376421	296697.446610699	278078.392097703	267307.424655966	244149.680044516	225271.82331717	212667.941513259	205043.8605954	190358.016896665	199255.369188586	178380.922180801	176073.576243315	167172.656646502	172068.372750227	171149.627696209	171747.160508583	176993.586066643	166497.685010889	196283.602272618	232715.632004695	277954.252177598
536	2600417.94047955	1234284.73959677	1781269.92909723	2309528.71203087	626740.147091078	412299.468414248	347371.589222027	300853.259149628	279193.381157708	270026.548752996	246849.178454565	227724.20061586	215012.697670543	206104.249838143	193120.133363124	195653.414208839	179121.253737057	176884.902239444	167988.480861593	169719.407909519	170738.367246016	170575.948480841	177297.062931224	164404.128563307	193376.152172865	257878.901455947	266364.459290265
538	2672405.09098526	1230855.81031758	1432160.4713967	8740.65205526674	658384.053791962	422299.799394534	355170.861108316	305058.960857529	281945.659356753	276887.758849405	250265.467271529	230759.878165353	218271.135993254	208312.952521607	195477.63035003	190516.718673992	180915.540436913	178950.891867005	168840.39951887	169535.239633922	170792.228782378	169932.954560856	178562.367146439	163678.642950684	191705.917999598	285370.427826718	255227.196575396
540	2755789.73153182	1246412.41692757	1249550.84246903	11.7973632448946	693873.232150008	433117.015723834	362347.66732464	310870.534576943	285949.435716331	291358.360402186	252408.714089839	233159.450080405	220691.1643649	211654.391564978	198556.403474171	189174.91668009	184453.786793354	181777.650958289	169622.542507399	168987.646328546	171868.547483383	170000.63306374	177292.63349505	163459.295385746	192339.695107589	268455.363413124	246103.394246311
542	2889288.2163556	1274045.82021767	1171028.78379697	0	730274.386938068	445881.695396496	369472.495629555	315201.504061036	288369.903848032	303008.876315771	255872.205820872	235426.049614965	224428.411815733	214724.57632294	201077.420921433	190886.710092379	192649.34471902	184848.854281876	171350.449641768	169717.742702142	173007.353508368	168963.554297324	174703.61080735	162525.335966913	190973.232806977	230280.131909421	237237.574035526
544	2935680.55810914	1324450.30941063	1124458.064426	0	793793.938429538	464612.468138937	378443.380693461	322926.402183038	293994.722196225	310950.260040377	259857.132560949	239438.915159182	227141.449214029	217088.902865714	203333.851960491	192814.023567859	202255.055975453	184955.939829866	171809.851653749	170134.545243365	172565.286773871	169935.518973217	173581.50703031	162549.332315533	187130.407214941	203112.799619713	233647.988296376
546	2958220.26728371	1328877.26937048	1097884.9078757	0	915409.491211807	486730.366370729	387645.85325061	329940.875432554	297315.954968916	310474.632180581	263214.293773389	241868.322215413	230911.49299765	219880.166565136	205728.10011217	195567.648886883	205629.625014642	186993.112032399	171838.028126594	170304.930859508	170161.475368125	170112.631283742	172980.269876605	162305.537587817	183520.47270479	197487.55176842	247410.317674903
548	2955138.08421569	1330413.29005182	1085270.86060919	0	1156297.39079615	518475.453731232	399149.186066187	339753.547616004	300656.725900193	305978.798924129	266589.159263723	246635.057296178	233484.939077294	221982.938407417	206900.587395287	197509.046777489	203417.133233362	187493.519782181	173391.839711953	171275.623217459	169148.348692183	169930.013874637	172728.296404556	162892.815201356	181828.318115209	194211.559201017	280168.939697756
550	2943231.66237016	1329949.46683703	1051365.62196219	1365.40986433459	2180316.84639842	568597.838965058	410314.874200284	349447.10538601	306673.778779423	299334.472241106	270219.535201581	249019.376885532	236022.51615814	224960.654452808	209507.624550477	199796.310169906	197999.716688243	189040.513919008	175737.094767745	171948.644255976	168098.244290185	170493.136153168	172455.059332923	162651.873935137	180544.967107203	193842.377546495	287046.490733698
552	2941899.19401662	1316848.80787806	1025496.69830515	3081102.82569041	5766023.49855795	633676.469380153	425927.717337135	361342.444391804	313418.619177713	298016.977374805	275235.333594705	252891.413872696	238657.02982625	227349.747667633	210945.3584643	202548.869390964	192874.868237231	192092.889654347	178219.258731702	172284.783371497	168974.498296387	171759.86917203	172500.11682803	161909.766161742	180190.172086286	194020.228784575	259771.946356837
554	2901111.36803068	1312782.12956846	991644.616075509	5014431.38592489	4608857.57609403	691846.565659413	445361.465075511	371935.335165273	320367.661681259	305161.806286812	286033.353828397	256151.71300536	242050.859626053	230361.799245198	214958.222381007	205695.016987336	194055.800227156	198140.059101112	180233.656388826	173046.80753319	168401.97293921	173194.003594924	171473.851190788	160205.276462927	179464.240749482	191572.609873589	219848.009306192
556	2859118.33036527	1309361.97324736	962577.731456612	2288313.660513	90355.9769257562	742189.855044958	471019.895483827	387846.024304892	326165.806702586	310944.746889013	301420.192872964	259435.384862064	243799.041363364	232338.132673102	218017.858759658	207112.286167182	195415.591386888	207821.527739696	181808.152547959	173467.385321334	169571.483366351	172559.867474825	172540.710572955	159193.119372184	178899.799449308	187871.31120693	203001.482719885
558	2824455.71799833	1290572.4828093	933831.201375638	1711776.20843638	13.8818705509057	776389.455507394	485460.618638143	405472.54942534	337410.252839977	313920.852025493	316032.101795861	264800.741022043	246737.905180839	237401.7571667	220146.626747399	209533.139945826	197897.01014463	217820.817501874	182616.620468336	174356.521204517	171364.1134245	171343.809055529	173241.960342414	159069.343631275	179195.125753256	184977.499052305	200677.150792164
560	2805826.17108728	1278140.1771407	911419.413679459	1408718.83409664	0	803500.105828493	496598.289180714	414804.11011424	349523.97037165	320033.993167012	323641.101374695	266127.260697347	250744.294263536	239472.31182733	222399.507216897	212453.565477006	199899.156822293	221298.973350813	184013.218643192	175703.138945817	171990.652595327	170123.567914677	173419.665261511	159574.360290153	180793.951411185	182816.457531784	198948.512427172
562	2771813.56079141	1263752.04617662	885094.502799864	1227918.78866908	0	852142.657450647	507181.676274026	418691.55083776	357881.148917505	328739.014532687	324590.379244923	271051.609711532	253550.33304011	242464.109524249	226954.316857534	215570.903400848	202549.631439423	217245.67238932	184792.666477092	176699.881214926	172964.136725903	169321.981308477	174031.494763769	159017.521295689	180686.937044451	181669.249072483	198969.749607735
564	2742964.00628034	1252909.72995112	878532.480558044	1136990.33347293	0	949799.030995878	526628.07536858	425186.198952685	360911.286095863	333722.212112115	322363.679530618	275455.338733426	257898.323520049	247584.919906374	229103.799953789	217124.551958027	206591.560995057	210910.411964326	187289.543037582	178630.053281655	173740.222017687	169964.40544238	175564.576780486	159148.879501197	179526.351210912	180747.013841657	198680.95075869
566	2734057.34139078	1235782.72921681	863445.414200164	1078671.27576458	0	1119208.42877092	554070.966914484	431601.598280832	368020.322733905	333979.928139807	316206.680554343	280264.120410641	261966.777936679	250209.467387801	232100.586984749	219661.715994814	208354.285391224	207087.176697109	190374.204868412	181212.455589227	174601.021862876	170811.178371101	176456.098615403	159714.372639869	177394.381051587	180782.786670523	195439.932100394
568	2752974.28796381	1240252.693077	856435.187111744	1021586.14633751	0	1523645.96216371	598141.367869068	442324.374530288	373877.99253293	337018.515322453	312127.154347161	287300.196576513	266295.637193242	252693.074636393	236124.641563108	222151.025612066	210785.830353084	208065.513697601	197450.241086778	184043.645808279	174568.092556114	172568.851800758	177792.546932411	159948.395579357	176865.978519267	180114.890168051	190164.527799826
570	2714023.05378714	1221497.64320137	836898.591279578	975329.300215797	5.13884011999492	3433525.68739435	659848.730747137	451129.854195721	379817.308384833	338469.697293327	313553.266580357	295458.720270769	271229.456185197	256892.280363312	237468.617138932	224693.452689055	212477.687104493	209596.468405205	209119.624763635	183816.111698192	176103.633252317	172440.227818162	175874.44849778	160808.295395922	176336.664863359	179719.94931444	187939.237117818
572	2698913.28554783	1209130.3016036	824266.260842131	934769.698214151	1611133.82839324	5801580.36801511	717154.339214005	462504.697918529	387360.532061958	339986.429322796	317204.319042185	310118.204751391	274014.016200364	258882.256551867	242385.018358821	229277.967964776	215965.936340564	212409.854705195	218018.218621786	186184.1077172	177064.107795234	173110.380899003	174184.697117698	161000.287847644	177243.520839577	182252.101471244	186752.115288868
574	2746403.5162715	1204223.85420891	812140.497395794	897950.504997507	4389779.57935938	576600.708604696	756527.135340466	471202.785811556	394362.001236378	344821.598513223	322001.763007452	321557.738154828	276187.139451662	260797.248619253	245500.991340478	233660.481527542	218756.294776676	215211.829089982	218318.332070518	187502.161823719	179311.692549001	174802.681766253	174057.387832686	160848.269737562	177870.012007889	181712.826422309	184652.94105268
576	2752554.30744331	1188138.89356009	805243.752699858	851198.95758216	2383923.97978597	60.62380761827	790219.33466062	483997.965666793	400226.690565846	350792.825994706	324101.023954428	325624.854083609	277697.734604764	261924.90883891	249041.510191579	237521.238670359	221354.266947976	218430.866781672	211766.997110611	188478.156587039	179649.175256876	175200.692910868	174671.547829061	162902.718459027	176306.335376245	181525.758793278	184310.665940061
578	2704045.86552631	1182782.28868111	796181.808090433	817844.409163273	1776763.94695214	0	826414.337145298	495929.913881593	411719.562769339	358382.511245819	326820.129390892	325029.54870088	279395.564575326	265425.70858497	249486.894034304	241209.3184158	225521.51345568	221268.91389068	205177.1534628	189952.514876331	183808.742748067	176742.605291249	176330.965125894	164391.179594121	175781.178187553	178695.904195199	183465.886500519
580	2715286.22369237	1181158.43264078	794677.309693175	792426.28534332	1453214.31015474	0	869207.66117867	515037.936358133	418371.255677146	364118.935356665	331326.191309377	318415.687330257	281546.450673877	270932.91725105	252922.375988899	241973.553618852	227862.877514097	224914.029120355	202330.5461969	193702.321341656	187311.892609568	177470.322353298	177727.889246189	164554.759043388	178194.572538982	178189.293868627	182377.423063666
582	2707027.78279342	1171985.4995085	788693.996138262	764035.970967653	1252705.63311524	0	934222.423828731	533224.795839381	428494.901571117	371018.027086656	335440.46865056	308880.321704377	284125.341396103	272087.09465103	254608.984529003	243174.867880463	229712.693545687	227527.147512155	206301.317954215	201584.224850672	189631.708256581	178511.057261756	178037.394792384	164223.421056719	178567.126013492	178699.181546112	183956.522748317
584	2671127.86518088	1155702.39694643	787621.036069112	755295.631591996	1141210.59910107	0	1066240.12955099	566092.774683426	439732.513169061	383205.189477565	339615.521908707	308069.991616528	286934.363179304	274961.701712145	255979.981553587	245051.078759893	232324.004118322	229195.120116552	207998.074788465	213456.192843962	190042.957107408	180095.491515874	178758.323546093	162323.772215655	177511.201620453	178614.28145779	185031.308111137
586	2652819.61268655	1161141.77283491	791577.391844056	733199.575379465	1070769.66596282	0	1286791.66953375	612922.632102354	453789.346354036	391672.920145219	346193.493753359	311133.48552031	296401.167394261	277834.794220237	255824.1728327	247662.060785779	234420.794120752	230054.55153538	209720.391022507	222394.449613491	190864.592640546	181383.494226774	179184.676090776	161689.652001524	178346.97831938	178852.118442968	184079.721324166
588	2649192.68329697	1166995.819997	771817.655677887	727684.991252607	1019469.56884552	0	1860013.05842736	682962.64771995	466142.801619054	401864.328077209	353057.182276776	317270.698149415	312865.494470346	278547.198320507	258495.758273555	248625.238022647	235979.573857593	230700.92001832	211272.008883351	221808.544390514	191774.876691885	183017.403756768	179118.559182384	161735.730130731	179122.457392489	177353.134325849	182722.746550732
590	2625594.1588556	1161010.28010856	778164.857764487	714695.004331416	972117.5000811	27.44292151869	4333762.29833033	754765.7047851	478253.18804324	410360.611639003	357843.977729512	323366.785022023	328341.33605722	282077.6475732	261878.313355761	250412.06389486	238187.743451573	231897.639246579	213319.503640374	215424.190472977	193228.189618429	185452.965528785	181283.870262258	161712.155945869	181876.276489586	176496.890061231	179542.355224304
592	2613613.54331146	1165550.64079398	764067.993937601	707928.304548469	932138.966792847	3438106.22484982	4128744.1043379	806002.56701338	490290.302868907	418937.062990767	365867.286482718	327252.549886471	337952.806595606	283632.115286117	263783.906499303	253207.207584718	239802.736348223	232166.837176505	216105.621673176	206619.31204363	194067.652763407	187892.344099284	182188.914394393	162145.875886035	181472.191586925	176893.610820621	179647.685777208
594	2608271.15867163	1162769.91223427	761158.537466486	696624.938985699	892927.203097374	3577332.74454664	57159.4258334844	845104.798491695	505010.180067639	426887.356037083	373386.143207704	332776.928648742	338370.656394438	286914.620012704	267009.313555822	258371.925008266	242465.401594914	234897.262450059	218378.569673498	203544.658241652	197006.058272113	191166.546376967	182962.369244873	163630.756113456	179363.066704208	177969.092308863	179142.128054492
596	2586259.87162981	1164020.6950848	753104.246702932	688719.168525396	848789.412042804	2352957.18000877	0	877689.290871252	518518.361120936	435327.542742586	381728.951398126	337086.079500671	332241.410069128	289213.082036774	269821.281209521	258802.495921588	243657.970543028	235540.528252556	221104.900979896	205796.051253879	203454.510646627	191556.130604357	183542.209574204	163535.772335693	178990.132349045	178496.346836747	179310.954611417
598	2612659.86236364	1170365.21914327	746032.277286255	684140.800338243	804427.729999334	1794201.96985228	0	900831.429495269	534663.130653898	447172.546233082	392139.426555502	341225.875136482	323500.692336819	292285.012139025	276613.10129036	262359.18736245	245325.740440143	238086.481773085	224711.288782855	206929.603458806	216840.320536395	191015.614054779	184640.721609394	164418.321441552	178932.782529474	179073.878838225	178831.657529101
600	2617883.25452063	1164072.45717831	749990.368118944	673670.352432269	764305.740900722	1462757.06813582	0	950486.748520977	556971.82255052	459009.905424702	405705.354767413	348425.717954438	319578.4622085	297990.215850332	278235.892939889	264725.239369374	247224.637586822	242086.165270825	227621.602245418	208467.274252303	222484.721265319	190788.109988771	185591.574290305	165056.360090654	177936.839428438	179922.429459085	177898.92476671
