Wavelength	240	250	260	270	280	290	300	310	320	330	340	350	360	370	380	390	400	410	420	430	440	450	460	470	480	490	500
nm	CPS / MicroAmps	CPS / MicroAmps	CPS / MicroAmps	CPS / MicroAmps	CPS / MicroAmps	CPS / MicroAmps	CPS / MicroAmps	CPS / MicroAmps	CPS / MicroAmps	CPS / MicroAmps	CPS / MicroAmps	CPS / MicroAmps	CPS / MicroAmps	CPS / MicroAmps	CPS / MicroAmps	CPS / MicroAmps	CPS / MicroAmps	CPS / MicroAmps	CPS / MicroAmps	CPS / MicroAmps	CPS / MicroAmps	CPS / MicroAmps	CPS / MicroAmps	CPS / MicroAmps	CPS / MicroAmps	CPS / MicroAmps	CPS / MicroAmps
300	6441366.85122358	3278805.18768257	2499311.78115154	2587790.14626179	2792707.32192754	5328545.52426775	0	5530367.96364616	2148769.68214469	1627073.00794085	1181638.03318966	1014918.49105664	939746.806038281	868488.454947578	787670.561947021	742723.072791927	663835.539406911	638404.016084853	598888.910755034	561510.47999316	535752.138283993	496840.740223697	461588.338947349	472144.895673478	392475.624343393	362735.753552953	337259.078593355
302	6482174.57708078	3196534.99983071	2398863.44691551	2370183.63937269	2602748.04090501	4377675.89768954	0	8044373.34016491	2331104.54057058	1553028.59050455	1189067.55182727	987354.720584273	905498.289263612	834163.831031224	751281.390407884	708472.25262406	635825.885007858	607810.818242252	569322.74163907	532505.513719904	506901.749981414	470888.738551163	438099.783309833	414181.245002594	375471.10918356	344364.255352179	320704.694245296
304	6355865.43648189	3146982.15675408	2331752.69532415	2234749.74286044	2421641.76680908	3549765.72894194	0	11114.9686228464	2565272.15564615	1523882.02782555	1220189.46094818	964658.476396331	870351.079509174	802968.013831559	716488.829970278	668656.398167343	613087.369368337	577785.282350331	537931.599011294	502079.773954985	476977.864020615	446356.477992539	413731.932329805	358517.417533536	379740.886257044	324221.941036575	302834.621661248
306	6313762.40272068	3050999.6832523	2253926.62162942	2116953.18930603	2301816.73206669	2968530.0592425	896817.834014773	0	2910061.25714845	1556612.98276987	1298870.87645953	945454.525819992	848991.184739747	786341.22819475	688224.639108801	636847.888328369	597210.886768915	549332.626360639	512243.255694532	478913.713645987	450588.543864333	427793.277294389	391136.072377928	336123.329193815	407605.164731976	311162.853237617	288162.321251647
308	6169520.57096459	2986311.54594713	2170338.68191505	1997911.29412981	2201085.15359929	2588492.92197703	7040021.58414101	0	3428625.0807309	1622511.19472906	1321025.75573952	939855.233154766	831346.405021752	766184.505435577	667462.034645789	614544.977497314	578377.431411411	525843.159159596	489956.093889893	457965.793120428	428109.202623059	405410.352048142	373560.470880438	318274.688613383	368188.945443751	294010.796783835	274739.639800204
310	6085106.69310796	2927236.92601679	2076934.4097898	1887828.63063437	2031100.44588582	2296244.2794851	4846026.59190869	0	4194684.0326708	1717000.00847146	1262788.4516209	936376.111615308	807006.395027032	739243.328901061	642989.670351616	590489.469071337	550751.2054846	504673.677810729	470116.272187148	437072.137779046	405962.894338759	382568.991346255	355094.841045486	301905.384134403	310620.595904022	294883.408968721	261098.808716708
312	6035893.11877494	2847270.41218512	2003914.30746942	1807679.53870596	1841913.52682298	2075913.41148783	3600692.09873318	0	5225537.68804577	1856005.91402035	1213414.89421998	954866.706823269	790937.515840787	713944.331356519	619504.097085779	565227.12993847	525749.124956653	491303.813256047	448855.455280098	416833.948112708	388739.100936343	361536.013829576	340867.507543593	287983.151886244	288940.559848158	320531.89395147	251185.614012436
314	5787038.06990037	2736978.10896663	1913610.54833265	1721710.69507128	1691787.64855727	1894503.25674819	2838912.55625897	0	1934.81680449679	2028903.9689683	1213894.44149557	1012337.61879191	769825.406654715	694467.813086209	602010.441770771	542044.293941107	500192.505289409	478686.142535069	426239.756114408	396956.603611347	368876.424110083	344200.512619547	323848.712124219	272150.389571871	272177.008536931	307499.055683929	236201.164637889
316	5717323.80573202	2660333.97921033	1827824.96208491	1652227.06297984	1595954.73197725	1797456.01157309	2373237.70673533	248987.635334616	0	2294660.72216794	1254025.1825112	1068714.21175124	760028.644255369	678055.918068227	590031.470007645	524557.592599383	481083.792183118	462262.123978389	408676.358067919	380909.257418166	353479.353011466	328479.973363591	307280.135821552	261772.805189141	259912.949567604	255267.65633807	233745.468198405
318	5629077.65537026	2593966.51475278	1781929.44588053	1593094.43365592	1514352.96284043	1734251.02006578	2068721.06366419	5015539.54420545	0	2661991.5693884	1319969.51354285	1050295.96295423	763257.992936308	666991.23574175	578149.891775372	512624.789634329	468247.003701579	445614.660958254	398866.680261387	370355.330137454	340864.294362271	316111.67616869	296250.642702443	253482.486053318	251083.106141484	234069.201164243	255786.470896976
320	5523452.51165324	2555752.38111889	1729520.44056478	1536776.55846888	1442437.7116279	1630893.77584789	1842628.51402013	3797964.70352885	0	3163224.10438469	1411251.91982129	995707.360331584	775849.646821821	658642.877006215	561644.471621609	498305.216731423	454691.932256818	428067.31134377	392650.80346434	357144.587858919	329852.441535762	305264.614561271	284291.378694438	245942.716118864	242558.04123406	224954.741654707	263652.16481831
322	5522202.76458148	2530909.37691834	1708197.6887175	1492430.7773322	1389370.92128759	1501019.18940798	1682352.32132782	2951297.6961091	0	3580784.13816601	1555402.31214683	998558.081338004	831512.869096047	658818.827475817	561051.031462215	496005.734481305	449897.55445241	419486.228518862	390382.779731967	350038.968311463	321035.61957147	297202.429152081	276952.79601225	237648.910257579	235969.895845056	218821.97480182	225758.530335208
324	5440075.01053376	2483346.68800854	1665712.82898493	1446932.14426416	1344076.24278621	1382696.09748175	1549061.57610533	2385209.00034708	0	3122.84574629295	1744456.94139963	1037809.89034013	911116.867864918	660359.353375757	557096.687927349	496129.838511874	442295.85648344	411644.417865563	383939.698006257	341386.556038807	311376.883502045	290494.495329871	268519.011014142	229616.005721836	232182.536475002	213178.797745547	202807.320077319
326	5345372.80728623	2434202.28512223	1619240.37904053	1401110.26925658	1309595.48283788	1309305.04060449	1467822.11076018	2014693.56234514	1342.01209544692	0	1978533.85293269	1085673.71192022	937905.537470913	661533.046271787	553587.556515621	490820.458964928	432120.152443582	401616.730272989	369792.162380129	334491.809418349	302538.5239877	281917.697796834	259596.181683182	221567.712000334	227588.345851135	207252.950247461	196872.631717145
328	5310379.09437431	2395622.09738103	1587559.97178328	1361870.7943338	1263535.42084656	1247098.59431787	1419615.40275694	1744359.11962672	3593335.74041059	0	2264676.46884928	1145567.04909294	889317.856176196	664252.483644765	549508.212647967	478630.567958883	421039.939049984	391939.335678545	358572.538726637	330556.842751393	295032.628164187	270675.638431495	250451.441401538	214349.838612892	218003.242248072	200258.603220977	190110.755795222
330	5245499.2645476	2340461.77908215	1538614.48179346	1308287.51615817	1218453.76435674	1176836.74250933	1342886.00325017	1541447.17105341	3126452.33080424	0	2571941.2650493	1226637.09436395	853192.762932549	685844.594103615	544932.358576877	466630.692388845	415544.836523323	381041.746632282	347040.551564769	324846.814400976	283039.082646291	261267.082053962	242490.134736545	205969.394221195	209530.963596252	192493.16788052	183755.343377832
332	5178537.75109756	2335634.12027028	1510949.42254517	1276531.58060337	1173671.49629268	1118092.90053148	1240123.21360779	1386433.41757093	2495757.64770049	0	2369773.84351471	1340457.33860937	869157.416490991	749398.668601522	542640.823821296	465948.086517504	414685.812134186	375730.632562454	341714.396543375	317556.811423259	275465.773053494	253111.348426502	234629.569292638	199248.179798697	202383.457359976	188611.283513814	177719.834236497
334	5065487.70516154	2289037.88037791	1463108.66691276	1234086.80566061	1124340.34870183	1070598.27545419	1126726.87136689	1264475.73407171	2024825.36413929	0	9.83860761199852	1483971.02974041	900146.163696041	808570.845828983	540816.577842423	460078.227382371	408447.680339216	366869.835093374	331881.530961751	307410.390602418	269309.561448559	245279.174778833	228046.35167533	192523.300611075	194726.837330909	183528.163926669	172133.978577515
336	5027579.77898165	2238022.92511339	1446041.9079089	1202622.50207652	1078766.2534885	1022031.06302273	1053599.29132491	1175773.45170031	1696681.38438523	0	0	1665052.88780364	941127.756434613	798503.469563889	543939.429718732	459583.089931808	398382.037064069	358709.032106741	324625.654510126	297095.435186665	265822.538359349	239014.799082615	222314.355054712	187085.4601473	189440.499473651	177424.263934468	166372.864296032
338	4958930.25461755	2219584.77474249	1421984.77110771	1168528.60634386	1054489.24287689	998467.068911372	1013035.70613638	1134919.73161989	1474329.39483557	2364989.14427447	0	1885528.55932101	1004657.96246074	751960.730665458	556850.863249182	461581.239227662	395112.623241825	356374.077549888	322022.665251478	292437.443352766	266119.478718927	233852.368561321	216006.048022107	182542.744735761	184034.142419073	172051.211204491	162746.58186485
340	4946775.67301448	2195075.9907144	1394169.89984602	1146578.71621786	1024764.2431738	967435.151268078	962626.985460764	1098452.69304327	1305856.91147025	2473180.36684665	0	2025627.30145789	1083087.28568563	745595.739002699	587704.933657178	463908.174826026	394061.362732853	359472.694028671	317912.06244016	289343.915721917	260843.005337143	228872.533635695	211586.84773013	178334.055226012	178773.356745945	166568.967996434	160165.100806958
342	4927420.52038275	2177351.33764851	1379926.17520029	1120276.72265107	1000376.39635842	939130.70302949	922186.025389808	1037504.22897864	1175032.811762	2126288.32309814	0	1251618.68087372	1195941.77774137	775472.137265554	654890.132430764	466689.856543293	394002.512272195	359006.596057319	313467.708953849	285603.085113516	254012.140077232	227648.311911321	206851.985672749	174672.108709883	175380.025876419	162597.557421904	156618.319158309
344	4887590.25742084	2150985.43599947	1355643.12242676	1103822.69646786	975949.017574616	907915.950309341	884059.158908015	948639.705450375	1074683.16698227	1775686.55032394	0	0	1324295.15135636	808931.535908519	689930.22587999	471697.243814578	395109.829888473	354061.730251291	309253.25857819	282500.757869901	249131.152304094	227127.960026183	203025.992941252	171852.926037576	171743.475179844	159068.004405316	152541.350832548
346	4922178.58246673	2126975.47600738	1342941.28844359	1082128.95448862	953012.473436885	880989.61298887	853395.970321557	875910.165061488	993471.334088885	1501587.42965938	0	0	1472073.55467619	850923.928338151	668738.440588273	478193.718640456	400452.68384824	349764.339179655	307931.92554432	279054.149585044	244278.956440778	225773.133547427	197884.064698648	167737.745905221	168527.629886641	155085.854813066	148136.474151184
348	4891112.80547181	2080793.21938875	1318686.61578765	1061483.52777953	927297.265834159	849985.729027911	820593.462703511	836171.196472728	940802.626561788	1300313.59723471	1604041.63161466	0	1608977.02956345	901948.801586154	636805.746400503	491154.585000463	399198.500254574	347912.719365864	309646.412570972	276571.547213223	241918.975479863	220501.984541245	194903.670804691	163925.867480653	164464.420620014	151197.958639403	144139.029483007
350	4868116.97026909	2044369.63071727	1298785.65109146	1029618.57921124	898623.681444698	818607.223099921	796654.184700443	795423.36098328	914805.839102501	1143267.69894231	1883028.41218872	0	1598094.80692794	966098.308476534	643409.529741156	533235.03983824	400145.593129609	345412.759124762	307560.814072989	271118.988512083	236971.668064081	212084.56597411	192330.570343509	159204.305414286	160263.643142537	147163.954555863	139247.301295419
352	4868472.65890741	2027151.47269132	1280401.61708201	1006371.6546984	871581.108996793	801635.627514338	773612.752732252	761726.962869523	879255.53859185	1026772.36657688	1714001.92182613	0	641875.76663214	1056556.94018173	667967.481580933	589612.979132691	402675.988676759	346393.398090712	303278.055063844	267265.308108519	233609.159610042	207752.353286514	192934.820843048	155880.531615936	157524.290608332	145170.020717088	136879.219556422
354	4756070.74037596	2007619.54353557	1261413.48827713	989590.228554276	858663.110731595	778881.063438971	749999.986988843	721400.339884893	813981.939683397	930182.549314374	1467891.67315857	0	0	1156946.1655792	695754.757201341	595330.605024219	406262.013598445	348609.880478529	299349.770934591	264829.384058549	231611.669323028	204848.047720917	191883.373474043	153322.9042961	153709.006426401	142669.491463077	134062.766508239
356	4730040.84596523	1976649.27971678	1251239.70805095	975662.497287542	833492.733837278	764041.637142411	723321.464634777	692964.948315829	739654.312184986	854707.061857637	1260580.02726334	0	0	1268379.46236454	731939.179121542	561969.192193061	415607.527531404	351723.160410407	299366.152345581	266871.108945141	230303.559572155	203066.297332883	187241.126443109	150967.82955076	150939.308638652	138958.930678222	131305.480889815
358	4651714.44578823	1963006.46010418	1224142.31780775	959273.314318071	816040.848303039	743286.017168091	702703.260726512	674423.164945303	693865.882640481	801543.907761716	1107418.35265121	1076918.94151092	0	1356895.47451548	777210.498976854	548796.872668678	444702.163618587	355548.490223542	298503.972176693	269247.924381842	228725.851431085	200380.010967321	182752.298502004	150974.295689317	148589.187074363	136903.370191824	129455.654371082
360	4595843.53130996	1952463.16712562	1190515.47980927	941597.691260713	799516.705962319	724053.253362843	683962.838607758	654340.702061032	670111.099536889	775553.577247303	984555.875280546	1440936.00809271	0	1283760.92911006	833931.185920454	565654.237566837	499653.1226598	357515.299715207	300818.259158949	266937.301064754	226102.452592448	198692.422387889	179499.300182366	152345.494840856	146110.593725629	135152.531047986	127539.026422589
362	4585953.21361047	1932498.55939978	1179170.95043536	927429.425598582	786200.823838685	709446.997912625	670210.352868765	639926.32800299	643231.797074261	765040.303342331	887495.258799218	1404761.73595442	0	494407.388799529	909215.739526401	589670.665987195	527499.510574328	361870.45748255	304348.242584839	263750.355734546	225374.075801521	198091.211366206	178526.641542119	152070.628197232	144915.950275811	133540.115501244	125974.734015244
364	4548560.09431571	1930387.53086764	1152930.08201027	917341.974414487	773098.161670413	695567.242899335	656672.747911432	626705.899008455	615565.096438588	730168.630069635	810340.828160944	1243518.69572506	0	0	996113.418561554	617735.463604274	507319.276540609	371067.280115386	309164.42020803	265428.73840318	226410.353075585	197890.301644063	177511.227953719	148930.78724102	144530.034936991	132073.929374705	124885.254432682
366	4544927.32130476	1910053.44843935	1141343.08982999	911243.121702449	764274.037765884	683036.982798132	645409.401143645	610364.837183709	587911.363118458	671281.323408444	748066.436005341	1091955.34999817	0	0	1087499.25843129	651543.818236021	483427.422297458	389359.263720877	312701.902806199	267436.44502756	230573.467285073	196958.288291689	176206.134142505	146822.471966288	144739.715419724	130558.368848796	123330.468865344
368	4503397.71026519	1898516.0009827	1129006.87929048	903409.154662973	754266.329102614	677654.227661148	638364.44295065	598392.94190806	570715.359779138	616330.770984828	702259.985051397	970299.655978093	771237.328272462	0	1155239.87925282	694425.980785826	494225.16571734	437007.300175083	318049.217408913	269389.746951976	231162.898065648	195553.593210701	174920.835887449	145185.282488916	147308.257336509	130442.763007872	122708.169671332
370	4471771.04466508	1869224.40384872	1116750.11663111	897185.895688673	741074.136346372	661900.949874369	622849.074780153	585060.925674895	556062.688616099	588168.155225449	677331.5675004	871661.456485374	1170262.46128124	0	1080664.2866169	749288.016193244	516265.653044041	487228.068637842	323845.48960018	272554.908018115	229908.629481111	196695.710400221	176215.291135076	145429.154802374	147993.470085651	129047.461357304	122092.228968095
372	4410438.94148816	1830231.05599268	1107242.77730991	878210.371198358	733635.714783194	653741.470238713	612877.465577393	570455.007614844	543834.260416134	568902.319805061	675151.538735637	790351.507560595	1217389.48114186	0	524197.635120767	816786.106359407	541262.16061896	485302.281875041	330423.762749855	278522.740093404	230861.916791128	197137.248189014	176423.935338793	145096.994323022	145616.764754563	128890.702321841	121474.044000393
374	4397423.61040305	1811902.42856015	1098069.14446471	852116.327136273	722047.325847542	642522.193436185	601723.771379936	561333.146729712	531865.584344102	546291.557181963	658215.55362439	723645.632983676	1112835.1059203	0	0	890287.389774741	567115.980301759	453007.189247009	341486.773603201	282898.916334624	232963.508702949	199286.522677297	176611.230335109	144186.062681783	142835.328071589	129940.895220925	120873.190834067
376	4371021.96460799	1820541.45089368	1090503.63401511	836755.064879901	713497.658154382	635170.884432163	588966.379675376	551951.191086845	522503.525640836	522413.275670496	614608.290336497	668795.024879181	992256.098269443	0	0	962251.624014797	600009.571272619	448489.309620354	370862.546508698	287570.681382795	235163.585862533	199740.710555023	175650.326944985	143807.948177932	142071.814240488	132536.222355757	120645.025714646
378	4362611.77125175	1808614.45740033	1081633.21193029	824804.27061645	710807.276735693	630385.308483598	581188.20304164	544203.009682379	512093.992754094	502917.255965176	557003.662874491	627868.295196163	888453.532202502	560836.424803459	0	1005949.78114156	641673.78878592	466104.776439916	425882.098733783	292630.836164073	238500.510687743	198310.832553758	176143.858186304	144865.290951961	143020.033430306	132428.484915382	120412.497439536
380	4371379.96506894	1791186.13198625	1080530.2810284	815697.988979056	710442.470827317	622257.823923566	575963.980533138	537725.306224952	501292.166925497	487483.650052738	520867.881743443	601611.202706989	802176.778741638	953480.628235135	0	913961.467505426	694007.515049007	488784.322388539	451106.44965714	298665.368205604	242020.1404868	200160.118647039	176921.585943529	145927.335227819	143491.594044452	131124.481351631	120941.305586204
382	4428066.27952943	1790166.40838113	1066553.72897851	807944.712889513	710119.456079802	620431.268827997	570463.470224441	534798.518896062	492245.051465661	479869.831701248	509138.420938319	600558.469380915	734704.95123964	1081266.70413891	0	449057.229789207	757810.761024107	514641.579890288	432258.773386183	308693.954382351	248465.477822322	203457.647780975	181240.891101575	147187.962103125	144219.548603964	130246.732910786	122736.553820952
384	4420659.86633727	1774241.44710259	1054884.15341474	802149.398974743	703288.804354554	614523.290150778	565170.103109807	523963.86628578	483413.613435323	471164.967451039	491620.269342586	601102.860518081	675780.167683364	1029451.42844348	0	0	831718.61174238	544974.487467225	407981.533991292	325474.285055893	254824.248351862	205951.923926921	182934.320501324	147614.714437318	144695.803460968	130262.310387085	124379.808455334
386	4389930.44063563	1757175.27376181	1040842.27774314	797423.07037776	692180.378381922	612145.163468763	560812.226861266	520054.269705281	479403.255047987	466016.014816744	474872.632379115	575787.580759957	630007.730993671	938194.112247455	0	0	903240.641673215	581685.927796737	419642.606795551	368425.338213144	260183.904150531	210002.43259968	182855.518661967	148441.829619502	146189.417821199	131115.520820269	125669.053464606
388	4409108.71864588	1771100.98570201	1043536.176034	798525.283220869	679120.980563484	612849.453505319	562460.836939391	517269.798884242	478264.772394065	463494.870050026	461132.942045081	529937.038836183	596073.944775715	855927.256769209	365649.259052252	0	937154.275153887	630179.849400402	445137.193297646	423471.858717765	268305.372569078	215464.411982863	185390.415850137	151338.599387117	148779.381164723	133947.44409646	125210.168097931
390	4375573.02535997	1784642.53669601	1049562.70570343	802380.763958963	676604.15072391	613324.157070864	562076.292884618	520336.962774285	478397.138475335	460734.909426826	451867.946007565	489301.850807867	572998.860034278	783870.511636732	764211.474431588	0	814114.068798488	689417.294362172	473040.892316081	433886.501464375	279382.693596145	222912.945164847	190326.478794121	156452.40418618	151930.314705046	135468.666480013	125735.973600372
392	4368844.92722227	1803694.05965786	1054442.53393147	806795.184745747	677141.151220424	621795.020032181	562448.209393939	521246.507055826	479019.190643229	455357.237507952	445398.637772037	476112.509255552	569766.28056282	720718.398056002	977319.122411323	0	269731.346268965	759669.226988508	503255.75198079	406855.288230762	290847.911047613	230046.622843617	194192.975388941	159644.572374142	153151.789162996	136873.390613515	126707.944486816
394	4488937.99443001	1847422.21341583	1071562.81526549	817010.22458248	679903.745516925	633842.667574769	567846.864807835	522215.413530734	481076.033528229	451308.723189115	442535.068172987	469162.427871544	584289.778074876	670819.991892782	982911.710233237	0	0	838092.446387601	538460.888329449	400820.15146593	318173.596401294	236882.74535724	198141.008505062	160687.494931631	156118.227157677	139758.858955302	129942.920089656
396	4500679.89787635	1866745.87584231	1073758.91762017	814311.930679551	680909.735189577	637197.294793605	566487.893163913	521745.094474804	477287.685167741	448747.931561832	439658.221062526	456903.925337411	574721.451992081	627068.608586712	911317.249472969	0	0	905159.899791123	578098.927558095	420579.015555516	370337.646440516	243479.089194845	202649.835406404	161671.986346204	158878.821504269	142044.762758343	131772.25000843
398	4407282.51530144	1826530.33029173	1054060.7880908	796440.924500748	669631.337792717	625008.988103572	560351.205651748	515905.580792595	468016.750746326	440459.330535477	431665.030081115	436656.868035298	530406.865729686	584115.574114749	827665.733210337	280603.785635759	0	915469.0224325	618238.130351155	443027.955343183	404783.15128136	248903.166664218	206901.619782143	162702.865120887	162467.014968709	142386.357052801	131093.628490576
400	4255806.83147842	1764885.86309715	1026558.31880943	778683.165609127	658230.317067388	608565.100168497	553267.202995589	508373.913172855	459767.30773027	433317.871680359	423320.54100944	417741.128013173	476451.088222646	550451.281727565	750473.322602203	656026.644772335	0	757003.259341061	669514.754612987	463662.36706241	390595.322980601	255971.999193714	210333.193663545	164478.964855447	163272.580524672	141948.789755758	130321.735391477
402	4222120.12713901	1742489.48101563	1014309.94816322	763958.124987271	652040.606915266	591700.026652412	547375.324651833	504126.944258397	454210.682485871	429163.511584442	413918.399348104	407829.132709255	448250.719813436	534342.456526826	685216.505255363	887268.403517295	0	169379.533656598	733494.172540473	489860.550663811	361817.985100205	268008.355384181	213711.569646491	166236.60191126	162124.936391879	142091.463824257	131310.834263374
404	4214547.85487726	1729355.20280085	1004983.34485343	762695.398370526	647839.817526791	586028.395690739	547118.507929233	502284.02661999	453342.079330462	426443.099458419	408079.555668094	401011.223945904	437572.226614813	545131.701088889	631995.453907212	906906.82106198	0	0	806580.300018594	519881.694329245	364748.722400936	305787.814380855	217601.059701656	169344.83394689	162599.662254073	143325.821935849	132248.439565455
406	4204704.30032359	1715502.478632	1002216.1739199	757009.643544846	648303.258758153	583314.500225532	552097.811334786	502627.959313954	453813.36375632	423639.702844506	403421.301336863	396867.539978828	426826.95019655	551495.03131992	588157.161166424	845641.120894332	0	0	870956.251894892	555044.051516513	383858.637529566	353023.836598398	223975.17256771	172932.179978111	164590.237054401	147287.798430183	134457.672028604
408	4256286.19177314	1727938.56548963	997290.058397622	757284.087594384	646328.131249514	577879.212638768	556488.795307755	503897.608947154	451851.12142786	419985.432317971	399190.571314911	393142.075555168	414547.395511447	526864.973018457	550681.999847115	772355.052246042	319082.462756952	0	883130.435041395	600168.03163328	407824.454746182	356542.219167179	231021.148146532	178057.908477169	167235.956874287	150519.634824548	134444.340173235
410	4266558.92158067	1727816.44939753	999239.41862249	755684.171018665	642016.636163931	575650.225050602	557650.942787673	504574.567519612	450072.202670549	416830.106267987	395030.675958721	390013.804468652	399930.355256466	476217.571815201	520187.428337382	707062.033839021	648674.146947758	0	716363.99844181	656033.124467207	430931.47728517	330291.1106597	240062.008024517	182091.159144786	169524.006646672	151245.092696471	135829.431905568
412	4260306.27092354	1714425.3822218	994037.112083818	748682.551155327	635583.177904694	574289.486048201	546759.188630719	503315.135147966	450348.989747779	413436.425341942	392609.858053554	385377.776543051	389190.363776758	435110.975993137	497535.894436822	647101.05523185	844268.532803046	0	157151.26012878	721671.226105226	456168.570045326	318670.905253565	259623.008272371	184947.731424488	172291.836181298	150801.873418578	137909.285276853
414	4184449.91765265	1690550.61830641	984396.08909497	738607.666524963	627765.819222035	567550.224715555	535019.154425732	498695.113476327	449103.250111781	408747.196793935	389103.188099906	378535.466395528	381018.370637093	418717.895360848	492783.072823871	596130.043324156	854618.254659999	0	0	794784.64431238	482942.858774973	330838.972798149	300977.718829696	188751.979315585	176211.565080611	151463.997229354	140011.01790762
416	4191046.97226693	1676704.87300025	983274.370588542	739199.813176998	622821.156065763	568661.008557484	526014.129828204	500829.81938877	450580.180321273	407328.385608099	388468.037217974	374335.253828091	377519.120167681	412116.141690427	508701.020951707	557081.007279804	798313.647475573	0	0	868091.065018681	517342.881210573	350237.181519108	332958.065189516	195664.829229698	181586.352875272	154925.423093193	144783.901912001
418	4298592.3591632	1708086.94055809	1008684.1439397	751396.163474609	632578.072613101	574005.561821108	530522.803706589	510171.242833259	454896.022515277	412082.673910122	390715.346913823	374199.897267855	378987.277734355	407205.194223612	511999.253671414	528746.913693114	737226.35035224	304503.205301328	0	904128.904269428	565529.123334383	375388.572046383	321951.809071111	204326.814274885	188691.687595801	159139.766626396	148194.282865241
420	4162718.99260755	1666876.69359601	997754.147736123	746164.894806882	628529.356705232	571486.103817133	526431.673973247	515814.071326014	454380.135225166	409493.204323906	387181.446605842	368428.214916953	373852.752127963	392634.058007375	478942.845869671	495270.090036235	673198.621543367	648492.044009348	0	788955.081704878	613010.194884765	396758.839357081	294649.522306661	215657.868444446	190319.582491201	160170.213091451	146420.930643453
422	4113552.75105159	1671058.15474669	988574.273713879	740384.953010907	625775.0049765	570036.124441291	522517.004630621	518907.924432288	454915.140439178	406357.445260602	380970.601254689	363454.678792904	367767.251980706	377538.139681928	426720.370847576	469359.033255353	614547.531677741	841960.943721242	0	297946.334372228	674694.592597537	417299.936015704	295020.457991277	245084.123046965	192920.482261853	162541.816588342	146081.289538264
424	4147639.81128677	1672910.02953435	998008.788410849	744708.108854523	626206.254627894	572520.759582146	523137.744377416	518181.839241559	454762.382174907	405380.595119052	375154.048991197	360090.487766225	362134.872277335	368629.388900769	395535.331447407	455532.290344926	565721.861081039	845874.379801323	0	0	749760.266964398	443809.787302225	309453.31386992	281338.831122954	197890.625970966	166261.796162215	148892.201107394
426	4164496.54860381	1697962.29050178	1006937.96870454	748664.702003275	629447.47010928	572715.936189933	524269.259418859	511566.18638682	454130.342183104	404834.739564346	372759.662832348	356898.831735122	356327.814849807	361959.783364388	384611.003678478	465120.850677862	525614.769864079	785887.345591355	0	0	823932.361195161	475299.592951431	327442.382324509	287733.128996956	203645.427108917	171016.31020205	149878.956619294
428	4216799.24085534	1714482.18524672	1020782.24210765	757663.293191837	632932.661656713	573547.742593506	526738.67815011	502538.028945394	453491.706691462	404743.529405242	369142.947693685	355079.843272923	352158.370704486	357051.553518948	376726.979757662	479133.848289491	492918.332321906	716648.533144297	319619.724661568	0	871843.397762861	513054.7333649	348245.775636383	258777.33460865	211529.461257109	173958.252196053	151834.851508218
430	4281590.67880104	1735670.94193015	1025316.57960901	761139.615841026	633507.806315483	570935.682579042	525596.080338524	497655.159084822	456402.468301322	405251.372276182	370866.503733545	354425.792555219	347487.559608089	354537.207872945	366989.992137828	464024.452453617	464348.976073901	656319.624761405	648524.60537071	0	798395.044775035	559886.978198762	368139.138797226	247970.484479428	230875.563140414	176612.014436954	154656.976424659
432	4305081.02551237	1756358.82784826	1037550.41223013	767957.459110197	637732.381457664	572809.718974289	528743.987703499	497996.579127339	463515.988075654	408931.797181836	370951.948879682	352570.018865105	344777.125386423	352922.309212781	356275.043998368	424881.421340185	441893.725486299	603001.100627126	832620.522891809	0	407607.784043228	621946.54725089	392607.954215072	258294.476398293	277378.316417975	181134.902200803	158447.370870539
434	4391916.81374973	1774974.8111428	1037013.13514895	774881.905547056	638329.043588422	574849.073808784	529919.296195789	499040.534735444	474904.848088135	412864.380381702	370222.808337402	350404.6565371	343589.29433043	351336.455770884	347248.551135157	382503.632602775	428876.822491818	557997.725218103	835947.694878443	0	0	695836.232613121	420582.977075636	273047.096634444	311606.610839503	187618.009878988	164018.316605873
436	4508884.09822091	1811220.66970373	1049075.40861436	787295.754448922	645729.870258273	580763.892567238	534097.381707828	504285.220124288	486546.823193507	420452.812838987	375802.341755359	350018.050107447	343729.747770272	349942.202006882	343693.171481883	369487.871149469	436618.74078844	524938.652025172	779519.503497413	0	0	768818.307700281	455420.419486932	293090.796471227	296409.462859113	196260.164647993	169675.73084249
438	4472350.24389544	1793251.40533929	1038945.28948473	779422.09023854	645040.23910666	578573.154763922	532955.730023397	503144.075089645	485430.32677693	421349.359644251	376620.492946954	349404.371530705	343730.131115839	345353.454110555	340008.34421674	364396.304271193	458671.361016521	493981.620128576	712966.935009916	314914.233069697	0	803721.937807174	493907.715523915	312603.550221076	267656.353526165	207670.526965313	172321.315428294
440	4346727.02496022	1758180.49762554	1021632.75521666	772213.701246326	636299.00469355	572843.102174586	528078.825020549	500332.499933495	478752.528244749	417857.926275733	375421.157129853	347427.354180368	341847.043247957	340693.447428071	335128.213085722	355589.739905214	454297.417670083	464199.084217685	649022.588100124	662314.690147392	0	710352.87829695	541581.16244685	331417.809759383	266413.331186306	234516.501510985	175486.791226097
442	4266555.35439986	1722608.32046269	1007869.89793821	770483.192181713	630733.569236878	568837.278799106	523775.350242004	498224.546200993	466108.078966567	417668.722543268	374425.496192657	345989.968220076	341058.533387589	337599.29512475	332858.754819401	346100.83995469	422242.564476619	440587.463664927	595504.810295716	865955.352425824	0	307895.401678359	603051.67438225	352952.667287625	278952.325203352	284718.658812683	179873.415572688
444	4164729.14897042	1698003.08297075	987090.74249953	766700.73634591	624377.028386882	562664.656617146	520559.610960988	493570.102150767	458856.482772472	418700.106806352	375547.88631279	345354.368310065	338947.77584656	334672.603598911	332480.294790908	336028.260020408	373945.965362977	422142.614269879	548606.149966158	870283.707838668	0	0	672487.556032895	377124.99744627	294607.785862772	299871.275491267	185974.06741112
446	4092533.77288223	1666983.94859676	979473.99911974	762177.309613412	619423.355595714	559077.073150758	516154.868961023	490586.274739186	456731.887152419	421274.348774485	375512.074041523	345042.863922403	336809.193952088	333960.566777677	330882.470752168	329054.19522465	349155.335012159	420704.321722453	511160.668948849	803505.79349797	0	0	742000.525589712	406345.866063441	314599.939020867	270595.236351467	193465.867687103
448	4463698.55946085	1825201.37811653	1052986.3941694	796225.464578224	651282.071811975	578979.734398615	529911.834501314	502866.683875321	471487.966862678	442414.946177576	388938.713005098	354818.098133084	342565.865904518	343201.040978214	339198.137695448	337468.538077107	356313.575752123	455782.385228081	496571.326589819	749262.507796389	241950.123991101	0	773687.764396946	459165.47088457	351810.706277758	260350.348365939	221342.994442987
450	4396996.84603693	1811573.8457058	1041371.2790182	787020.725068638	647929.141101349	574940.830380108	528956.37731929	502520.284250035	470631.409817249	450451.116369953	389821.357625839	352758.164196021	339415.651934833	341533.043730897	335342.517011608	334992.324395577	353035.281336677	471195.854706943	471423.281760188	685977.46725768	590692.018718188	0	651363.756449631	507155.218539979	377400.919078129	269771.665529973	262864.374669828
452	4034642.04289791	1699809.10171546	989032.549839771	745740.758572101	624557.443031702	557691.155103556	516309.718596924	490114.248418962	461351.167951986	440379.310031199	382572.313892395	347649.058563875	332978.589823213	333518.215878504	325656.113095114	325899.520134199	339320.479501014	441724.353293046	438800.879065647	618291.081175032	844663.429347467	0	222186.894126071	558060.583125307	395456.047949853	276740.49835715	294144.897949058
454	3955630.55192456	1669912.49275301	970905.618332385	728654.912169291	616335.07949108	555471.57315496	512670.887243417	487508.733793764	460971.327028757	432638.949732628	379169.051301533	345464.850869799	330163.039855997	330968.074041992	321765.869939451	324081.045938856	328822.210130861	392322.836831667	418921.001034713	566422.03110927	868369.483011552	0	0	624529.373251799	423324.99058361	291446.414439481	284966.45211453
456	4149526.18425778	1744344.25104519	998777.505790004	747399.596898741	631019.526712319	562741.696130147	519697.733277602	493575.941352583	463652.00861533	427559.616279746	382681.621317795	350013.438866218	333199.291509701	333229.814319365	323375.804467519	327407.656725815	325485.832817872	361655.172852497	417193.526506347	534698.625544259	812134.715894083	0	0	690497.892009189	465134.789444519	318437.239267502	259623.981466018
458	4153889.44023475	1725977.03661827	1000815.88635511	746248.668415383	641463.413766906	561362.767142255	518448.459714111	490674.417694002	464023.564857197	421753.298316508	385235.431022417	350471.153090435	333271.806342228	330748.671685622	321124.489809235	324897.987400735	320826.811088556	352602.45289851	432499.362136269	503197.122153412	739778.686238885	263421.001000317	0	708773.46607242	510145.70662949	341174.768116219	255397.283787065
460	4415467.405376	1799400.06613103	1053128.80770031	775489.257879576	666982.078529394	575945.378969382	529113.444434155	496903.40441965	473616.344750861	427911.12997307	399123.476492492	356526.059217786	336404.044267541	332702.346890727	322904.367008234	326263.134935837	323092.630561234	354375.361804289	465689.20215594	485699.190397143	683156.53194616	576677.298092805	0	557097.925573042	578966.002320449	376200.971296671	276143.733526465
462	4610495.03196207	1856345.43084867	1083401.40585557	793943.946558989	680282.193576024	585320.502767569	535636.233962104	500558.004463393	475495.456028915	432294.572495275	411900.918589268	361029.957423837	339692.518218321	332397.063977023	324483.194729745	324896.345378408	323289.889127775	352919.494616366	462529.862237026	467514.832051208	634441.501701567	790568.807936056	0	129710.274130784	656213.678213974	409948.394809017	296733.641948959
464	4593223.96864802	1843148.87454477	1086770.13192638	791779.755215605	676287.441633693	587345.43873949	532710.05263508	499678.790049071	477616.614226067	432507.436916952	415432.610192118	361735.885328809	339287.00957296	329874.342920491	322061.282488806	321285.006832504	320517.839280183	344000.359227483	421060.574831836	445649.580760172	582525.581022815	824039.909527474	0	0	741168.061710736	441868.623848368	316603.515517129
466	5407884.82813233	2128992.95419019	1226495.18586824	872949.79725444	721848.610409776	625561.835362501	564396.550658792	523518.734532609	501155.067581159	452779.272616433	431192.947394179	377053.083806703	354384.590052769	344326.398510811	337236.878889364	333319.940772738	336192.465203141	351711.458656019	395255.20705246	456419.897308712	575027.066372113	795552.378327485	0	0	845712.079640996	508949.164977306	365662.907560199
468	5296899.97457951	2029016.30778339	1177272.99542888	843459.386646226	691772.103300031	612070.022714607	552123.916302985	514312.28469773	491474.49897327	447430.64433591	415432.416427148	369910.408847304	348052.188536168	336864.153707148	329649.573298973	322665.369856469	326070.705632909	334843.442701983	365452.25800671	443376.820579987	527777.308676104	727608.67955179	221678.68387601	0	880265.633075187	540500.318095829	381808.62535009
470	6327255.31598946	1878407.57119914	1102019.70732045	798449.788758382	655845.904044232	587753.475750068	536095.704754293	500881.912229405	480254.693870179	437293.940189589	397148.427555218	361748.76434184	340000.954020532	327956.606460854	318878.467631482	311962.397664038	314383.669871667	319549.094573314	346844.581954568	452653.454414676	479647.902095912	650894.822141443	567085.18311973	0	790047.183639562	579762.956154934	392816.084680254
472	12630303.2574228	1970231.04830101	1140043.6266828	824006.876149672	671221.210068397	606665.113718078	545376.308197608	509556.31246876	486058.451242204	444472.884826089	399366.676245827	370598.261087419	346440.165772629	332032.242856354	319433.751582635	313252.393480033	313348.52206682	319905.702986077	346832.588828057	475176.328765473	461794.746213434	603886.545095237	786372.032504343	0	316184.151033772	660953.460551887	429316.630853715
474	28142723.9838613	1777923.51135429	1042526.77308181	765045.31386716	632399.067825116	589214.274953128	523990.312719354	490879.896730467	472108.683980451	433566.879251318	386907.031765464	368062.466727874	336519.0555948	319974.774233149	304589.180506008	300806.222083125	298202.58052078	303331.122761075	323133.676908685	435454.266210805	417318.670471483	535271.571242511	809981.410555014	0	0	724288.937520733	435603.156765217
476	51728793.5253216	1768280.73254998	1013203.84255145	753975.003719233	624203.314750587	594664.577001454	519897.533071183	485538.635622281	467100.777084394	430004.911289451	384739.105436567	374779.477087516	336241.041366921	317432.146797755	299828.166509531	297492.02064002	291658.482381473	296470.367525175	310844.352130449	380630.641496716	392616.899726254	489138.0492042	746155.741625981	0	0	821725.876090273	463181.394661573
478	57550901.4286606	1868367.72754449	1055674.99290256	781375.514442243	640035.869941592	608935.08702721	530395.473222962	492519.610411913	473541.779999963	436831.180741404	390936.074830991	381776.532166517	340957.286686963	321308.300801754	303593.833236217	300402.176094082	293429.261631893	301013.223703022	305249.009335661	342666.907186088	388323.886272603	461644.559013176	682252.312958104	296984.927867003	0	936065.712535629	519610.43562376
480	34533075.3676904	2030568.55664245	1118879.14033496	829390.19852212	667343.171645906	621775.596014921	545339.599592491	505215.369040994	484097.305711922	445537.689318	401616.231693399	385348.571146437	347290.436804362	328986.090755582	309681.349117889	307178.098783403	298746.29853179	306575.597564578	306372.77824006	338851.415145702	407975.039312733	444990.208965136	632797.077505198	582973.074029773	0	938050.453707695	601940.2081019
482	18237191.1626414	2054814.25351515	1108908.29769205	822306.11981815	665693.63380651	610524.327791913	542922.624748828	502143.280130477	484396.739448171	445128.815993856	402094.680114767	373996.484808364	345992.245057464	328345.132866341	307825.533242545	304005.621826594	295248.632526288	301277.920177289	301262.067038098	330529.600780693	436181.222405473	416692.998233069	572615.283506998	759619.62432159	0	590070.228814348	679342.641243682
484	12267396.4298748	2038682.8394296	1077482.14743858	808493.119540898	650729.778032072	587019.941935606	536197.283036022	496739.413866815	479562.943010418	443610.160671382	398578.276644468	362242.652413672	344140.967206214	325630.884797792	303303.459777423	297277.730660121	289252.270730333	291030.710613224	292826.446172313	319043.462641664	432464.849657619	389345.910776903	517008.707907498	755473.954131562	0	0.648768656097881	767951.651059494
486	12342001.2248128	2140106.61763026	1068949.4369949	805607.575888471	644632.324131148	579162.864157313	533531.073708138	494161.268481626	478659.550167471	442415.724041906	397738.426579397	358587.937010842	347367.481167509	325454.158362419	301900.356718494	292495.111159002	286286.986011775	285168.070742829	288648.17908746	309632.466508765	394996.765232756	366840.839399715	473283.581476976	687476.640509892	0	0	888987.507563911
488	21608410.3306177	2770849.06282676	1096991.88331648	812173.836342311	652474.039896916	583279.87975017	544081.20939731	498185.624634614	481304.856447083	443904.718573662	398919.881824595	359886.44175617	357876.983949393	329569.000477524	303369.439593069	290230.491256061	287086.448071156	284142.271597029	286476.265670843	300724.232607142	340594.35160465	354298.433403332	441374.885735433	620318.592337676	463495.188608412	0	1035470.52747671
490	53118074.1530876	6645052.95672212	1185944.97708397	860530.149125061	677985.241115643	602209.524974878	572505.220478186	509132.071165905	489961.16325454	454360.963791795	408375.257320889	367803.188685412	373156.78556836	336675.615291121	310072.569748884	296283.991799089	293334.705430004	288494.832311214	293135.734075325	300716.64944803	320392.356014711	364638.273182404	425027.27328747	570410.246064684	811522.055872948	0	1118702.90563586
492	38593807.7329834	16909279.4790183	1228325.87971684	867157.957834268	687294.651697368	604216.266530552	589703.464313457	511709.28352221	492633.929367256	454934.166514698	409146.958414424	370047.248442812	373431.256842031	337038.000328544	309469.906494514	296696.30667566	294067.793018012	286532.110775072	291770.542384574	295309.826412975	312394.845232263	397182.209495163	401573.830620413	517839.506509621	963438.287593751	0	854769.028222609
494	7810083.34596654	23155389.8470578	1241852.20516492	856568.012609952	680577.846043451	596130.592263707	585363.634383047	509232.984502828	486352.087877205	450971.008164528	405775.77271798	368570.60489306	363717.236728224	331802.756379136	307372.642402722	292065.788889651	288768.236305157	279861.328753709	282128.32926581	287910.913942925	302282.3158668	410711.900785653	374170.166778232	466969.355071743	911014.828609175	0	24.8607225827742
496	5930734.68731708	8948201.38598614	1300943.3522976	859944.694359974	683433.122581559	593942.032895852	582096.993587307	506440.281131908	484280.959499422	450602.312926733	406523.337311456	369143.063783351	354636.722139633	330442.487282171	306605.819928122	291313.497793114	284549.12582059	277551.38034578	276269.460141085	283511.225984132	296300.259617268	387323.841288426	354766.923568226	428486.078742364	805026.438662384	0	0
498	5275521.91218888	375739.383677662	1358427.63842947	872653.228878944	696183.148471963	595580.885945048	572054.285128239	505410.814328536	486843.528814491	453651.723219832	407988.776836274	368909.502216161	348833.599738469	333639.778087646	306817.863485488	291111.552949656	281978.891272747	276081.961663689	273912.624211144	281240.930803034	290280.470264347	338331.002063942	339255.789470389	396966.623974106	709775.696633398	509817.726138658	0
500	4953202.04619649	3867.29404486169	1418378.36676447	887818.943762987	706799.187108776	602709.761109935	558323.738699143	509185.613638346	485675.897547571	455799.29184308	410900.346837381	371882.769280491	348704.172199581	339501.998851158	310948.433625966	291719.102423192	280032.144824025	276002.426009997	271177.67738245	280227.698552494	282062.90457204	296968.457237231	334465.917944746	372739.683444807	632900.859247285	907466.86307701	0
502	4806175.96073762	330.71315933793	1493452.47138507	901102.25801543	725342.348491716	610135.446939594	553928.891978777	515529.319953185	490712.680920109	460356.903326104	412967.747878623	374665.026457623	351430.798851237	351992.92614832	315348.528095751	293470.632309955	281162.213915743	277495.149958422	271655.356468814	281803.250296865	277648.345468396	286732.016679956	352967.586337585	353161.181780251	571437.273201119	1043705.07720962	0
504	4671198.6370679	270.589737185834	1606061.26609014	920020.401585977	735143.970172463	616339.728007382	559439.277620024	522811.319945065	492191.120583015	462670.275934955	414879.899946216	377139.723669309	353873.490466156	360189.003662064	315922.048470267	292900.353754939	280800.149265577	278504.543087226	268593.607465567	280492.002001096	273367.994072303	282295.311930104	389306.093653232	336165.663709601	519775.424651836	970201.815452392	0
506	4586314.08464165	837.058277812091	1804287.10437314	951271.737461463	746207.127712251	621592.860075954	564845.67186783	542104.031325129	498156.591905846	466714.786831317	417365.927208852	378604.413388879	355314.298961886	360988.39433462	315775.853185	295508.402331703	281886.276420627	278257.641540319	268733.677134994	277527.197018924	272721.06115535	279222.204554447	394208.91979441	319809.18582533	477501.927534872	850008.960237217	0
508	4527665.77344967	12813.2130836	2595961.10256568	983344.063426447	763217.367986286	632473.984989172	568885.127137731	561347.54695298	500029.509828538	468039.648981447	420066.892199673	381872.159762395	359556.664839208	355487.272136489	315609.880471462	297198.070449869	282705.732049185	277932.506861713	268850.918790007	273792.370354981	271803.096908087	277382.762886775	351514.966163822	306611.387494895	442538.160706902	742876.380746323	727372.303968379
510	4530301.89663813	2134853.22191818	6854548.12573651	1037271.20684273	775036.653489904	644795.941991444	574659.111072418	570494.534143505	502262.51870413	470944.057458455	423353.881804496	385776.677018917	362286.701566912	347222.981622531	315927.757261636	299044.046846665	284847.692372331	274830.16566169	269185.017212363	272257.282370718	270286.172496021	271867.056043839	299415.777584268	301479.264373144	414595.2445516	657493.012917238	1142386.8035509
512	4502523.48055017	23513676.1240718	12486440.7527269	1112528.75171972	796358.821521459	660152.460324495	582549.509585802	572180.605167132	506683.334630568	477754.300692259	427378.526894041	389255.117098412	366475.987057789	345648.629281061	321845.95680904	303457.855113919	285553.713783109	274780.135025193	271029.424229273	272103.423367167	271425.461426455	266868.90387911	281870.380466637	312700.349267172	392809.145026174	592037.304609831	1206325.23266221
514	4455420.00778908	5974052.93446548	4281761.25873056	1207082.84693345	816883.532970306	676109.042371409	583192.865500866	566158.206983909	509337.22358466	481645.062715865	432390.655846771	394114.54306553	369236.171920832	346301.324359027	329203.235695424	307533.295207324	287547.152091477	275031.419655814	272686.64975735	272808.309530987	272827.103755148	262198.525661377	276491.648906509	342637.110835767	373656.845546062	536759.475978091	1075359.51296526
516	4462175.02038877	4276662.18173062	35833.2359315711	1303465.69486756	837711.939812122	692210.268756817	594064.610765086	555115.084791075	512130.20102593	484667.39711193	435778.137073339	396050.381576257	372398.835875205	349461.299949858	342938.87370424	311368.846036339	289768.725984684	276198.870947873	273889.55039359	270093.019265375	271890.860884556	261172.02726414	275257.371033574	358090.454643778	356641.675213696	492907.941550351	922086.60506967
518	4487098.30935979	3567457.20194373	0	1385893.57967527	859739.321867231	709977.729094762	602581.534899101	548910.944222238	517175.323822124	491340.849433157	440364.315438664	399701.713430991	375771.948647456	352840.673215411	353833.078575854	312893.373053478	292330.882292315	278288.513941143	273731.096941216	270036.935365215	269762.34391021	261308.232457581	273794.823426393	342705.373034307	342354.996274555	457928.931938652	794256.789795825
520	4483880.9184331	3181788.36146057	0	1471313.07149733	881857.01467317	720728.595662037	611286.889532865	554254.394849493	527391.91306459	497174.84476171	445323.476029593	403940.908812418	378463.603224485	355677.693921218	354816.175310623	313358.171030727	293407.104469061	280092.766464269	270787.077986092	270542.048546274	266408.741949435	259686.651303916	270569.528802691	288154.249481972	329912.019586074	427519.978908035	696473.092842391
522	4487888.75003699	3012594.09307657	0	1570239.6154754	904963.333830992	733472.027258664	622225.509884156	563281.05908031	544093.079090564	502937.525760219	447859.281116337	406315.523269894	382414.281078856	359625.457096522	350459.578132695	314148.166622059	296568.613804717	281423.304286016	269658.948211735	270890.584809302	264913.090218736	259467.509038443	264649.199906529	258849.228110967	327515.837011985	402025.494113644	619620.521953936
524	4468586.6611573	2888294.5092234	0	1697776.06138648	932386.662468588	753682.866993657	631481.821279421	569823.322167217	567793.252981661	506522.996829459	452463.65949708	410033.05951776	386275.408644892	363531.161642135	342017.294996672	317070.186755456	300286.952905893	284087.479909132	268297.740923212	270775.449307843	264716.918669256	260064.44437674	260421.795524492	252815.716310295	352091.52112537	382046.257251609	561341.149139929
526	4443331.69804607	2771230.42720181	0	1919691.92512926	976809.550640667	769003.583086381	644878.735615802	577404.586973968	582386.871188188	515224.397933509	455844.735390192	412819.539412761	390441.161066524	368759.133363647	339136.525012473	322441.914069039	303608.755198772	287831.624778978	268345.875053339	271620.73282526	263790.461102233	261404.813121339	258279.110623772	250338.985184258	396492.107333475	363768.911459773	515182.934716958
528	4470699.958302	2694775.85952395	0	2508577.95505875	1030587.10474771	791686.155393026	659803.710802677	583194.168907795	585938.446082435	519259.508318496	461492.168898521	419162.395700596	395173.254088122	373551.011918417	341071.541167955	332680.564833588	307513.989707971	289101.320377257	269322.883507708	273193.678414414	262628.331792677	260101.032455319	258020.018058897	250030.602505191	392807.539481409	348257.256837528	476392.051643604
530	4441832.58840693	2624609.97150138	886.024477042638	5631872.48637871	1108297.66697833	812578.388910107	679153.756427355	590084.986887348	582801.045834436	523924.249406544	465729.562312706	424982.62684334	399801.990965183	376641.209903583	343173.152604048	348084.215897673	310354.481919983	291605.393442774	270294.97448416	273487.210359752	261617.193865768	257990.891738458	257743.356323023	248332.437271158	348033.035613892	334619.27322142	443523.632639557
532	4473959.81532784	2557263.88303145	6663487.73816322	7837376.58412461	1212093.87163374	841231.138061462	697335.828022867	599246.85365028	572284.368231238	530551.810173729	474332.829744964	430512.891803004	404895.446800714	381709.893724009	347811.480192581	358546.865395412	311490.511268305	294415.693492539	271787.164427383	272490.78479469	261643.984839198	255637.514336168	257666.689716384	244431.049119654	295746.286109645	325462.530112084	415006.366192594
534	4509242.7132975	2502625.35240677	6846729.93434928	630422.81533811	1330303.89448166	863153.614611784	715933.474873581	609907.595396061	563514.984656871	534870.621052629	479557.799524352	436587.850516525	408803.985554093	385257.755671512	351684.166893571	360237.321806899	312432.531298591	296827.633819233	273876.328606318	270877.778618705	262265.388976739	255383.788171194	257682.766646965	240122.592773027	278688.729042207	330600.031028992	394055.876036311
536	4613097.71461638	2455755.37460964	4390079.97822981	131.580771175221	1426301.46020296	887910.038935908	735506.926400372	620248.19777341	564607.000465509	546972.252814256	487721.996464817	442602.181906913	413132.074031627	389309.420645609	357081.474818441	352754.957825471	313745.664905198	300768.501009795	274670.734523832	267972.587345878	262396.22551422	255328.617184687	257734.798746464	236460.807116693	275006.321033013	368239.651466733	374361.102475834
538	4680288.77523566	2437321.87131049	3465359.41606522	0	1514755.68068913	917989.160619613	749709.027992622	629579.307784618	573884.561347242	566237.89606538	495562.877422407	448108.647383787	418259.781365728	394214.386877397	361514.513279235	342892.532122421	317816.07268364	304782.460458465	277599.658974344	266830.713319319	262959.87217239	254461.685137824	259776.510125326	236235.626099264	272854.848284864	406170.84998155	358058.949532446
540	4923854.94565979	2426327.45852606	2962867.65681847	0	1606908.33089521	944702.667634572	768240.894103785	639855.783800984	583556.785526006	593239.593637699	500839.24661244	452478.493265944	422252.512616902	398380.459438545	366301.141368662	340604.237458885	324625.336621221	309818.068383449	278671.859600158	267074.783159521	265807.505696039	254542.737228522	258066.391594251	235816.266284759	272549.494045888	385300.454693584	344626.770856063
542	5115421.57890046	2461058.99985823	2695699.01515743	0	1720127.51529009	981503.610098549	787342.584563227	655885.151096194	591552.663606074	619876.092374459	509049.079509293	458783.326255757	427709.645542154	404503.344036537	371566.608905884	343842.02903577	339820.128818579	314779.314082705	279707.840082074	269231.895861456	267531.189549739	255170.376125811	255413.919907812	235072.440386508	271112.220145199	330326.616286749	332277.796336872
544	5195925.88027681	2530370.81233334	2571595.66512745	0	1893765.60499039	1030076.52740564	809854.520083674	672176.235302456	598438.912375228	633707.514198373	518276.460540057	464846.659965015	435831.739829873	409463.994103024	376443.29604714	347022.897633982	356284.519801776	316775.27190168	281727.40523273	270473.893850913	266634.666817731	256278.112474992	253940.445243541	235481.991751904	265872.594206618	285546.3121867	329806.662945796
546	5234044.38428972	2545714.53070391	2474607.89914858	0	2220646.03400873	1089131.71378866	836406.254729356	689991.253203932	605458.219654166	633336.117986607	522138.687846488	471981.691458969	441967.027941981	415388.372721795	379046.712028491	351659.586613618	362371.600333152	317527.781922849	284668.791723961	272505.969383385	264171.344108389	257532.281316022	254983.063431301	234581.258357637	261165.463971504	275868.411804951	351896.480396306
548	5224627.05439031	2540546.12725535	2401885.68169794	0	3018954.19831713	1176235.8271852	860921.181781768	712261.061770724	615187.021390167	624996.306037506	528141.411208442	479323.345567041	447469.08071055	418767.251223363	382918.864614608	355908.51033123	359001.474342549	319903.925761369	286484.614807852	273259.561253825	260615.012261287	257294.005832096	255046.556340055	235871.847860793	258937.511791865	272853.317946057	397555.507247418
550	5197152.61200333	2546972.54828013	2312524.99776708	0	6133271.28771385	1288636.71863792	890236.835217582	733618.098462163	627151.361932956	611466.55731887	537714.374260581	484897.328280781	453295.368679424	423278.79966705	387308.235475375	359442.401830142	348479.939392015	323641.270900818	289262.04369033	273801.726064356	260430.268810737	258611.392281275	253856.775472115	236518.755102807	257840.357648415	271732.899489426	408450.422307729
552	5141676.82997303	2540170.41000616	2248474.65036143	16001.3256512786	2856556.87781165	1439610.00792363	921923.860046936	760448.635901732	638451.314503918	610549.996029423	551282.179038545	494418.408163828	459111.91767144	428906.557720188	391189.779628459	365896.490498773	341781.702428552	329780.920266341	294459.101346204	275417.601573392	261004.954608553	260627.697012937	253344.069188054	236570.490869044	257440.902725086	271181.448824508	371269.715466346
554	5127340.73449901	2511719.87022806	2168400.86278983	9370157.99841319	5533.90705427332	1557020.77132124	964023.250951813	784491.176060501	654785.303935645	618377.754388151	573616.51062048	501672.554215258	465056.437840606	435119.592194038	396665.874736048	371099.479870054	341847.612795684	341190.085829314	299437.995141139	276889.073963088	263985.152978328	262013.958656772	254824.351515871	233583.180197666	258356.022275817	270174.49014788	309949.808913254
556	5093552.04294836	2486190.24819376	2061531.52980523	5300287.05778403	0	1665347.54218291	1008968.61544079	813347.505760906	674412.650476648	632372.249468274	603421.421281647	507967.138619872	471602.610160707	440720.428582433	402339.100030134	375261.0058336	345154.523254146	359861.960140413	300982.909656632	278513.785721405	265549.466381229	262136.050846971	256089.483370149	232887.784448154	255884.644341392	264444.503639351	283951.575187159
558	5044959.42816214	2475291.01826882	2001860.64495897	4059409.62572276	0	1754981.95403292	1046207.3201842	847040.020385602	692497.681181195	642634.623910403	636301.625268618	515288.40233267	474516.782068058	448596.40455467	408262.148429608	379968.674400289	349976.204791634	377258.307012103	302747.061275256	278793.007952459	267849.129828485	261324.919266155	258180.648666657	233981.736753611	256473.112578176	260019.661367269	279556.446532872
560	5007838.46880954	2457780.66715523	1951946.45927188	3350207.06420643	0	1853211.26019421	1077385.99904161	869644.673915781	716531.376510038	652573.207397602	651362.087171987	521853.170245749	482766.713393917	452800.643176332	414087.314318588	382870.385006058	353625.450298438	383937.32527332	305753.152394163	282078.960414146	269410.284162107	259482.25186726	259190.389592438	234461.677906103	259086.218193057	257738.816900192	277497.544471828
562	4960158.95589424	2447119.52744265	1910439.86841851	2919462.02711547	0	1980597.60432489	1119843.53335438	885531.117637492	733575.338500081	667558.441295908	651976.764535282	531617.830364536	491254.575798934	462453.740674134	420005.612547551	390607.999334936	358371.951713807	376993.597333853	307843.957580609	285920.97305421	271482.563866056	259367.53652489	259581.182544083	235580.990187351	260785.739502082	256833.269946365	277588.961020751
564	5007462.80110291	2430666.84942682	1878497.63379854	2701954.66717761	0	2226050.72354259	1173580.93201076	908484.62835889	748773.587453588	678104.722649446	644632.633553259	540530.199416648	500700.402598181	468371.0704728	426844.34863069	393968.546468523	365303.34481228	364082.54690204	312468.382849994	290131.722735277	274401.532770234	261107.384201879	264347.182568465	235470.478706753	259365.483564303	257693.110736444	277773.196060978
566	5015060.37423233	2431063.61805855	1848680.26307704	2537389.53352053	0	2665438.2894841	1251115.42246842	930053.645617196	766849.054562192	684546.618002047	634300.312694945	552863.351645551	507836.605596051	474818.17630967	432180.856720959	398720.721275262	370743.636918555	357709.609239069	320320.526650486	295126.567226072	275247.865415844	263408.120159358	266825.038237398	237031.041880301	257040.787062286	257197.286177343	273461.51321864
568	5007445.21938794	2407035.73468539	1810327.41636434	2414301.28539536	0	4018607.82058378	1361740.39871873	956935.284093923	785288.408963121	690932.333326603	627368.358293673	565163.708535192	516593.463975574	480578.431805223	436651.135315072	405025.591673453	374472.469995824	359244.449456979	334143.885633285	298340.188167548	277526.408865703	265310.826300117	267654.56620453	238589.820750193	256947.552808802	255924.170303819	268523.48827927
570	5017761.43592263	2399530.32204082	1782348.78690947	2294782.39578943	0	5271121.07249471	1505440.85529047	980852.263578162	802800.632241213	700061.524711635	634577.16620925	585619.535341171	525771.84372384	486532.52142365	443415.609763234	410580.750650593	379111.143346766	363646.285057443	354838.639094735	302073.709693888	278699.578963052	268161.687288182	265271.154068642	239861.697228047	257576.489003928	257696.287879943	264383.143331479
572	5006977.51951246	2386920.48081496	1754604.18698155	2198420.03335291	4710.51647083771	137941.487039262	1638623.47835287	1011152.08109078	822722.14649141	710757.129375792	643810.863480611	614466.66936145	530913.535664344	494179.31866733	449890.738328692	416447.587858807	385401.034408165	367166.809638872	368457.283709527	303781.069818852	282257.191058356	269403.423336902	264079.729369774	240772.619817622	257799.754020727	259735.199121341	262160.218920759
574	5033923.499074	2363567.58102123	1746215.97548061	2106002.03293678	7613288.39194992	0	1734356.36954904	1041626.03713657	842901.546768003	721432.614086375	655668.134776889	642120.55309995	535937.828810957	499816.323068634	458017.018284597	424781.961354949	391292.334409039	373160.093597153	369425.967653535	306458.26492829	285256.174230798	271976.603305715	265136.075678579	242679.260354613	258752.152124657	260650.754727739	261279.816115157
576	5015608.82187166	2348074.93304855	1736136.90559241	2001349.33893975	5203250.29294391	0	1815971.12979285	1072438.41031703	860705.004997446	736133.078689233	665932.258672758	653199.363452615	542293.851772796	504513.033787656	465462.865508639	432873.01697826	395529.15050157	378843.842278171	359781.96191767	307845.457672314	289868.24606418	274359.128600207	266594.941394655	246234.965971805	258631.233856746	259942.873255566	261170.309628644
578	5049935.0107503	2338573.7123265	1707534.1069975	1900629.99637081	4093259.12753729	0	1902740.38985911	1106511.85801187	883378.432978691	750392.701289588	674040.083424301	652507.120331829	546742.146484963	510271.98253439	471010.857883212	438170.723847441	401680.962958272	385968.052120115	346561.248942376	312292.528070038	295316.212262768	277091.912435638	268626.372817151	248133.043817043	261272.735351974	257505.704021138	261995.256992685
580	5062949.64825942	2354326.79755839	1718959.32469995	1839530.2993671	3430608.3966481	0	2014003.91435765	1154997.22963783	911023.716169176	769492.022914345	685379.049494075	642270.633900996	552246.708648895	517192.668500933	475556.935637422	443061.8922133	407376.925042415	391386.696550879	345786.640661256	320954.976518919	301427.561595778	279582.683020917	271672.270357885	249609.506052985	262939.842624379	258798.980558376	260336.489565499
582	5014138.11874633	2352734.05100289	1714638.7406295	1787535.57163392	3009017.07876145	0	2180473.31069045	1210011.96623061	934198.591057388	787631.238590514	695359.913727996	625066.961360102	561141.096571151	524571.224359018	479137.391008501	445887.295263113	411223.518321282	397625.940772247	349606.960967612	335296.14606617	305707.312602097	282137.211524081	273393.926388628	250214.663045604	264420.727905635	260131.549483162	262621.178019373
584	5023238.06240323	2330783.61046876	1699544.31509017	1744562.4443996	2743244.74814145	0	2492508.70156848	1282847.90758155	960459.744047286	810994.433722325	707587.557793177	624053.248036342	573269.935984184	530877.137610161	481700.132574485	450507.557564862	416128.555618294	399326.650668541	352979.515997484	356108.375273111	307388.382568709	284494.937953189	275204.979492542	247911.242570145	264737.430256336	260710.250359756	264708.743313065
586	5020348.12155037	2329537.45600764	1687363.99020807	1704526.37137124	2559050.12255488	0	3001364.44663053	1394784.16286568	991980.266590451	835818.410184772	721122.62093037	633437.782195343	591041.695066422	539276.111805918	487555.57266614	455334.049872687	421367.587418805	402986.857411703	357958.763340744	370020.078201635	308220.039651722	287648.845854361	277502.742846907	247457.329655748	267577.823889786	260915.693922058	266868.770755524
588	5015286.75293651	2350109.84310451	1686204.78473607	1681497.03694536	2441636.03469346	0	4627212.52252872	1547286.18648022	1019849.81947217	854159.561807633	737706.002749011	647363.88026814	625123.329226044	543128.360599678	490713.777504634	460222.483459933	426252.166785959	405218.880742067	361537.430719964	370797.650280543	311024.342260663	290740.098822268	279749.841765478	248474.513608775	269744.44918378	259459.982705139	264021.610515795
590	5009424.90058381	2356165.32029996	1670467.40465086	1642971.25650131	2329127.87927262	0	3223338.48772189	1702480.45329777	1055261.99467159	877568.938011715	751711.825504882	658644.710296206	657951.670183308	549747.980650354	495032.663892209	463595.983595852	429586.388007425	409828.86021097	365715.576232538	359526.461877018	314683.343596812	295421.532050955	281116.667666756	249011.349871893	274134.097700967	259419.170045356	260321.857416871
592	5015441.78436172	2377308.01033818	1662550.95740236	1627985.61544465	2233040.44243593	95150.5934771517	5408.75240031257	1823481.05310668	1083234.60552613	897058.661327588	770564.728290469	669723.531730356	674336.718763355	556362.24976446	502953.972913662	469659.554260412	435115.238199632	411300.253476962	370853.556444918	346226.950163817	317131.721393584	302129.90814133	283823.90119266	252332.711550588	275067.142258961	261862.02277517	259506.611857918
594	5011998.57772136	2370742.02244979	1643046.36084803	1597077.08097074	2137657.40840333	6447071.53272189	0	1907872.41984991	1118565.1937518	919116.875139886	785288.172904392	681564.368575336	672872.280060642	560536.106675219	509553.07922662	475994.857746435	439898.930869707	414561.823836775	376964.13245314	341546.150685771	322635.952864487	304489.972648703	287508.979321265	253032.744892293	273336.120236623	264241.769039415	261242.395948758
596	5024959.03091639	2401074.68434897	1642170.84083151	1592452.44651183	2032832.52014836	4979028.29753117	0	1982120.34453781	1153444.71139814	947920.298884147	807775.033469583	692634.856451488	665981.619417465	568872.512998117	521134.292069247	482023.027146086	442609.653005379	416996.02092862	382870.383263646	343951.119665271	336129.073745349	306516.479246708	288428.736253906	255385.890673372	272301.663891071	267739.575807496	262165.292395029
598	5084019.34529268	2399476.24495874	1617024.75781596	1571974.86401597	1920336.26069877	4026943.64273238	0	2057657.12507478	1192254.40144307	969783.095350596	827918.752299168	703702.681980565	650382.711977417	574988.151295196	528451.755707598	489251.906016466	447368.434981376	422323.094430927	388789.260379169	347999.791200928	357448.066505383	307807.836406009	291867.525292007	257380.26653421	271480.747420261	269733.293116121	260074.301997283
600	5148268.3368844	2413351.63033139	1623982.03748546	1559518.96980854	1820707.16438993	3385364.07274139	0	2168026.5746702	1246226.53209264	997102.223807297	854245.168089827	716327.922284098	646321.430273045	590811.53606828	535225.672474883	494248.25654101	452318.942932032	428609.875235849	395881.25304847	352653.150293485	368643.255492623	308994.243688439	293368.624383995	258163.838374046	272727.014815401	269957.415174354	262535.187254929
