Wavelength	240	250	260	270	280	290	300	310	320	330	340	350	360	370	380	390	400	410	420	430	440	450	460	470	480	490	500
nm	CPS / MicroAmps	CPS / MicroAmps	CPS / MicroAmps	CPS / MicroAmps	CPS / MicroAmps	CPS / MicroAmps	CPS / MicroAmps	CPS / MicroAmps	CPS / MicroAmps	CPS / MicroAmps	CPS / MicroAmps	CPS / MicroAmps	CPS / MicroAmps	CPS / MicroAmps	CPS / MicroAmps	CPS / MicroAmps	CPS / MicroAmps	CPS / MicroAmps	CPS / MicroAmps	CPS / MicroAmps	CPS / MicroAmps	CPS / MicroAmps	CPS / MicroAmps	CPS / MicroAmps	CPS / MicroAmps	CPS / MicroAmps	CPS / MicroAmps
300	1503012.97618538	757073.420570185	564716.493369774	576841.677734165	674361.717131386	1513685.1883281	0	1645657.95519591	576639.070782061	442216.386275429	328023.399253846	290929.66399227	277916.948250383	265967.523141786	252504.904391211	248650.574785754	230344.630775522	230035.115876965	223423.136138415	214180.567155903	213009.371446223	200467.249437064	192715.552216166	202276.171176669	165575.246068132	154841.708813204	145778.770415138
302	1478508.29798131	736719.467342229	552880.028858991	545723.188994556	608653.831337836	1131338.13519849	0	3028938.82736715	633985.140325105	422741.067996989	329405.873025772	282758.97045711	268165.197609927	256307.943100989	239409.17937211	236270.498502696	218993.951578771	217919.658155559	211249.658458961	203638.946241804	199564.861132087	189685.802296752	181915.730539582	174183.045747078	158292.942921905	147173.732361502	136640.945794144
304	1480784.94858528	726073.617832575	531193.447519837	509077.627873809	564757.000850664	889585.962597538	116.498824698122	7242289.66284859	711828.590897557	416344.897694074	341848.624614133	277909.360428079	258987.327460337	246170.088591711	227716.038055771	222399.904533312	210751.268455491	207705.124606762	199420.417286609	193344.206252721	186197.079551579	180106.37806661	171998.281329636	149895.635783326	161371.29389341	138971.308107478	129843.305582075
306	1491365.36936175	711810.854902751	512726.328655035	490421.552010899	542598.844925257	742902.519543905	8680670.50547164	235.601951961809	833338.563140624	429233.151812367	367076.817806524	272931.450567913	252229.379838504	241397.142809201	218671.429190531	212220.395784605	206336.972344065	196458.189000742	188157.416260401	182403.164359531	176257.913013674	171490.017931983	162056.933836456	139925.585074381	175935.620173852	131886.878066219	122943.560719558
308	1469424.42306213	694683.679466187	506191.631827445	464814.495064449	524045.835013818	650140.028188619	2423514.22533104	0	1033826.42573527	453753.493307155	376137.075061085	270168.242266642	245840.432548397	235297.337615828	210113.99320017	203867.485741244	198916.935508689	187427.968533236	181348.690328136	175878.800462348	168190.953171238	163177.084196573	154120.045070592	131703.287036432	156785.888563002	124672.066716844	116183.428757567
310	1479493.96420349	684953.227719331	477557.21632952	439130.881999556	485322.061270504	572534.531281032	1428701.33304433	0	1389320.70158698	485394.800784972	359594.357745774	269213.658720469	239979.477612361	226986.87250672	203251.284903534	196187.368565882	190489.176486915	181150.254516607	172783.052049993	166439.084237173	158077.781590813	153560.497395373	147089.556851241	124905.748757357	129122.014463464	124131.567358003	110819.236696276
312	1472046.69560728	677173.665330132	461885.441788659	426085.90253939	445252.589978691	518207.594042614	1000793.72620128	0	2321463.00143351	537748.157952937	346199.096652559	276627.497789468	236001.570389847	220097.232377741	195950.948473046	186880.134334727	179358.584541897	175007.41446903	163808.853280826	157696.848848523	150685.296281818	144437.922979753	140541.876275798	118500.970786087	120663.727413896	138928.229223	104747.220752166
314	1440304.5648947	664406.192385839	444567.397709117	408060.99810649	411486.708886812	472749.560331901	772746.41909308	0	4315974.46387934	603472.143379721	350684.189597068	297152.440043044	230934.698117481	214250.399867584	191538.252481245	180510.222880935	171739.2886976	171057.776254374	156689.51678366	149966.041910469	143797.206192455	137001.83813553	133155.526725394	112829.211796314	113230.889645748	131681.771072871	99232.6641500061
316	1420767.06574495	647942.882715745	440268.128163871	397905.626251574	396414.891045943	452996.542295098	635027.339422591	5356087.16890409	6.13369856637578	711574.477368546	365978.678194267	319143.341871276	228212.382321792	209860.566407066	187933.862528335	174857.862115747	164715.932434915	165821.686461622	149808.777392631	143117.218782209	137301.561489795	129739.890679758	126229.411659585	107129.914731045	107484.036168181	106286.13121019	98108.5219595012
318	1379642.37426544	635142.354075433	433562.987590098	384124.887594793	383004.01010079	439156.861665296	555192.842601566	2118518.44080551	0	879958.798939665	389331.792087904	313116.876172857	228918.583326582	206735.499801466	184371.204341223	168674.700875713	160737.090374323	158080.655745258	145969.088972949	139507.033299343	132419.797381202	126178.019350177	120657.097095802	103530.509789701	104245.38569876	98054.9023605047	108781.669009547
320	1402405.60013329	638744.198005247	424462.679974217	380899.35824299	364990.937830015	415796.321432008	492413.27681231	1276518.11600851	0	1176280.36249161	426091.636063771	296654.695700936	234334.062244822	205258.988779166	179367.716879883	165054.300519462	154767.070771614	151873.014379164	143717.792093403	133890.548091893	126491.279877379	120724.481767722	115167.324621446	100368.881952409	99181.5728122223	94405.457152899	113144.64477592
322	1420013.63840729	631954.927713106	417090.985323296	370740.17590197	353507.982846912	384273.686666739	451250.039308529	908073.099863679	0	1816961.63992185	481202.045050167	299616.970643113	252309.367232312	204963.881355514	179155.195868701	164840.614656228	152955.194043218	149263.403460625	144301.461436527	131684.875260654	123148.908232225	118755.61582717	112641.631244843	97123.2881075393	97702.2860857444	91432.7569283316	94464.1585199594
324	1411976.31770693	620859.006175655	414928.544631069	361481.878423072	346042.593323478	359945.052030212	413878.949746292	705193.253130862	0	3107889.51777389	561807.274263064	315856.83416529	282005.367833956	206370.316192235	179697.204083633	165682.786791528	150983.845396975	146261.587773187	142034.385610012	128901.943978815	120268.893326598	115002.954547451	108383.147093091	93332.7209975777	95105.5002568322	87944.9024340586	83592.4982913244
326	1386409.95153801	622433.053026217	406872.850788497	356297.046221565	336820.340219808	344862.278647923	389913.435751657	581330.669355253	1805340.32590202	6.54981284408016	672643.557186573	335451.294948722	294603.871803147	207433.584709852	179038.516289006	162944.278846052	148211.971127414	143237.140521456	135536.375059802	124574.341096581	117427.996386597	110834.844303895	104820.241904826	90182.7203113744	92966.0209799556	85417.8704366279	81369.6330084562
328	1393700.32357802	622810.961302019	393824.546174467	345690.653811564	328398.817535057	325954.875453235	378171.713110089	498211.532437659	2097033.14775729	0	841583.806280589	360266.671522479	279401.744735652	210161.234538926	178676.285350158	158975.618252485	143740.330578183	138278.005227062	131147.013964215	123324.81225129	112537.054365904	106249.883303954	101897.236036834	86318.9522515079	89069.6368924368	82268.3848158205	78146.3032477442
330	1388895.85740049	608529.210040749	394885.375764196	333762.290552758	318100.553895563	312859.167397679	360659.514958152	438903.9948471	1251494.97600089	0	1128885.44989196	394065.058763308	266849.697422068	216577.589003024	176943.323305461	155962.111755354	142934.27925334	135338.842614941	127358.606920636	122830.435424107	108802.866722063	103045.271524662	97934.0451331322	83048.7816876279	85047.3443178748	79309.7486166349	74723.397750352
332	1358555.37656348	614736.975043181	390993.523673182	329193.301591822	307764.591884303	294602.173428945	334012.487009585	393580.519965557	864576.024992641	0	1744058.27737501	446869.144159556	275492.879068104	240952.589654202	177072.709027855	156297.348689189	143078.128466897	133092.012680048	124069.137246266	120124.994669068	105918.932137199	99687.8231826667	94861.1843826476	80074.8104064859	81940.1600474534	76954.327565068	73108.014225757
334	1381853.88434728	607671.4281069	384139.786178715	321109.471316292	297681.790593481	287419.51844592	305181.142988528	357705.563186238	657383.024059447	0	1234369.64556265	520843.852939514	288061.441443694	264586.910217361	177024.62687317	155833.697141389	140746.054803081	129643.510283582	121599.749488902	115074.632474115	102656.767840776	96366.6566743323	91732.7851669934	77673.6904377052	79103.8479600702	75284.3770585116	70008.9252548087
336	1368287.54192341	595304.716081067	376262.29408628	313901.619779891	288285.906290518	276880.628033355	289696.185349412	332079.311982175	531992.839151343	57027.4492791313	0	625285.187508269	308254.219147859	263339.68670567	178013.813775506	155245.796358595	138273.40266736	127722.318210006	119531.007562923	111139.898804006	103015.896857335	93837.6086065176	89288.7081497344	76045.9917951308	76927.1699984381	72639.2270789677	67862.0654883119
338	1372012.26714475	598261.051846218	375018.477594067	308621.178704992	285147.466973997	270674.954644556	277460.324469987	321025.485520869	454801.639663032	2008381.20506049	0	794298.594307344	334534.451288037	246675.466670384	182287.188566337	157542.772034847	137192.035842403	127030.971582852	117797.278556979	109654.035885702	102362.906449287	91669.1291774683	87230.7040002966	73974.3644485498	75030.9274201503	70221.2331049782	67081.0263121071
340	1372123.7795415	601192.219683509	368763.284229303	301942.069908129	276470.979643779	262876.51709732	267545.063983182	310331.113349185	397654.511768464	1227675.84636105	0	1076828.88888774	372811.209866524	246810.839477997	194394.469041404	158413.470502104	137153.73506724	128651.215505461	116136.452352881	108560.391001172	101065.949268751	89553.0381526381	84790.9198176545	71693.7220572706	72839.3310011274	67691.4515361946	65768.5105297593
342	1378028.28167066	598427.75623156	368470.218829476	297990.380338663	272429.870632331	258557.42088833	257528.195522471	295485.155336755	355737.647918555	843068.748283561	0	1659362.30718545	427060.333905488	259808.35952422	221732.691610597	159947.496767198	137855.967561749	128384.527491207	114493.411553243	106306.067367945	97792.7386784294	88964.8095963625	83093.2230826611	70818.6852989428	71020.8248924935	66891.4427664308	64532.881173754
344	1376611.07982263	592553.817588568	369614.498641476	297926.5000822	267117.643535867	253112.102305175	247399.265190139	271408.284481646	324649.580191221	639044.764242717	0	174824.752667742	502062.563768705	275759.326896108	236614.651815441	161759.852593569	138695.878602529	126799.153146246	113105.496401856	105431.759149184	95385.8900981427	89981.0832665664	81707.674075987	69206.5861755059	70137.8372507927	65063.8023780711	61860.4468339985
346	1398297.06447062	603712.823859998	365040.01837113	290926.837815734	262011.281947233	245125.115836936	239967.336097236	253729.175998487	298784.002142515	514473.995323753	122583.928938397	0	608740.625024791	294476.79591539	230196.078098399	164670.703130909	140230.159462978	125196.670524213	112602.913976444	104503.441290729	93733.1787630155	89732.118260707	79909.2662618972	67934.7765676539	69002.5914977077	63957.3843077558	60025.51969121
348	1419286.73416284	602505.428980535	368296.106637616	289910.64882111	254557.804457096	237660.575411774	232292.200704447	242552.44619039	281590.007487585	431756.381506614	1645199.18013297	0	766647.670055771	319748.56492453	219437.968851627	169946.687128948	141769.620092467	124752.11023156	113788.174803337	103621.287804722	92437.3861817454	87560.6124989817	78863.2811522415	65895.4117318248	66529.8418055751	61917.5495886071	58746.1427250111
350	1428539.62906264	598051.878609807	360436.166548912	282420.952239967	250458.326643957	232189.913407403	225731.313138864	232106.554923064	274969.370789904	373421.848958025	1071870.31395855	0	1025829.11966957	353453.917317252	224900.808141028	186849.600219815	141594.784333477	124856.916032943	112859.574380114	101961.766847714	90704.5477082384	84347.4387354221	77552.2877113757	64136.6565892179	64656.8373863162	60036.8629751159	57199.5373314605
352	1397604.90458211	596890.278200628	359249.121723633	282470.319480348	243479.141563176	226189.13462668	220301.01430274	221921.927526217	264633.428034593	331758.345638445	755058.308048807	0	1476602.59493115	405722.08474829	236670.043910888	212149.359495727	143575.567106558	125682.680843459	111173.178442547	100386.611358116	89250.5317893998	81627.386707947	78071.0492866177	62931.4445152677	64273.5587683876	59092.4909032761	56019.7714458572
354	1405780.6488185	585287.525495209	356376.542116147	274180.697768013	240997.848677401	220650.971409743	215606.598829227	212674.190020127	245201.728595512	296310.836203572	572291.332938476	0	20503.283527717	474011.258112046	249563.570969967	215776.083355011	145670.327171244	126785.48862038	110096.806792416	99969.9634128724	89258.013416733	81002.6035471139	77885.9601372038	61891.7880541489	62742.7287960584	58015.8940577033	54372.2110464005
356	1411571.18905872	585864.460432658	353813.626548646	273236.800558558	237247.021912678	219090.331610997	209503.820315057	205278.165374387	224077.29501147	270929.084214292	463241.503490539	185572.865496133	0	570169.428808763	267481.224746939	202741.124321712	149855.800270522	129169.213146533	110804.10953485	99866.3844382622	88816.4422639294	79709.6017342184	75827.7595916442	61011.0820915797	61827.8454871161	57010.3347537369	53317.1450655157
358	1425882.65416867	592535.48744107	357627.035102201	273593.12252228	233599.885756768	213353.759022908	205011.574825014	199771.699965879	213429.880225403	255678.628922503	392201.509489913	1368871.67059343	0	717343.462324811	290576.00855105	199685.54615908	160716.820098616	130815.232519869	111121.189455376	101679.994722113	87629.8413839977	79176.7034385391	73788.2425206706	61752.2584582458	60129.3192013835	56302.0780718113	52612.6605283155
360	1392880.07918289	588426.528129909	353537.645655774	270384.044101191	230521.426596441	210316.741515561	200623.079738632	193954.790856088	206510.501591735	247781.966512359	341802.22673557	951441.829456532	0	941088.408765759	322655.001400223	209065.954909753	185744.248062427	131843.117203017	111406.363779054	100981.407068927	87463.7306728222	78223.0343308432	72535.4346520306	61715.1373700285	59334.2468441382	55244.8069781045	52201.7455175747
362	1411516.34874814	593616.122950717	348222.2578199	268026.971991152	226754.850541413	207276.12963667	196661.657772098	191652.261250577	199549.380683138	244584.921349909	304626.961514242	688957.967417596	0	1263222.49305927	369571.479926657	220818.156030228	199102.990019027	135086.669515408	114128.903515286	100033.878201783	86584.9923444844	78617.4726694535	71700.8809082439	61867.706720548	58771.8054470365	54457.4477244786	51627.661844926
364	1406838.37876992	598143.754180056	345527.711964618	266241.018953034	225115.585021812	203138.961667605	193438.100052591	189514.071120563	191261.973283068	232122.608797034	275077.157775381	530505.992967469	0	13921.998702341	431778.805340266	235046.557107021	190516.558856113	138229.736791484	116150.398631383	101323.65619357	87664.3575812841	78567.1518631278	71800.2054494915	61296.1267074685	58495.9011298081	54152.9626059303	50643.1863022633
366	1435574.31676449	597797.333636622	348641.57511596	268319.8718313	224956.156201686	200733.650957386	192317.915452747	186239.493171568	184859.749531252	215565.999516604	252861.313952611	432017.819115901	95495.8825931297	0	520914.940383189	253011.25452855	181664.013573709	146776.851455309	118178.720037571	102552.931252681	89391.356869611	78325.4589984029	71603.6771675222	59650.7913759029	59221.1827839514	53146.3179911478	50605.8069762598
368	1428173.0433635	605323.942829738	352028.042676278	271518.499803457	222387.030622851	200368.515479564	190677.34047079	183331.411902703	181100.182689257	202080.583156729	236962.35693801	369370.424598681	1216386.32499896	0	650745.048601022	276148.363819699	188541.309922243	167199.482756467	120947.426365462	103176.914032514	89213.7471583025	77669.0932806916	71064.7328973957	58984.5338955282	60538.6664673218	53264.3889248336	50598.2226790488
370	1436939.16904787	594086.615374691	351279.91887629	271114.143902647	222709.225795799	197976.189599743	188341.716636745	182151.782351472	178710.937449503	195389.060100871	228837.371793367	322150.719882574	901230.787229492	0	841719.456524971	309077.690286961	199418.43519976	191365.796867078	123704.607272265	104848.458405713	89409.7261121109	77814.7012476881	70949.7069792282	59242.2085692085	60825.4949741258	52673.438061057	50155.77390124
372	1443838.68055545	596124.53074291	352583.203094198	270770.579577068	221537.998749406	195844.042550586	185969.460854923	177700.425742438	174928.149480955	190929.449345065	228684.468437366	286407.275032424	663331.119976877	0	1081055.74117471	352685.34380499	212626.233927431	190747.79824577	126943.092238338	107960.912530978	90436.675837242	78634.7789414383	72087.4491776739	59161.6599983508	59556.4427785165	53114.5358805732	49765.6077605429
374	1443556.96174784	592179.812141196	353658.675326232	266886.2681446	220010.926292099	193366.23099087	183228.248581803	175889.564237157	173985.490292601	184736.441611785	224086.758422009	260006.638313943	516164.32704669	0	76044.0280385012	412809.997300358	226186.59568939	176909.319793353	131776.494517713	109476.394513664	91446.5218565245	79500.1424647179	71952.2324088955	58787.2428000786	58570.8711621746	53845.5415765535	49699.4117641003
376	1457816.35204743	600732.046761624	353662.490944342	266532.020910158	219929.631152304	193423.903220211	182176.861226973	173358.58329165	170856.004121612	178344.762723685	210207.143612809	239523.07269155	424467.248049528	8681.28867922023	0	495919.187544702	244335.589440016	175952.889764414	144461.117613023	112025.883378985	92545.2746906182	79865.8712300095	71972.7446037751	58652.80137477	58231.96095374	55070.134657883	49564.9941961267
378	1461390.4603907	603501.99584662	359269.307888059	266164.058360071	219762.594427553	193150.630687078	180621.845372601	172274.161865358	169612.413629097	171791.106221994	192767.891472717	225093.390205813	362151.904786668	1120266.44183727	0	613046.78263007	269015.261339124	186355.127873657	171118.762468394	114414.649271457	93818.0471622538	79917.7990494791	71648.7041353101	59121.7943446152	58688.2338785474	55429.9730235333	49416.5399983514
380	1464149.45128908	606315.922987166	357931.315432638	266934.986473278	221657.46026776	191865.539148912	178913.509555001	171897.754324701	166235.242913076	168485.611542042	181890.603925011	214162.161481949	316554.74000705	882287.498971325	0	781602.623979867	302254.04426032	198148.538977772	183295.729927792	118022.245575175	95910.0770676365	80195.0577346748	72772.9991303638	59717.0024481055	58921.2929095537	54477.8323616548	49780.8948153024
382	1508753.74729761	614042.78603646	358663.832092031	266393.596809271	221364.29531411	192792.278522768	178510.416544105	171045.897558199	164176.829902231	166267.214355891	179621.367762827	213997.6471953	284000.018231809	669291.204435677	0	964457.642621809	348587.281081137	211660.651665927	174634.279896884	122203.417019229	99108.1847484544	81908.7833940126	74721.3826678317	60419.3158276339	58908.9860603391	54243.8633805483	51110.5698579953
384	1514655.55956449	609014.165447304	355362.623883849	265674.870966309	220904.27308244	192791.433001171	177119.258736488	168493.992073754	162003.597178583	163806.099918032	174314.008914368	214494.062961732	257115.039496785	524291.354649718	0	53440.9514598345	413508.646866491	228465.556276392	164300.936834952	129983.679711483	101987.806461925	83599.3555762636	75601.1890259567	60333.0203559668	59387.3704715372	53976.8285718194	52284.5352833046
386	1534141.66756743	610002.414220118	357554.417829751	265910.986313122	221402.414243684	192844.846667832	177143.400165179	168877.101253133	161645.208838263	163030.536561105	169165.937072375	205899.789896635	238372.871889177	432668.222613466	10.7860645376596	0	502156.43578519	248638.145619627	171859.366978144	149612.060997433	104872.347632464	84830.1716667521	75629.6042124139	61185.1981707539	60585.4799257445	54786.7744714354	52939.4110669379
388	1548232.25256136	623598.515197609	363162.717080763	269978.474681837	220825.367553592	195332.230859789	178157.522769446	169502.031279218	161274.218216539	163542.89046418	164307.20527383	189329.437958013	225831.313397739	373000.251568532	1006348.28533544	0	628977.428537414	277697.468817406	185119.693857128	177011.549298005	109103.14716279	88216.3734273121	76725.2817203735	62924.6700584782	61669.2713512433	55818.379392242	52529.6939192166
390	1545942.3057321	628818.856408891	367601.886339046	274861.664763095	221357.60484585	196841.31012513	180528.182202369	170388.537618659	162496.099811226	163059.462188629	161551.423095237	176833.879406975	215112.482815185	331191.115332475	905340.103098022	0	799040.371083573	315980.552420251	199568.779948778	182642.077160715	113472.57905542	91412.4492081725	79000.8320628763	65242.7374202954	63269.3719320225	56739.5395998742	52576.1681093193
392	1578729.96019012	646034.263518635	375358.485859179	281016.735970646	223609.625374375	200761.45006351	181510.372004933	171554.495848794	163390.34502222	163355.655632257	159912.683378842	174144.629296939	213783.191420679	298338.592672486	707129.59887168	0	927574.932496539	369978.866791711	215383.984819996	169176.663915288	119849.28722311	94813.8843853399	81089.3271165905	66545.3961205022	64173.9955573706	57386.7541452928	53470.1526178747
394	1619262.47062126	674853.211268116	382139.55262371	284744.384576121	228032.399488674	205170.32616093	183587.09440414	173092.870915007	164954.362662558	162494.55345263	160302.013350127	172945.601049608	220621.030599545	274076.972585122	561179.32153472	0	1338.86264159667	442556.660584611	235813.100911852	167567.330791121	131955.697825998	98538.307867783	82753.1488829031	66729.6602409312	65404.4541961192	58760.5491955568	54396.5687171764
396	1635694.45709201	681349.525975901	384396.068388247	287431.139930996	228218.547996762	206871.193080064	184686.286746674	173215.034651309	164992.902294707	161070.054296132	159139.686699988	167754.749864379	217044.08136037	253254.633844965	461268.964757937	0	0	539266.221057987	258516.830329742	178367.425642513	157409.715020672	101776.236302873	85458.9957763355	67417.1510149789	66630.7378483295	59545.8497312058	55116.9299019302
398	1600579.82449777	672687.097754682	378049.560380559	281588.551521087	225915.112527318	203975.251289805	183594.675470775	171515.233897488	162048.110045359	158188.645481938	157584.788141703	161964.981571938	198675.514121665	233922.721430892	389287.841206989	903732.193691279	0	662653.050626515	283726.507830747	189320.613654701	175190.012386501	105078.125353212	87253.1107013578	68615.0620650242	68276.825991541	60193.8219068705	55436.0190694945
400	1579922.55733944	654124.052463132	374226.477213191	276830.365605859	223956.800035061	200398.971878806	181404.812801363	170434.792110725	159514.038117698	155010.773201653	154279.319930412	155441.481546644	179159.093455045	217660.132004446	336939.022859075	869193.08757814	0	822409.891941954	317689.624331813	201727.929444446	168520.824465298	107780.581451824	89184.7187977812	69551.3498449257	69143.3649583036	60287.8190376115	55304.9610967579
402	1585935.7516035	651387.061925736	371747.818835337	274713.669406113	225889.142905775	197853.974099986	180541.231493936	169060.932846738	156808.211120859	153908.542772394	150999.84243527	151912.130807008	170852.421586971	210329.962452648	299768.304137059	692745.738008645	0	882435.655362835	368712.429474958	216343.455502598	154290.790539974	113971.040376356	91409.8203008024	70635.9983017741	68494.2872472662	60521.9078912851	55789.7417447774
404	1585070.83078366	650845.660467551	374179.595380686	277057.412829488	224846.420384816	196699.413304453	181748.707335598	169213.626714743	157132.664821048	152997.665035728	149321.158170099	149831.627924429	167501.574650007	215625.40691689	271768.674649588	548309.652645461	0	88.2423576763417	437991.267621377	233800.737963689	156987.291613493	132269.828431786	93907.4006023967	71600.443337355	69119.0289033729	61538.0076322649	56657.575913545
406	1583359.95074237	654358.841082979	373509.789651606	276322.438496233	225620.005652666	197219.513341676	184037.834656307	168877.245332024	157186.942182607	151872.979518213	148606.453413477	148310.354762476	164125.444425123	217982.928241617	250385.931243788	450539.101548828	143.982433398852	0	531707.094457477	253851.5494416	168562.26832319	157018.696169146	96674.1786168825	74063.5672618178	70656.0534268592	63098.6061446723	57836.5915066897
408	1608272.27332185	662197.650067205	376272.119710728	277799.796783236	227935.701976665	198617.008735194	185283.422038716	169607.147824502	156917.017125664	151951.291850293	146939.727041543	146934.329470127	159877.683617333	208224.452872396	233022.638737452	383812.273066137	864987.545537758	0	658746.58953676	282223.936295891	180402.983599093	159051.729420658	100503.560626909	75834.261308268	71601.1726283766	64914.2038199379	58272.0726273059
410	1653857.30830764	654569.084313456	374135.776065375	280789.492610343	228997.534208532	198597.896516015	187773.791581647	169956.358936716	156618.059567688	150704.369062764	144978.86105087	146522.043422142	154193.508930471	188941.631937077	219366.249042318	335901.170030154	815564.497514788	0	812244.875947993	318851.790836786	193326.909162933	145987.853000189	105041.922975417	78533.4662088544	73007.1355611275	65492.2264618999	58358.0394910151
412	1637798.258791	657153.718151336	379719.432149032	275845.07349627	226739.179686179	197798.078267255	184565.463994779	170182.28775773	156713.650106889	148786.579748858	144341.913720886	144478.963674447	149276.643734246	172816.237327642	208467.847070375	299724.862948543	657418.080243654	0	841586.530448017	368470.50297589	207655.408129318	141235.059621565	114298.07411175	80073.478323518	73997.396945083	65533.2101799813	59507.0538004159
414	1643354.96914549	657953.745977924	374832.665245624	275852.315748051	226059.456561629	197707.11112163	180621.46647289	169031.495526316	155709.832499508	147858.130329754	143369.887741686	142471.423511387	146535.832743025	167477.303265232	204476.675580285	270444.568465155	524040.062436606	0	90.0748450191161	433673.182531554	223436.078301191	147571.690697333	136036.133330275	82381.5768541154	76627.5186547427	65733.5743562544	60799.9409068554
416	1654154.79686147	656559.630391314	379858.322905206	274334.037162878	225467.871459794	198321.218737979	179626.958913652	170803.766474771	157037.840694308	147743.586145946	142762.482405586	141315.290274917	145701.465589748	165546.710924465	212609.854934267	250364.754953803	436346.665385343	1408.70564668846	0	527803.066707226	243030.829275206	158275.675415537	153575.507625874	85709.0624618926	78878.7814377943	67568.5024418127	63292.0251808474
418	1703526.74180518	677087.419139348	390150.255438021	282396.52685668	230682.481321264	202426.727626503	183115.115878064	174290.04449444	158937.129425297	148933.092026904	144428.562441466	141161.451886699	146298.596920689	164008.356367069	213896.430246015	235869.18174054	378159.884134235	829926.895104956	0	657648.267882596	272917.988579256	172542.919212567	147930.851089345	89966.8791033573	82231.8061159852	69458.6060936034	64411.2259930208
420	1643865.95531086	668713.680569036	385287.183275844	279770.843540364	228613.580503183	202918.848402703	181425.380687911	174935.885155383	158847.172315915	148204.511363826	142684.54386811	138619.879331557	143952.404333953	157440.064763699	198725.38144393	218914.698416827	329861.864439174	814412.933177894	0	811434.036988208	304836.134874789	184192.799456779	133092.275483888	95366.2228103284	83146.6113366656	70213.4089600406	64121.6621952463
422	1647753.76360676	666900.610670135	382326.665811243	281460.921494456	228652.203513281	202469.678169381	181474.729259112	176858.201602303	158909.046254257	147605.019150191	140561.966357721	136830.940114281	142336.926452188	151465.219917249	176733.410810267	206097.068595728	292013.103724513	661717.250257825	0	891495.489202149	350462.0528723	197253.733198267	133914.47924775	110709.183328644	84956.1213615367	71299.6533773837	64506.59697925
424	1666881.42167807	672565.527873062	388698.646483594	283093.867549263	232068.849519703	204322.455916647	182821.119848154	176854.150197785	158655.447636072	146885.2691568	138724.713921687	136188.931203074	140412.734087359	148053.624541644	165632.271772603	198764.833419097	264132.51635794	529381.362720141	0	1395.08137894191	414704.316172464	212350.366138144	142413.922135471	130295.5829002	88082.4128549005	73665.786926279	65458.6863598391
426	1684804.00117931	683552.44367607	394173.314173565	289196.544978552	234897.160719579	205669.037385524	183950.228223323	175250.643531706	158431.954865445	146446.879523911	137565.682560001	134554.406686266	138173.399258031	145771.980441674	161972.612794117	202850.842294872	243214.298338644	438213.791037804	1156.73546497018	0	501885.231405419	230510.92506904	152700.377543993	134039.00449504	90844.05315453	75505.4722025862	66854.6089249463
428	1732134.39659169	699792.703302535	400992.915555624	292962.054510281	237432.603211676	208245.562377123	185317.036234189	174308.473408323	159470.122198885	146975.820656868	137027.509403514	134279.032616482	137417.143651927	143939.027379417	159152.281701283	209280.032412963	226399.286972952	375603.529952854	827140.288045845	0	619931.23941334	255801.297761392	164349.509472976	118775.244967312	94736.2153707852	77428.9629515756	67537.3825652876
430	1750103.62049839	707744.692091053	408967.476347548	294904.717634618	240229.308262632	207929.830617813	188348.239721885	173538.576368045	161467.041340188	147014.579529724	137662.287183498	134457.776304559	135048.726453801	142805.415483038	155090.165743737	202845.069624863	212997.333583115	331461.795663995	807680.052897572	0	767570.077054544	287806.433407012	176767.903189429	113880.868128826	104488.639408219	79213.7974133094	68805.115052165
432	1778162.84703501	723807.447421582	412652.181889792	300240.254227899	242567.361479402	210859.203960836	188761.964008443	174262.299467508	163515.208846817	148380.299148011	137890.328974398	134122.798830743	134851.33818285	142237.439639724	150909.975964715	185248.434472211	202266.088874997	296776.514031269	663827.572855184	0	868758.634602358	335932.447165227	190655.78997093	119234.969928136	129041.395157295	81272.7947418506	70773.9288891292
434	1835531.12075279	734248.73162053	414315.080859215	304119.175872798	245465.980463418	212193.206067316	190007.860678642	176216.339558666	167479.905825325	151159.978274057	138661.80175686	133264.779186178	134066.717114313	141659.13280342	147301.160619725	167517.806960214	195796.259370001	271199.571214144	535966.314239658	0	23330.8528241452	400291.383813263	207021.646366164	127767.974039178	146305.200106686	85422.95883795	73868.4048911423
436	1875375.34892441	752382.626047804	424746.386003115	309866.860180016	249199.500060632	215276.65919625	193554.721017922	178844.519494859	172623.273510325	153106.081285753	140689.056434669	133959.81575203	135097.380542014	141912.45220899	145867.087930638	163690.895589463	198329.609337354	253970.690023051	450135.266293654	0.591102322175214	0	489427.878589887	228350.997665637	138888.487128711	138694.993988497	89476.703661256	77093.4871045422
438	1873572.8273354	756668.943470112	423508.069478728	308830.169270575	247320.548473643	216174.11583148	193534.880031137	179345.11451322	172909.925120468	154125.790935891	141437.162411229	133780.625808184	134383.093368442	140036.966663685	145016.765062641	161690.043493826	207857.771476623	236985.813170282	386576.374084496	818832.800806988	0	603382.321180951	252972.226555444	149676.190033825	123723.230151779	94459.0784763541	77992.6914868019
440	1826812.39506121	736029.83563512	415351.513782409	306403.716911569	247742.766343019	214201.263700654	193253.449514455	178287.954814262	170473.194788614	154435.679496993	141235.355325791	133275.795220845	134061.97739125	138115.01593257	142401.544411718	158702.61405561	207045.976798808	222391.114979724	338527.322786343	855434.800298849	0	739185.453896919	286486.289559754	160743.83502257	124037.682472505	108072.665405939	79906.9646036691
442	1788071.22915037	720601.382324132	414676.528699128	303602.384684731	244878.753175893	213583.177565862	192146.431779096	177736.599684259	167318.917462644	153626.421349047	141876.286863466	133132.803403778	134013.059269252	137773.043216558	142044.495216584	154485.846665373	191864.704042972	210841.854376486	303194.965983203	710081.784347316	0	790877.565207618	334902.83230334	174001.917644457	130868.860620929	135309.019930691	82900.6897948036
444	1752151.10887891	715268.483839846	407772.967720525	303407.349916508	243230.64678354	211602.88023113	190284.566933855	177021.1194173	166554.170875686	153202.796633184	140961.541153637	132791.442261073	133920.89459392	136371.5381487	141227.638632463	150701.324482064	170349.321000315	201471.046848	275009.013850137	571983.514409628	0	6371.72968299527	397505.776620167	188452.935725973	139273.766678171	143251.975213608	85200.7105565276
446	1747408.83108853	708093.571072271	405046.640043627	302316.893585901	242141.572382167	211564.600870211	189497.937529369	175996.964598344	164241.645021501	154880.692966781	141630.826787993	132380.237132642	132729.149524534	136349.709758813	140942.854388848	148070.67183868	161751.941514145	200569.654350965	254734.795151068	473660.694958853	0	0	484786.91028532	206610.10379868	150619.424472155	126914.309538418	89781.8497029253
448	1938487.06462773	779105.752226064	439858.477635199	320010.855647075	256897.290557074	222917.583531224	198034.112875993	184584.856924445	172148.48709162	163739.868629368	148504.066543033	138237.603658647	137430.826866603	141376.176244968	146232.343715612	151736.052632433	166668.316847797	218722.905224151	248297.961226879	420539.335190688	769903.940168832	0	617251.395031914	240224.309423522	171922.883159682	123405.514654815	102526.525895662
450	1870229.73754598	766552.488950599	433485.406328609	314885.612291858	254136.873094446	218501.597811914	196301.551330026	183929.75409009	171294.868962184	165424.538963891	148160.557101643	137863.750555797	135463.970405767	140338.561155165	143850.199419356	150665.171146249	164820.108853165	224594.756713664	234631.687015792	370608.561734456	864091.874088066	0	740406.592985368	273947.896315617	185972.521112421	128702.867211377	123827.63758207
452	1742243.59113479	729487.156665382	411344.705637768	298136.140586985	246126.118558151	213078.879514803	190724.446703202	178653.670692447	167023.658240272	162093.823427708	144975.621163326	134427.29601461	131926.579251869	136797.739962136	140133.164542816	146715.899767738	159005.567148524	210155.955198751	217983.184493461	322983.144190786	734019.863114904	0	740748.04702847	315012.015103685	196883.600562859	132317.360337782	141652.756682132
454	1704474.44374185	719181.314790619	407393.344770202	295474.310930485	243660.019816539	210967.031142056	190301.425717515	177676.393981097	166542.117631075	159508.010233018	144587.994203406	133921.008673829	130979.760300148	135909.916250841	138135.609606828	145831.564513651	154556.114070062	187897.747063942	208744.221035541	293061.192876994	591382.196092019	0	128.510463921387	377789.473829473	213297.56147944	141449.129417354	136605.699434849
456	1818111.69616595	746814.056248295	422662.713122132	302977.539482991	249706.966138447	215986.05850445	194005.04377884	180352.040371315	169848.451962253	158639.188978594	145737.165498981	136169.001826249	133199.532802318	137895.46397096	138537.001565059	147299.103294135	153492.615255746	174560.599692134	207600.875993735	275216.072792373	494917.455181037	2.17964829718255	0	467859.903465062	238224.970691208	155295.777189544	124006.163048869
458	1801322.46870639	749885.434506753	418850.651232713	305556.263433219	251521.304626813	215832.010069733	194280.932038064	179993.976373409	170603.372265033	157873.535465679	147921.291414535	135918.307285711	132624.119502412	136452.207662806	138147.24091896	146293.31191753	150802.680753754	170679.43796268	213972.394540392	257780.906696928	422744.036787376	726952.238527567	0	579417.252675207	265592.199088353	168698.183213898	122365.793549812
460	1919677.41671418	794859.738584584	446400.106831902	319748.729052892	262218.163328299	223877.459215105	199601.294738749	184758.085898143	174016.431601659	161419.788463692	152572.455201608	140603.27304225	135830.196551332	137989.993538795	140268.037541298	147855.430833971	153502.575570981	174559.435074758	231420.441085876	250095.908211814	379593.382333815	811806.231580187	0	699574.190838536	313416.718832414	188409.811061018	134799.885545234
462	1969475.37432158	805950.965769595	453800.33189694	327908.528389541	265877.926958723	226762.51749945	202922.682469592	185901.013979839	175631.965432901	163584.228726243	156881.44739476	142335.768938452	136804.51864031	137749.983397717	140720.740867521	147912.956617609	153609.291800612	173974.459601668	228909.713273305	241019.112141899	343211.066968257	708885.474057102	0	632238.578930233	370047.969881611	207260.010459742	144405.132177729
464	2007201.13069652	805637.067156973	460558.356764769	327101.787768358	267748.733074925	228268.993668663	204070.211178047	187153.995882698	177485.759574413	163851.993632307	159233.220261567	142184.922563393	137196.628977861	137496.880644132	139549.768108191	145689.11734936	152275.000368393	169966.822407055	209635.271796503	230117.536590204	311364.796564948	581350.964213041	0	0.478297664373197	446175.095164958	227000.142973368	155340.353492023
466	2358434.10497956	941510.31576545	524774.776636575	366506.389401319	292068.772345438	248581.061939601	217812.446362476	200248.048255101	189489.949131851	173527.903934285	168176.7982725	150575.4372507	145189.50399141	145158.41849191	147928.088442281	153461.837545493	160314.533732832	175491.956967001	198865.667520854	236901.775864929	307013.896618787	514282.261612469	3.21046345469413	0	573401.472385414	267258.982948029	182042.911499758
468	2208367.19849983	862454.928157807	494221.631573976	345210.862528408	275870.976651731	237323.550885251	210984.999956839	193688.103372153	184139.467315051	170587.29645989	159678.974179153	146309.287642277	141129.950139553	140333.624588163	143335.815195241	146879.331978908	154544.600447035	165928.861972293	184245.967335898	225917.430734716	276806.79389361	431641.225394015	669260.713272777	0	684954.292907592	285541.773332381	189801.477541335
470	2184256.56735334	808969.406548869	463351.169352004	331577.100256072	262515.243746305	227926.237522997	203840.9186203	188466.704340707	179559.695491746	165695.573235857	153477.783097439	142469.370593121	137218.891598302	136551.664515127	138062.521572416	141369.776622462	149200.570943422	158915.80666823	175993.442855531	230270.730966246	251521.525122835	367910.50793748	798580.468380511	0	826370.884038515	312717.393735035	196992.719467148
472	3060049.13831575	833724.63029858	477377.789990947	336809.956408978	267155.962213051	234001.061690548	208177.038922589	191961.452800747	181701.693558781	167810.145930236	154759.153788547	145799.633599617	139896.01929755	137368.665935381	138108.469191618	142835.547021774	148460.527468227	158916.752767531	176297.235424947	241779.480804074	243088.211330164	334194.682233036	705552.384450991	0	864779.753570291	369330.271704237	217869.742929829
474	5618519.09944931	744318.982425722	427379.73731633	308713.859817892	247496.570883602	221454.745087973	197736.241500358	182912.911755976	173696.879978082	162045.933385587	148164.673311709	142364.545158167	134201.484149882	132146.802044907	131419.578427554	135943.557046785	140310.49246308	150509.986360217	164740.186685487	221871.609843793	219501.036274865	286847.793946204	562636.210006119	0	1034.0557929152	416839.857422276	220887.287090818
476	13055012.4243414	723772.934257924	414763.26230026	301167.436934178	245883.529670341	223496.256938711	195329.716346879	181105.16094396	172586.401902124	161591.049412834	147333.231002003	145139.520513505	134165.786996877	130757.688631094	128462.650361141	134008.597228026	138286.907315651	148461.67829335	158717.434380126	194836.762427472	207453.803922916	260618.139493112	462966.870279262	274.681049031099	0	506469.469227714	237175.275305706
478	28026664.9535755	774774.747454711	433691.850582642	315279.648669199	253637.976639415	230119.996414904	201490.238919839	184587.680712226	176980.731489114	165284.494570255	150973.198555437	148386.93926252	136204.052132913	133511.379436234	131387.398597108	136389.809953528	138651.05027923	150041.325622021	158180.147848908	179200.135775673	206142.081130211	247134.957247185	402466.714107327	693635.962578461	0	655257.47464169	272096.678790543
480	43746956.961603	829607.303263096	461047.371349215	331693.400377253	264148.310186677	236591.531460984	206887.544539406	190532.938483679	181235.985386513	169479.272634265	155562.492813084	151217.549878245	140284.51282903	136743.893885662	134277.915158963	140091.712024338	141538.73227497	152313.885607142	158743.554503488	178181.057806326	214604.978471313	238490.482679595	361671.173555706	749679.991314017	0	844780.418731949	320677.313254127
482	51934252.9262233	813047.842041838	451279.253596617	326759.000766596	261588.750722432	231597.844296219	205836.16147509	188270.820849894	179832.132045182	169075.493360194	155787.434018896	146313.494259706	138412.659945977	136187.965023278	133699.47016081	137747.559469005	139701.177522826	150492.366734267	155697.283928622	173849.867322004	227555.68138518	224227.982194228	319483.659071874	638167.005009677	0	972389.018825291	372791.115983621
484	55293632.6233161	792237.543467706	428615.805247316	316598.665171556	253673.441589074	222757.86008078	200105.148656439	185304.470087894	178224.29901573	166868.95919021	153919.564835753	141850.995362114	137013.946090733	134177.928307238	130921.154753947	134327.534259429	136856.699313346	145064.231941016	151497.557706002	168483.586432245	225003.689583763	209531.047449626	283267.041332587	515039.392233962	0	52733.5383500063	436049.343578091
486	55576419.7393856	790368.031356342	423695.887001781	312807.20888952	250184.659520485	218427.306865066	199397.105283513	183747.090198485	178028.828387256	165962.268064612	153033.837499129	141065.424426427	137899.544974159	134296.019623144	129661.443418126	132402.81041898	135737.357667028	142635.768340559	149306.016419533	163918.762210842	206689.875790041	199280.376370416	257701.883791619	424259.383224168	409.461984706139	0	535271.912513624
488	50854783.78404	866985.221849176	432953.02793248	318497.371636106	252850.72788356	220282.653100962	203630.163406399	185339.196255556	178416.295577221	166244.042281196	154176.298634771	142192.760434851	142224.281043539	135759.843953379	130778.368298925	132045.373769178	136211.980319048	141606.27104481	149730.769454128	160745.296533481	181527.973031748	193582.89945314	241513.485599194	362739.426923014	909218.218325698	0	686091.815138589
490	32862025.6205356	1356881.1552749	467582.499108154	334897.66587165	265197.520531824	229773.263356316	213969.254635825	192310.129148483	183825.321478738	171427.454081128	158416.3937975	146344.801085165	149241.839861456	139945.844343645	133882.796410076	135098.464518184	139568.377127409	144567.668957936	152499.764370892	160504.215921417	174122.652783348	197845.850617451	233853.778741581	326080.99172512	919043.718993899	0	916269.139413148
492	7849911.61925249	3258560.62551212	471557.87171855	335049.588588538	265736.952186264	231113.466339663	217145.735455937	192722.961573113	183228.129040317	172757.776828534	159373.056735789	146069.114022147	149281.95663135	139558.668974965	133742.529189215	134343.506349729	138732.404381725	142621.865382278	150528.497336889	159171.405783385	169705.480645525	213024.750641486	220678.391201818	289602.411592546	758526.661696051	0	1117597.19293286
494	2364966.68763559	8514393.51677175	460010.507033522	328000.267578444	258831.042081189	224103.277001914	213659.77378138	188322.673448862	181154.502245506	170144.721501106	156862.872926607	144742.419460077	146000.541029654	137852.227601568	131738.624364453	132797.204529115	136533.146678435	139299.522136569	145950.777471508	154303.687763843	165218.834295316	219357.51425849	207436.107302342	256351.441661324	599194.727153633	0	187784.754292938
496	2033229.53553417	17939444.491345	469384.690386555	324471.023243979	259179.574363011	224089.426667885	211266.237448002	188302.533899971	180153.465054394	169900.716273955	156473.350856485	145458.313233599	142190.384850916	137151.448562627	131566.108599645	132096.551814438	134224.067104241	138424.5994014	143561.907052778	152692.25970514	162380.731797733	207284.857428305	198034.735768399	235559.298013353	487540.820262928	0	0
498	1925665.56932899	23939672.9013345	476626.138730722	324251.644266754	260219.886939812	223246.326318238	208808.666005449	188609.510676427	180648.603216324	170686.855360989	157895.774515611	145213.482442332	140272.418378693	137526.90504663	132458.42858568	132144.972416887	133680.515237418	137954.987222602	142569.810349666	151885.490046946	160130.378743697	184545.555620231	190792.313448316	217734.608223908	411228.574890333	985911.94479171	0
500	1872600.55464612	19628901.9800474	490595.472941166	328573.222112171	265271.319051223	225498.122120603	205857.440932451	189454.739151148	181049.285360882	171673.759624821	157741.001342741	146098.7598509	140516.272612742	140223.839718925	133628.458063391	132221.934498013	132966.721336415	137339.884877787	141513.136837013	152121.028569448	157323.023127949	164904.269811693	187549.317450659	206168.429766389	357635.683345647	996276.061235183	0
502	1834764.47974863	15310317.6011342	505535.004085378	332142.925215806	266292.869183687	227337.1305245	204411.109365126	189485.323166045	182273.813951247	173227.85320765	159743.069302854	147731.118639417	141516.214628901	144626.350067056	135080.674389828	132894.940235738	133219.36017741	138800.200760887	140299.83786295	151858.012572121	154308.938963822	160922.455771351	196547.896974172	195882.828263688	317740.541476359	809943.033869612	0
504	1805841.21426874	13772990.5323878	519754.391470475	336665.829869481	268877.46391604	228482.182288026	207243.843352823	193028.112147868	182585.116035241	173670.092733051	160346.042536482	148894.262973044	142596.702828084	148000.519588705	135490.849666037	133285.914053568	132772.586643487	138821.145612894	140072.181421839	151066.841780295	152521.364342483	158731.445247691	215767.646127924	187230.39313255	287352.92852367	638373.627029118	0
506	1791470.14337599	15211226.6382018	551669.614124554	339502.500048839	271100.0536574	229716.169167747	208494.389267042	197878.298938986	183256.837873834	175939.51341413	160988.801692319	149738.040700311	143259.670469701	147868.324649633	135032.210050593	133184.525576208	133052.054129368	138221.146589361	139127.785571785	150205.80730793	152855.129740916	158106.87426029	217082.717107817	180679.632775777	263775.421517651	516931.262910398	0
508	1787954.06188588	20647579.0449158	651330.179081313	347280.731117563	275840.947138942	231416.29881063	208121.150972514	202348.232660769	184952.357851457	176857.780074224	162415.950645111	149570.012555875	145117.893981091	146078.095986297	135903.261581855	134055.080964746	133187.250117123	137598.725927241	140229.946609181	148432.282634091	152065.094762462	156803.671978606	195323.360115673	175047.087310334	244903.934055032	434061.933133631	1196370.16001836
510	1788793.39105875	23971303.9208593	1224359.60212272	355347.767934205	279310.276965873	234885.324354132	210970.318604773	206151.59162462	185998.688460826	177721.949143939	162513.605022684	152032.532841323	145822.726318446	143735.06037468	136591.530640314	134871.828771482	133940.328756996	137258.896610535	139947.913432345	147011.827942164	150657.533768678	154673.437811706	169884.57808696	171400.210309491	230594.692060679	374946.185651738	1131674.57911828
512	1793082.53659366	6766725.961565	3603814.04566658	373519.47676013	283374.60271559	239186.491629659	210650.959054629	206345.896440689	187896.583961929	179009.817841613	165073.233624374	154260.487220838	146883.84857049	143006.544107017	138058.075826972	136468.592809329	134600.120585858	136745.590645563	139966.771772799	147066.243489283	151861.253232523	151481.333786648	163105.551760719	175196.686793043	219848.644968381	332961.909439662	887950.79621473
514	1774820.07529708	1487040.94745916	9138719.21663512	389108.112316732	285959.808728837	242999.781377064	213765.899349972	204914.724742228	188372.935381477	180009.518532789	166581.402852399	155127.115649366	149051.23027484	144482.298065524	140273.461839574	138196.399231042	134881.468810642	137162.478767208	141020.26528322	146012.396494047	152007.443926203	150319.229519005	160565.699576947	190958.82988265	211129.193840202	300475.684945711	689478.304065265
516	1764825.62013325	1184264.1538932	12689469.0267451	410229.276456054	290545.461709314	245571.978864339	216525.577642172	201520.590390287	189901.502685765	181139.461898605	167642.03840769	156364.405920629	149548.843322521	144534.464632687	146068.055771229	140034.071220888	135457.20130637	136765.152320134	141033.13395752	145482.797772886	151810.922220444	149567.299411025	160490.658086745	199128.701055486	202855.731927395	275503.819531112	552787.248632067
518	1773901.12546843	1063841.50093043	5856121.55380425	428780.620625623	295066.745322153	250537.965678046	217732.117844822	200569.104082983	190301.456993342	182549.019322303	169366.397169501	157301.566068421	151157.467980746	146079.869632502	150392.032634623	139951.547014605	136725.037599775	137411.948052651	140616.584404918	144861.730161569	150196.46579074	150204.684118595	159747.48481797	189615.2838065	195333.672232366	254301.658954313	460838.621307266
520	1771367.47236773	1003834.86951344	990310.663065791	445781.226881487	298823.084908975	250913.890824622	219264.794952928	201441.646374164	192453.363558784	183473.408707058	170072.379487605	158022.593928602	151413.291933847	147646.291242848	150536.874995124	140268.618999029	137953.118943778	137757.363584643	140621.510302406	144840.016533373	147900.265712532	149133.532869012	157770.041147564	163200.528909638	189957.458145902	239526.910586708	396165.561262483
522	1779291.4880523	961387.953825653	240160.967547947	467864.415857072	303516.297280271	256201.228902399	221095.05800384	203839.945323921	196882.269486302	186924.487404222	172279.38401649	158988.882459167	152654.662760953	149150.693119353	149592.255061444	140881.884128321	139426.45836827	138968.732933751	139290.196184496	145283.540013661	147299.546335082	148561.735995786	154520.329651351	150112.445153416	188367.694393568	226699.850022223	348787.87708355
524	1773124.67617836	938366.105323864	143756.800455701	488472.09127632	310705.88793695	258962.252714605	225166.205768564	204531.321457506	202964.158575357	187600.598499037	173052.358832912	160669.842015891	155083.759469815	151012.431120116	146637.829219394	142146.809879475	139586.740891625	140495.93554981	138803.214974848	144811.233187227	147108.16869773	149006.4384355	152194.467855355	146691.895654394	199868.655819821	216906.634291611	313884.243531495
526	1783944.48155709	914484.346392655	217186.746008667	527425.080837133	317294.329879655	264448.368519925	226277.521273622	207422.33805413	207573.658500144	189752.151171645	173992.726573301	162112.882546584	156372.702809647	152203.669438149	144878.982020034	144026.40141096	141120.052742136	140689.669436776	138436.848206956	145334.568574762	145651.944177052	149153.928152572	151594.608516137	146140.324366067	222634.827997022	208843.06405783	287790.882977642
528	1781909.15710191	892103.11447247	900468.713916199	624507.730537715	328427.043324898	267096.951658585	230584.100413007	207665.109064957	209353.954496381	191260.223691313	175629.951945026	163786.273354536	158470.011220148	154189.534478074	145896.366680319	147928.664744717	143224.932158524	141773.277622278	137789.640523061	145879.017934587	145277.322332994	147789.878971064	152155.111582622	145757.738322877	219740.118563263	201487.468472708	266627.536707248
530	1793831.06919876	888149.502330836	7337432.19756851	1096103.40338809	345737.420329767	271216.149979085	233804.324665336	209864.968902014	206631.968046687	192160.63006963	177235.889374142	165174.008961245	159284.421043628	155336.456434495	146966.837726498	153979.040452695	143553.937620881	142200.613782016	138432.330149622	146254.434326926	144319.564604791	146672.684991375	151824.233532115	145138.283610588	196854.341416308	194927.433723936	249803.872492681
532	1809270.28446324	879673.451716449	10349511.9241907	3240965.8886167	368584.534528813	279783.425188153	238384.763256451	212814.862353642	204532.900341039	194239.269605881	178876.04369819	166584.916246783	161809.438499676	157078.945726928	149259.219812684	158061.492735572	144008.294048548	142485.777691221	138426.892838358	145645.095989608	144602.944587862	145590.865822845	150888.262564631	143040.328718755	172368.184375787	190032.643321232	236032.754155351
534	1840463.00183763	877040.66673653	1656550.65249961	7759232.88385427	394773.836236798	283266.571355798	242656.935041536	214676.158528674	201382.872851279	194733.731667246	181421.384402361	168975.208024969	162137.179637797	158359.383841373	150367.175383794	159109.292379885	144792.839113476	144102.239566226	139936.985662164	144058.909668519	144425.752535524	144908.884757684	150937.067616736	140805.39882114	164669.845372744	190819.254624345	224643.435666564
536	1843640.24479649	860319.387731597	1101668.72874948	6825683.9968787	416590.559956102	287694.633587449	245898.061818292	215664.470378816	201669.25060816	198473.939042656	182507.465149992	170460.174837092	164575.075040623	159357.005163755	151602.85707636	156617.267249555	144523.331136129	145057.820084226	139376.632724739	142539.772407915	144451.168519435	144475.772922306	150958.562381513	139168.424437343	162109.031737351	210597.731093831	214676.975488747
538	1905680.32248522	856533.366530573	909126.314464406	777194.137412339	434441.816249184	295467.6489988	249813.419336726	218880.733065439	204236.384947158	202183.291314185	184712.723619107	172814.300705016	166616.089873703	161863.674028089	153450.208067422	152216.909408948	146355.06896201	147462.191009859	140642.857177646	142203.000256508	144664.22423412	143897.7652835	151472.18119344	138384.381288513	161451.468482996	229319.725268562	208048.990951161
540	1988740.0241756	873139.762789067	821287.128377732	6259.94608601225	453389.391922775	301054.560911617	254035.140915287	221022.154890039	205610.627802952	209799.083178813	187521.004986533	173880.002172189	167199.490349078	163209.76306807	155723.174440966	151469.192547898	149525.958577763	148749.366957938	141329.189773648	141188.41608426	145612.590219888	143548.264934747	150244.563831026	138381.138902439	161701.035090784	218920.242689374	200320.862831022
542	2072403.64554622	891082.51853056	763673.521681042	233.085042386713	480346.535925346	306979.76842558	258507.686748464	224507.942700855	207064.202742775	218953.64644766	188899.485471083	175985.123586776	169279.722806416	164917.307381737	157030.277582934	152415.542179443	154719.96957178	150174.036582349	140854.346319142	142540.92756129	145468.598311264	143331.064145673	150044.024848843	138625.845890819	160891.436802334	190361.181989338	195342.016768605
544	2112340.88234344	922544.102956208	738432.647267853	54.7157740891245	516244.911793121	319126.501457754	263348.164926146	228880.287748202	210334.576298375	223386.184523269	192259.802598603	178423.190595903	171113.707637351	167402.317102264	158624.096417009	153424.786274595	161959.280032691	151482.740902576	142493.459761362	143336.717397904	144611.815777779	143729.331022088	147612.865440467	138235.508815035	157525.091933654	169994.81532725	192924.064822475
546	2097005.97428031	948948.249933508	733130.938660585	222.261988444317	583338.317793223	331049.661550204	269846.895121297	234075.691625407	213590.421740513	222415.277505135	194695.686908552	180121.154576938	173237.811844603	168286.049179266	160807.035372742	155202.582568759	163359.869012458	151809.515411331	142723.192534744	143146.478445232	144185.560321782	143629.531750951	147254.738110638	138039.329589405	155887.884750818	166193.848879824	203437.228470545
548	2103726.93111614	942227.023210877	728474.874914969	1729.80829245788	731816.259993224	352813.044478967	275074.893764705	239498.581105455	214298.194248731	219687.253730046	195412.354188807	182478.907867104	176394.102216439	169809.406259976	160944.180787273	157563.525410214	162116.508107118	152379.354938485	142881.955074455	143479.246680436	142195.097064744	143188.835896065	147227.84603959	137837.281636475	153574.165114469	163833.384895341	226855.258930132
550	2107307.97680331	944059.526496204	711578.149016295	114582.286890174	1469331.80162144	379446.702295095	283849.293639066	245557.801958262	219179.768093876	216100.569038596	197591.2629358	184557.246692526	177875.03940361	171628.762218376	162884.610998616	158111.402964999	157977.018020606	153912.680975653	144265.246923505	142886.158650832	141645.976332196	143636.422328689	147059.238586099	138108.133571262	153253.447854487	163168.345726385	232469.277124132
552	2062224.79192078	933176.765598375	692634.311157718	7018860.32434314	4315675.54727767	418830.152475546	293840.088119533	253149.241515586	223431.765475189	216300.03079944	200548.870001328	186578.319609099	179949.13086146	173546.547613839	163767.457874645	159612.582136877	153851.805819456	156492.477104821	146604.773176141	143676.592288659	143399.383078908	144614.389036602	146618.888728973	138074.842197647	152823.428148441	163488.235555819	212706.865463543
554	2038377.47255032	924582.469723655	674130.325582562	3283226.58716892	6690807.23355181	454721.885749353	307385.152241339	259867.501177697	226659.066114587	217789.948040642	208162.671934872	189334.021129974	180932.291708324	175121.832909019	166412.033907587	162579.432677937	155428.627612589	160760.951807377	147832.499845601	143961.761234331	142732.580257551	145872.859926954	145914.202328681	135833.847739465	152374.029271057	162303.203350775	182496.410658941
556	2022719.77588424	909588.782994457	655600.13906378	1410534.06337612	1581590.70115272	485959.402333553	325004.692746218	268328.758350688	230370.557939121	222380.904734737	217644.290273934	191142.194502365	182810.525278912	177616.571125231	167896.620693853	163488.33469957	156131.398923352	168420.253883865	149258.583463134	144951.32727789	142834.298526572	144954.409854524	147036.037948752	134994.103585424	152129.945659747	159104.516265597	170786.147681815
558	1993041.05326155	912675.087087374	634062.951704338	1063509.38717193	7496.43363221107	507317.573778159	334017.068853233	281876.217227331	237792.419619894	226018.795510689	227823.913566481	193440.617036833	184070.760583026	179475.766590154	170160.021666351	165107.730804678	158191.24613757	174041.968871735	148966.52109882	144755.278941564	143455.500157565	143720.847018395	146788.882324112	136346.020402231	152365.394264148	156499.70035907	168513.332012628
560	1955387.42591923	893455.667976276	620614.628602318	883491.770209766	4.69655104270846	527548.086114298	338769.825714591	286902.584896253	247429.946042861	228548.574916897	230911.808649313	196323.427167791	185623.995308357	181332.259131208	171696.982735792	166228.542051125	159988.343200257	176798.009621632	149535.204833375	144238.048866421	144358.978470522	142634.502097988	147076.937442978	135511.864067734	153375.790443842	155041.740413045	166911.427440795
562	1935954.67417645	891729.419137284	611773.698945132	794373.903601792	0	550045.894046651	344788.795538892	287194.112248653	251310.448369831	234896.847168883	231640.369445481	198802.038445996	190214.605345363	183621.595991742	174557.338851697	168351.7755841	160953.431792546	174001.157989735	151160.305742721	146438.040176927	143915.772658287	143043.733140074	147267.829909021	134942.676886503	153267.080866751	154147.656285867	167153.335750388
564	1922168.04374506	884496.955913911	599696.17515177	728183.403721362	0	610266.493268692	354610.855147196	291152.697865046	253040.13675422	237782.807042954	231129.310392408	200450.042163048	191396.088689027	186530.768767616	176276.86997817	169753.497532242	163806.946410628	168239.651801967	151811.381247245	147527.950847079	144988.892285809	142912.654081876	148737.309075772	134314.76958114	151701.126358403	154555.897363555	167146.790848656
566	1923216.25014972	876102.267959479	588287.150654307	691792.304802881	0	714131.86163202	368145.878665214	294852.370899092	257950.061011948	238218.507537519	226368.050060206	204644.620942644	194524.32035637	188865.268089538	178491.971805508	172603.52138197	164712.261692432	166004.427823991	155624.292384314	149522.497791889	146288.109524644	144092.587531927	149563.638769768	134343.886569795	151382.77623554	154127.77588161	164591.558988304
568	1938923.57984505	868840.147628364	581621.6928256	657289.717501959	0	1019621.74484856	394917.766844207	299913.162278795	259887.882282784	238851.402031683	223389.398075816	209248.525982098	199071.909240405	190010.27098253	179310.708115739	173639.901409205	166190.855391035	167317.648825315	159613.3155225	150484.134339836	145569.891091056	143710.505568427	149303.135535224	134618.588153444	149542.340432671	153828.640893288	161162.822239089
570	1929957.2667583	851840.65662304	575899.421530052	632468.107156715	6925.05017276176	2608037.71669109	431008.352644436	303327.888157004	261864.801941246	238367.050511737	223351.198890648	213375.183736924	199955.268584259	191663.085212961	182483.663665265	176166.396133777	168062.048663172	167861.296487368	167476.791428787	151602.354709543	145548.219970498	144437.02230385	148185.240275225	135403.090064881	149943.841471972	153313.092974009	157885.052254916
572	1913214.55042751	854525.598822211	561874.62061539	605940.462159042	4718967.69511	5839008.11204596	463944.714089765	309077.37735855	266328.146775997	240886.268130521	226098.385848223	222298.844841457	201248.434360491	195403.541398281	184946.129714208	178339.681748538	170038.096487839	169542.563608609	173885.718589866	152070.268495587	146582.443695417	145080.435110974	147047.497172694	135381.076187697	150243.917518042	154563.151612193	157151.139163656
574	1896882.49640026	847178.215131665	558325.780154303	581410.363366212	2853746.5525879	2643864.10067774	487412.521486409	314526.532231547	270612.080996983	241919.015563265	228283.975393358	230171.837249519	202240.708787418	196170.374676175	186872.745221086	181016.612247291	171423.306872096	171440.512785369	173788.222266404	152619.390951572	148822.462867413	145277.074172617	146453.555751673	135978.634840702	149728.973506356	155160.993112288	156519.490682097
576	1902285.91920242	829855.835945991	546971.500200131	554562.727484678	1459801.36665584	27201.1468743076	505792.357130672	323997.052074044	273830.950017984	245445.372159939	229276.096009785	232409.727916576	203756.32670307	195480.286786061	189884.099858343	182910.469914442	173765.745118266	173580.257964207	169845.725682347	153255.279172911	149530.803450027	145574.678436967	146576.24709357	136595.768004194	149413.325209427	153224.761940578	156599.193002188
578	1888060.35536859	819867.731843444	545003.941625447	528072.266937779	1087613.93641367	4.12334253529365	526940.788719861	330272.096422044	277854.74890695	248542.214088944	231759.876755051	230094.321300394	204316.846492625	196602.30605439	190254.061393767	185782.034016061	176237.041472355	174640.533214129	164414.634439578	155318.222582258	150648.535866755	146734.633333133	148135.070980569	137292.302087253	147925.112246818	152293.394542738	155178.185369878
580	1902092.81723157	814891.967991153	548086.320352473	517051.652521593	898414.186892521	0	552885.779991577	339624.053642979	284000.721518651	252370.753723185	233792.279549205	226097.144765421	205754.56687143	200867.124181735	190768.570830164	186503.139637648	177865.84683043	177227.798884171	163108.684463972	157098.095134761	152881.503630253	146936.617052588	149447.359546694	138000.094225604	148865.428427464	151761.159225411	155268.209558425
582	1887227.60318092	818258.470253499	538392.602997908	504443.855330464	784684.375697378	0	593870.915216135	354511.527109327	289575.900470085	256814.702158512	236332.905215307	221265.284592361	206091.30067545	200331.683318914	191436.786031917	187130.191874791	179853.735001389	179286.467810964	164702.749648324	162981.381961351	154441.580854204	147481.957391844	149244.939299741	136787.965471325	149901.010679227	151772.259857274	155768.015796041
584	1859146.23908302	816337.16039797	534638.547812505	493528.537404383	719106.648650489	0	674629.865624765	370716.440625082	296850.973710283	261994.73190536	239949.737347747	220330.593165056	208766.852999577	203289.277407768	192950.588530533	187804.173674339	180652.515690159	180034.275925166	165142.453246418	170645.356490168	155241.290618066	148425.139780613	148446.165626107	135862.264654796	149283.436031627	152203.684492736	156726.077577393
586	1821485.58907112	807108.397734218	528297.779001202	486215.973864309	677322.430076368	0	815122.769367322	395877.314280968	303706.759375123	267863.070245245	243702.538166842	221230.722367352	214731.066624293	204065.159337935	193699.68474044	189530.714833541	182265.928466817	181686.688516968	166476.047668847	178132.777537141	154973.211832559	149285.709837609	148883.97814192	135455.135363047	149297.52152023	150732.121216602	155511.118708249
588	1828597.58999541	804264.222727523	526483.321823962	477954.790539221	641409.66710737	0	1253926.90850353	437346.164790239	310490.09854595	273867.588527382	245747.159547361	223992.504209547	224254.853020404	206267.023014464	194595.834909204	189825.966498676	183726.346314913	179732.320584719	167878.008064885	176780.92457247	155790.367311082	150037.394234151	150260.76245356	134793.081943443	150570.402585251	148946.881478843	154035.747633924
590	1802352.90664387	791128.595057879	528749.825985716	472573.38767978	618712.581005789	12864.1545962572	3396995.28269871	482058.419395326	318058.158489753	280235.748227971	249446.584348209	226780.176114016	234868.544534138	207903.670563412	195162.539992037	191470.88547083	184320.86544836	181005.850381209	168908.31904519	172013.848876605	156587.192705922	151433.262908061	149574.036102514	135463.545734889	152730.754576925	148412.034805751	152179.734657303
592	1794301.15765328	803410.502833451	525134.648380687	464748.165482238	591824.724813545	6288829.18110276	5513904.96823751	514505.47039867	325928.993285827	284666.413421703	254615.522408718	230176.747495092	238616.597524275	207445.504525206	197520.505601964	193296.798911216	184766.013258642	182281.696166236	170274.487927822	164383.31806734	157584.707802032	154405.152241955	150998.269496703	134914.70041736	151807.473226385	148381.087807496	151872.173641006
594	1808457.12469814	809195.431502969	520402.699042262	458988.829671295	566132.615313674	2218684.74156282	900185.939504735	536469.187262187	334046.295529143	288451.640505083	259097.413382074	233727.164560665	239643.442298853	208295.791606558	199031.161239176	193454.504401528	185928.802354641	183114.254838703	172562.384026081	163272.231605116	159091.881251564	155208.514937059	151217.792293915	135217.324588884	150827.290392849	149237.550223076	150634.175257517
596	1826085.34207508	796197.958191387	514955.125589941	455155.678893865	543746.902474334	1431480.10052729	833.811167480931	556560.708239291	340403.640558366	293383.592112866	264437.013601314	235841.452154958	235402.179334776	210248.846243718	201535.489119998	197060.898833137	187001.380239546	183841.130271853	173484.97422944	163851.316619658	164517.296346334	155493.544153139	150107.944190448	136171.169151665	148465.247008416	149061.827251072	150608.544255857
598	1792419.25732665	813993.271220485	515708.13665616	452522.939435466	514783.158048585	1090021.42937472	0	570734.362390441	351333.310216106	300285.820804264	270291.687673963	239028.860348271	229756.814314338	214171.196688642	203414.347857954	198193.674329987	188047.517522141	184603.258739287	176366.268593945	165299.240203278	171621.474006397	154862.835455996	151233.438233217	135930.079259304	147513.045077607	148822.51621746	149329.016461445
600	1809147.76213828	807354.168406097	507305.224280834	449351.588537997	487878.362619978	900831.398664153	0	595964.040233921	365281.262861937	308032.636537786	275131.89041016	241512.757129047	228526.978795487	215988.301331477	206518.33021747	199966.364229191	189405.140541351	187080.356128534	178127.989462853	165619.465953687	178048.045487748	154167.30805234	151679.069704739	134999.667864045	147030.105177641	151218.290589445	148163.61690277
