Wavelength	240	250	260	270	280	290	300	310	320	330	340	350	360	370	380	390	400	410	420	430	440	450	460	470	480	490	500
nm	CPS / MicroAmps	CPS / MicroAmps	CPS / MicroAmps	CPS / MicroAmps	CPS / MicroAmps	CPS / MicroAmps	CPS / MicroAmps	CPS / MicroAmps	CPS / MicroAmps	CPS / MicroAmps	CPS / MicroAmps	CPS / MicroAmps	CPS / MicroAmps	CPS / MicroAmps	CPS / MicroAmps	CPS / MicroAmps	CPS / MicroAmps	CPS / MicroAmps	CPS / MicroAmps	CPS / MicroAmps	CPS / MicroAmps	CPS / MicroAmps	CPS / MicroAmps	CPS / MicroAmps	CPS / MicroAmps	CPS / MicroAmps	CPS / MicroAmps
300	2805220.01892991	1450021.18409242	1085871.35359756	1122749.01939171	1267823.33393358	2601292.00041219	0	2806857.66704332	996467.306060661	744173.678911267	530374.50225138	453287.290067476	416228.194785676	381965.078198066	343362.518572655	324735.003803888	285060.47770399	273492.346370215	254675.648576205	238886.431553907	227317.789195043	207299.901235377	197325.59748052	199292.407131998	165212.691957707	153306.878912541	142078.13722923
302	2803323.79250368	1407257.52206165	1049808.08502823	1039723.66305824	1156855.39388827	2056735.57339801	0	4378296.81012831	1094467.5983022	706891.144959394	533304.952086539	442784.359522906	402275.007637021	367493.940906194	327822.933617985	308581.119763399	274034.140980884	261974.798602489	242347.216834603	226894.743574045	214853.96433798	196338.057330849	185880.105136282	169650.682943357	157587.345103471	144669.710549667	133854.029706827
304	2750668.46808382	1358621.99427193	1014145.75379745	977635.824571776	1065523.73319681	1633101.86349704	0	6943548.78963467	1223561.18535631	700908.510662225	553712.387255236	433704.42058469	387572.495657474	352919.451581966	313306.765270916	291980.70132686	262761.543760931	248417.699191814	230122.748293076	215448.439699901	202188.838049663	187861.071881857	174315.686555453	148367.309232724	159406.019624713	136546.880648068	127189.383921026
306	2768506.0897466	1345226.90349667	979071.332856207	924369.746906976	1021495.11472833	1356629.51685085	9220801.85989277	0	1419133.73385933	723609.609496215	594915.385690042	426046.078625985	380820.677430836	346051.570963295	303111.198237075	277268.857403964	257318.327695911	236253.876909538	218870.59795355	204012.469975665	191852.290492166	181303.255526285	167324.62402047	140020.569399733	173586.282662452	130871.25928392	120618.88635844
308	2729012.80724122	1306584.56448285	951896.415335372	878459.096704975	975291.383841869	1180080.24048088	3921942.36261822	0	1735534.1270601	755261.711152539	612291.076785339	423862.288036656	369102.990129749	338642.800633644	291624.724597818	267417.85868957	251286.289986348	226805.445648752	210761.161852792	196498.42815729	182022.760548395	170998.812837654	158345.192676141	132708.917193176	154365.814636761	124782.695345445	114616.899908159
310	2665506.36406388	1287587.81167827	916982.706380766	825966.770708564	900714.495885147	1044401.62518484	2438745.64926989	0	2267068.95306538	810756.919262805	584174.291199717	422987.305117586	362463.144167737	327795.080302694	280637.548443989	257062.340749518	239028.509296561	217805.055059889	202466.557206838	187749.551449913	173013.124508172	162046.639733555	151349.316346373	126949.011252665	129715.479043747	122644.599171164	109992.51581083
312	2644485.44955393	1236199.94770793	871799.173948151	789623.915728658	810440.429909596	933251.260292335	1736754.13939824	0	3339675.92480686	892394.385111271	561942.563102857	432706.130182618	357266.935117115	318792.037652154	272487.572429619	248004.24937613	226750.009479141	212705.662841575	192750.667134785	179316.450381123	165969.793489351	154007.319252364	145698.1999603	120846.055198455	122434.317295799	136402.660676558	104883.718427605
314	2544168.72512405	1204616.20652939	826381.530552072	754150.469513597	748531.98250719	847438.305886173	1341489.12545872	0	4111770.40888631	998429.789053885	567013.74893914	466915.012499028	348981.28153964	310834.234718927	265597.202825474	237034.136056518	216767.307572907	206600.183347304	184370.036957259	171361.39351613	157386.902466634	145465.310669649	138820.900903595	114416.934711028	116182.644711424	130295.436410767	100212.36096902
316	2479687.99880446	1166834.38665436	796444.875970992	722769.177952618	701284.500369472	805170.367856668	1105276.0713936	5661573.9489184	0	1162563.41419417	592119.283237715	501132.993437559	347420.942415776	303703.717833734	261493.574914889	230611.11045411	209893.026335377	201122.170692908	176564.03230425	164240.888253762	151250.647175155	139902.463880305	131313.661891514	109757.139535512	109860.693438261	105783.891768935	97027.9227552762
318	2463741.74107771	1138152.82014611	782522.918485664	695553.762260044	673768.599399482	781249.556051679	957926.986345527	3178757.88966727	0	1415361.61441706	628925.818768495	490625.091892844	346389.465730448	301536.712927682	256323.728670773	224589.228308928	203542.268961767	192807.786681515	171668.196504928	159736.354877392	146365.210066562	135303.838187785	126384.478051583	106801.49584629	106820.63011037	99835.748547154	107545.929224208
320	2439018.11445046	1121953.19588514	755848.953942765	679871.61557273	635616.078302942	731122.536215925	849720.219132397	2050505.89896861	0	1826254.11365761	683884.745032509	466504.997501335	354267.831512582	296921.087389466	249511.875816112	219814.669179615	198185.924182147	185604.721187362	169522.848268427	153421.221830728	141135.254574266	130111.172037085	122090.80827391	104160.626461792	103310.026880034	96481.9943793094	111963.655663606
322	2428425.01648777	1093177.57565474	749831.583815391	653278.598149561	613851.464486014	666984.426009232	770747.264664847	1488944.10164937	0	2569283.80976785	771667.757665769	471604.420711657	380124.428806091	298739.473155601	249588.9910107	218393.559971752	195883.050756224	182342.620108578	169754.085212053	150363.752050175	138150.585582598	127603.768294239	119044.907000527	100058.570648083	101119.346937223	93798.6449529798	95096.4574095795
324	2384634.01989026	1089557.36408984	731851.849125341	634941.021139098	596647.375281931	613326.528232177	704501.945427376	1161141.38536363	0	3037469.75577809	887250.148498527	493374.587001281	426406.456452779	300340.946850504	249883.471749091	220191.367049193	192847.295600422	179125.337565458	166851.209368206	148083.60646995	135015.990104374	124250.609598885	114790.832004634	97710.9899408468	99410.9702048767	91569.4385806065	85883.2211730494
326	2381700.93509087	1070124.09432913	712980.617354701	617786.601486953	579539.084929717	584389.608240074	665154.295273225	965942.972164453	2056232.12944235	0	1046829.41622028	521317.551528424	442722.699813823	302829.627633759	248154.857792875	218171.057290701	189004.991521275	175919.932144405	160935.260834855	144376.992552237	130311.020819333	120265.2466958	111796.036914031	94466.3806170757	97064.5027484203	87630.9820773124	83591.1899302908
328	2353459.15451769	1052506.18341111	695766.913115994	594700.333187726	559133.756296168	556415.192103609	645393.759686198	826929.689428348	2864043.21457563	0	1277001.70437952	558102.932276857	419169.589743072	304849.913367872	247304.777120732	211845.267093072	183029.146131592	170700.038164384	155408.424140524	142253.307651394	126151.763855175	117087.959578582	108100.940652582	90502.0129254777	93320.8524509804	85150.1348197084	80337.9934077737
330	2283671.58430816	1034599.01188192	679582.140797354	575926.615909908	535854.537592397	526107.418556225	610605.978876108	723908.449899028	1882667.32996792	0	1640515.58160059	607633.60710699	403021.743000648	312790.077352514	247354.744906018	208743.611391222	181241.768606461	167269.534776094	150566.011157789	141751.383963789	122523.62492149	111986.390022888	104466.693257568	87122.8004137989	89316.9906991413	81599.5705476104	78391.4231720321
332	2244675.63639948	1016613.03730775	652361.616254911	560055.646014904	515363.000842593	500357.075679547	560849.653847794	644535.405563507	1345541.16001928	0	2219429.20729275	682329.704491165	417093.985380335	349094.222419752	247424.148916555	207899.25490107	182101.766921266	164300.387209342	148165.487177681	137788.756291005	119280.833089967	109420.274001032	100994.177903173	84820.9289461711	85834.8669226381	80725.9603995668	75442.5278251222
334	2221285.8779251	992189.902345449	646832.710105447	543604.731861697	495016.51051155	475932.350882499	506415.467013122	581503.46052881	1035087.39974317	0	1336863.31326805	785854.63873246	436267.374211082	383856.045164527	247360.453565136	206366.47898335	180336.236545434	159924.345057366	145231.467319254	132843.540708927	115578.058803736	105485.168517485	97809.4956380678	81819.4043686609	82979.1627200613	79186.5617099901	72818.6073056043
336	2196775.96243679	971998.023822807	633797.932311309	525294.207420222	477476.61363594	456092.781249769	474881.305932827	539911.718499451	845759.608533772	62833.7096058449	0	926294.957194947	459325.971042122	379051.933915517	250193.410924359	207532.15786669	176537.218574341	157424.113175164	142082.120934169	128641.379573075	115637.274897142	102745.68326612	95126.0618360658	79722.8111056057	81028.664195905	76482.61571976	70740.6648088424
338	2199392.32645291	976258.280015878	617437.892388469	514106.318557848	462671.956003473	442145.840445928	455501.140919749	522839.428932284	718258.300469295	2454792.8286644	0	1142224.19362267	499724.784367451	358486.111057206	255687.992465524	210616.780678788	174697.979980279	157200.020451197	139785.181852779	126849.666872167	115187.063004748	101222.132339491	93522.0305402456	78275.4552389991	79173.5550871553	73738.6596584404	68882.6362777134
340	2155190.00335279	956052.676651446	609875.915790364	498024.625103999	449224.708022012	430414.749692883	435033.675471482	503105.876908042	629892.089096218	1716624.54582862	0	1462563.7267916	549299.971894576	359857.87180877	270813.880539872	211104.890488382	176007.190640946	158237.537864353	138766.029386299	125568.016067221	112826.530974756	98273.8009351132	91567.0724758528	75957.7883968556	76684.1165674121	71704.948612804	67764.6835565592
342	2155767.6635589	949280.409854314	598758.254045066	490212.998810871	439248.183812918	415614.583125466	413478.719880154	475341.124454973	559435.576267725	1241531.6618348	0	1891585.00043305	627377.97025267	377757.648959008	307006.379159662	213442.630860818	176300.546963586	158594.673553614	137537.530836101	124533.013110548	109698.454594057	97476.1351728239	88756.8059982564	74310.3294648766	75403.2995469723	69808.1326885707	66648.2264844095
344	2169250.11439056	938723.412364352	590778.389461768	481735.882279402	430963.636089877	403225.046336158	396943.544120398	430985.367191004	508481.002921281	956903.251779883	0	271661.830855352	725636.437895597	398053.669993254	328747.837361243	217193.90649095	177724.495086596	156572.779595998	135750.675820496	123119.462082974	107600.411721516	97643.3320531364	87600.3282426272	73458.4350561408	74556.9177815233	68985.0200157178	65111.9318257232
346	2168243.60692538	933839.763398666	586814.605695352	472995.814030757	417141.184757495	390277.677576014	381613.605964409	397337.863310274	463548.133073167	776711.432912464	174629.489536168	0	861945.992328676	423102.788470969	318374.14021196	220928.145166748	179667.866834883	155006.086183351	134482.226613487	121307.778393375	105582.834634897	97405.3068471554	86041.1354938025	71893.733718832	72591.4275469165	67145.2983050907	63686.9168151047
348	2128973.40664785	915613.821027715	575348.57566292	462567.527821688	409002.57336587	377524.127398325	369202.61006949	379954.819164329	437119.976710549	654227.371169676	1935851.38084355	0	1047748.11628998	455844.83446184	306785.980311231	227447.364038948	181323.553559266	155866.524963916	136366.808908262	121000.706184293	104729.525715328	95420.1191292721	84494.0478786889	70172.5248122224	71144.0028080594	65103.5045273502	62109.2733782814
350	2132908.81748638	897484.023340079	564538.432004616	450373.23303849	393197.772211079	363838.121314925	356117.830625814	361591.781562952	425491.633950127	565116.894936773	1435292.62048008	0	1310514.29332225	503302.1116615	313889.493648532	249322.424628047	182382.66797389	154734.590853564	135817.495009582	119065.605536861	103345.484982639	91638.8718763582	83310.159870122	68063.2881996174	69566.8595457067	63789.6937578229	60520.1619316776
352	2113467.21033848	882242.68347446	556237.277133877	440276.267603675	385707.024044733	354438.717329499	346144.140362099	345209.618198204	407240.269847698	498692.716947545	1064457.54944362	0	1562224.73467649	569917.022360916	328585.164260028	282041.425671019	183151.891587364	155514.756558644	133621.777160671	116892.474757464	101702.132928602	89857.686196976	83887.0878460461	66579.1288380567	67706.4597229714	62898.3786448675	59037.7169654462
354	2095330.56809129	872028.372068362	547799.721921081	434822.176511107	373590.373918965	345377.816688785	334045.368711829	326305.256080216	375822.949037262	445920.888679941	826376.100878229	0	54454.2549741239	657383.589930643	345667.545838979	284865.635696091	186940.590270393	157081.548001697	132204.843985623	116014.995408581	100873.949544071	89192.810960084	83139.90639234	65485.2171307528	66557.2639320417	61231.2030681634	57831.7888477161
356	2055130.50169471	863450.487516425	542924.618379443	425217.545231271	365520.621887688	337388.238970428	324525.279775933	313147.736181976	337227.578719101	405484.692082097	670955.270671478	275803.069847479	0	774726.814302427	367386.311022923	268884.124295669	191605.908811567	159547.765627811	132205.717547288	117634.529704248	100609.910011366	88447.2635247797	81328.7992685088	64629.6795579494	65220.2479983694	60807.8781589825	56533.6854109767
358	2030877.90415146	855653.505948168	532118.802210132	416962.968749796	358091.730737655	329389.327001197	313995.071965423	302936.623259279	317059.295454523	376455.432864281	571149.815055877	1528176.5604061	0	936479.84595896	397864.24270354	266541.971895793	205695.389683524	161059.149871554	133233.129665299	118103.831648762	100238.702099945	87398.3220928118	79344.5348959487	64328.1364562807	64700.5651548783	59117.9856515877	55959.9724830016
360	2015920.45947127	852266.029794608	521273.696448135	409986.601395222	350161.989019963	321777.842417105	304221.360238147	293202.134245794	304971.189657815	362724.767904114	497050.780855311	1214787.6493727	0	1151494.82339472	438694.945694211	278639.461550624	236065.930416022	163812.660009081	134225.37777206	117313.363216973	99066.8932646837	86480.0661329486	77769.3585777968	65189.9037064954	63226.7920728889	58542.8529557077	55642.9217742027
362	1983809.2096136	843504.305681307	512107.343959292	405008.422609607	344698.903208786	315615.585077778	298435.740447348	286626.113392354	292239.743374869	358407.535422517	439639.396823896	928828.225922368	0	1309415.25278661	497219.807593882	293463.435428107	252106.929117422	166486.408228856	135804.430983424	116397.888054712	98803.570879885	85726.8485805887	77424.5646934147	65558.7467068279	62452.9123625301	58450.765985164	54634.0783531654
364	1973307.71263003	840917.972202044	506291.256202539	397855.096224038	340464.745650939	305793.403725291	291721.431647298	279167.048742647	278325.79750797	341148.334976755	394590.850231989	731997.915336878	0	40775.8972511183	574758.580775526	311591.983339373	241869.4347135	172108.172716672	138956.495270062	117550.604889349	99497.2976519465	86838.3386235651	77230.8654677597	63876.8895678629	62855.9805482809	57360.4286932564	54191.5616154519
366	1984888.19184498	835898.807210537	502638.483718744	394658.300290263	332432.855668403	302612.678383856	288561.150430454	273345.567776258	265854.1007069	310929.398508406	360930.524009544	600913.591016216	198978.267464959	0	678487.727850632	333263.601258064	232333.740232041	180195.182435997	141538.79490789	119289.31288432	101455.280650875	86265.603686042	76782.4650122244	62571.2158270262	62956.4598572638	56762.0055927843	53610.4489863881
368	1977931.4830026	825992.053471285	490586.430383435	396530.656775298	330323.223715503	297508.610938981	282746.313502358	267405.954936145	258034.042486667	281508.594669064	333698.444059869	515162.381953655	1301316.17651885	0	817828.520237196	361263.44165793	242478.745919378	205571.887236421	144157.501444377	120072.935534285	101505.279152173	85641.971459584	76575.1491737681	62308.7974678754	64086.9648603556	56805.6892316547	54038.0207821052
370	1939677.03179081	811612.861406378	486290.187033202	390693.974744088	325449.97788098	293237.822495306	278459.140049608	261308.157861855	249357.74988713	270690.089719697	320692.6874898	447565.140646483	1092347.36014342	0	997750.832884385	401607.00669098	255450.030617777	233781.816150753	146823.850609796	122109.080104113	100858.097534229	85641.1446843232	76734.5779286209	62416.8588742244	64203.0873377146	56073.1682733352	53433.5800992668
372	1947492.4488315	802182.972400573	479732.495462235	382945.678223611	319270.462571719	287721.467417164	272906.502532562	254518.455917437	244233.705300352	260993.59011292	319837.191349964	397952.827029053	853165.771462447	0	1119894.24069949	455730.217957878	270663.828343801	232003.439910559	151171.545214234	124969.99248273	102107.279955394	86203.0908138862	77693.9722315801	62475.1283768548	63406.9931630997	56420.6822056813	52730.9253007514
374	1931228.38772265	793825.322155635	476276.518117704	374782.859225687	314624.577015859	284738.507898909	265647.008675198	250855.357550908	238358.908596345	248627.684266508	310867.136148485	356760.64001852	680486.006823329	0	168499.74980149	524282.386935671	286674.903292853	216956.208512482	157287.085979785	127320.288814314	103416.18943654	87640.9338244428	77242.3008047414	61793.1040906919	62067.1653049109	56816.3379293108	53270.6089016979
376	1915794.73361961	790857.440397618	474661.876817899	364821.621013235	312374.248340673	279797.829351177	261047.814243346	245243.129693213	234391.006479105	238248.484923644	287629.954491708	326718.279399766	563605.672227233	49279.1184742424	0	616128.353295285	307374.830791893	217610.787271376	171192.400943505	129243.818242176	104117.920274666	88041.870755985	76896.7456393566	62252.2986749764	62005.4395236614	57969.0280978403	52453.7382233128
378	1921340.1859661	785829.909476631	470256.574922028	359492.915855878	309849.67643957	277418.679123262	257310.088444956	243025.827618142	228760.566035993	227117.454327043	256679.401702365	302386.418895512	482325.867123425	1120386.43382107	0	740103.294494558	335842.055821191	230603.381250153	202276.465040276	132364.268296279	105773.930292027	87740.5359297646	77419.7254772059	62507.936586902	62629.9115876063	58117.4069335813	52781.8706846772
380	1899903.18206206	785195.232983482	467726.535053089	356296.679490089	309291.138341947	274187.361112576	253411.216197	238068.28141051	223529.592279968	219818.165527133	239999.491168616	285719.181785446	420319.315974868	1011568.77913999	0	889802.033116807	373229.518663895	243179.985398739	215764.536938798	135636.887457406	108228.178801133	88151.2608448032	77775.4252319007	63172.3631945704	62504.8939879183	57052.0012984877	53044.1703921052
382	1918764.63518466	774068.216630092	461507.90232729	351169.447685719	310356.164340986	271754.943997833	251252.269946421	235981.616313207	219405.48767534	214916.61801162	233125.280819053	286345.193527103	375549.124970572	819402.667173447	0	979213.975646485	427627.934226761	259832.912415855	204783.189484747	141590.683369259	111908.872522238	89929.4486819566	79950.0535213294	63613.9085069224	62717.4518257522	56994.6458208312	53811.1094325019
384	1919866.58553563	761280.493255908	458142.501806531	348956.707248786	308435.322013181	270155.471777635	248316.858980456	232937.042329978	213641.749193755	211168.518062793	224978.757908739	286687.270067302	337236.012348265	655932.19555911	0	149426.853786204	498664.013892889	277363.996131775	195178.394422423	148367.782305976	114441.236807967	91339.9532417471	80807.2448081552	64044.2428631657	63034.9652889386	56673.7836926667	54469.1320740406
386	1931077.50441412	762702.142113747	450738.945950173	346640.756213841	302505.764461623	268132.361900087	247453.572656829	228944.97012107	211900.907392558	207428.849265745	216196.606462739	270681.494055685	310334.024136348	548214.942073298	235.815682616356	0	593268.427729168	300355.214945761	204352.316302284	170900.736495078	117209.998027698	92489.5637985227	80612.7228349949	64440.7589779096	63861.7658624435	57814.8683124114	54860.7939954212
388	1929057.06819182	761966.02155793	450853.189811226	347709.909941638	298477.421667028	268944.187934104	247330.887774534	228665.803994211	211290.979479703	206203.164547398	207936.190331124	246327.021868119	289484.9064549	474217.174677844	926602.313459951	0	720226.876442057	332123.999199166	220348.628439526	201197.521659576	121316.084939414	95530.519300047	82034.5377963885	66246.7747281221	65520.9887213754	58163.948510572	55276.7999196801
390	1903232.27204309	774862.543427928	451998.966498986	346207.720855882	296092.31154101	268433.359131811	247892.501219114	229637.576020055	212635.609772248	204813.63610245	202716.196615447	224077.817818961	273977.524008449	418370.497662357	977291.328204513	0	867394.345324972	375602.460316133	236865.923774565	206546.148606156	126480.708865223	100028.26186252	84574.1622369673	68481.1678256218	66138.5489738948	59356.117276489	54961.3981858971
392	1925442.21918337	784704.624991649	457848.39537348	348136.407120238	294752.956786692	271453.295815777	247908.481533408	229521.768081482	211713.987404264	202965.888150813	199325.244539616	218242.70534797	270834.365555191	374009.022935609	821460.911241861	0	910020.594765231	433937.435710189	255126.51955522	191743.209666641	133132.007592202	103133.902787995	86468.3654096063	69745.2074856722	67122.7662492586	59657.9886329444	55389.1257460628
394	1942036.85606391	799431.690062707	465883.979249392	353443.344887107	294753.907758542	279264.228987566	249247.375705645	230401.423060121	212191.656051302	200288.99821456	197742.42010509	215413.946118581	280427.558684541	340918.037488979	667800.245366538	0	30908.8723389965	513254.543225558	276355.138278813	192458.126136192	145770.734205557	106560.215536544	88486.3010972972	70346.3970044187	68663.2317532514	61360.8648717858	56723.518022702
396	1950999.88049583	804319.555038578	465614.148712678	353144.548317592	295320.854780085	280550.781130583	249071.500174293	228921.535636629	210059.045791472	198460.138139796	195822.321627255	207235.734871484	274008.178980263	312384.182925885	554742.4332216	1.87303729971634	0	613263.023475431	300362.251302522	206169.504785304	173228.946775544	109858.041595944	90833.1453633552	70905.6134016543	69502.0203719975	62656.7022155387	57683.6982428763
398	1899807.51698319	788292.463114179	452988.808778444	346356.30945667	290556.205014958	272598.389889697	245135.199047789	225729.817157096	205817.959141949	193360.314386878	191406.910436406	196536.542879934	248993.168601112	286543.717631892	470989.492208369	800078.064007583	0	734293.252223961	328012.549790179	219226.511987997	192179.577147838	112475.278780959	92501.5489297016	71539.8525958725	71084.9629500437	62164.7982543648	57394.9705617893
400	1843032.34917723	762914.616760832	441499.540588963	338332.676820257	285442.35242507	264800.711016872	241951.779568523	221967.456988203	201977.777977987	190864.270276802	186818.86861539	187451.473108134	218151.867414541	265555.659075685	408495.937275225	908385.62955408	0	868252.573210017	365663.010409332	230723.517883046	184442.581959431	115849.520935687	94447.5534950294	71948.7046901917	71804.288378557	61947.6259776835	57258.7149470532
402	1826326.57134371	749947.380840342	436668.606146663	330476.275123318	281821.284837494	257099.333487006	239283.971420701	222274.418658707	200278.086841182	188180.110123087	183300.790207684	182574.563153829	205853.420945708	254092.652382247	360082.673032588	774639.461276191	0	864977.601790502	419548.382933435	246650.714523375	170099.828525598	121016.8534741	96147.8175731275	72468.3604587241	71343.3688519944	62194.9348454051	57134.0662445096
404	1821162.8568226	746168.651205017	433833.296803643	329228.833310883	280635.305627827	254832.559816533	238818.301812244	220282.414704044	198093.822349585	186831.970039246	179602.398244514	178290.912141727	200210.439896936	259915.151447047	322742.048200563	628497.815208663	0	6700.25621649251	492327.34498034	264686.211168181	174798.181527041	139743.242596089	98467.2063518209	74040.9782030901	71237.5494849336	62958.6399333108	58202.7922467715
406	1834614.25676121	746082.410954707	434895.600702767	328946.024900246	280429.590147657	253833.029120874	241477.06888402	220866.16168236	197843.060509265	186635.871490449	177190.382327399	176071.713890427	194311.312040596	265973.417192498	294731.735514149	520874.832543219	1608.91404027556	0	588846.24030871	286631.257030212	186538.663922398	166493.231990675	101135.867514623	76315.557138332	72595.8871686764	64482.2832011461	58650.1861974871
408	1858347.57751681	735801.499342216	427119.376108659	328370.358325207	279191.596095228	250435.448898176	243467.384545277	220492.950090155	197462.406026522	184614.169942295	174769.622052418	174650.962668323	187758.387849529	249718.924611768	272514.330913482	444432.159966437	793387.237743341	0	713270.644640486	316725.163833535	200790.062340144	169063.625328765	104959.090932075	78600.361429899	74185.6541770303	66514.6634714372	59113.0415312125
410	1854283.56600793	737315.008985995	426578.175576504	324335.373688682	276481.2605973	250062.948495184	244003.009937254	220669.134479566	197007.845998517	182065.194897036	173060.056693512	172064.851993633	180115.683947969	221951.68396925	253320.391395819	389150.535721795	849945.472132529	0	844437.291173151	355837.261460862	215439.032902573	154781.298370189	108728.092887835	80345.5157735839	75119.9234704252	66424.1309283651	59656.0516306496
412	1843658.22837613	734398.104925062	424738.703601829	321613.092123136	273471.900959215	247786.528632612	238469.963693003	219234.807090459	196043.999264896	179764.513626402	171418.819653724	169079.074029983	174762.253646408	199407.334891128	238846.555467678	343974.004751485	721040.441006204	0	830234.062379813	407323.855649567	228762.079484412	150786.408350637	117572.120542632	82132.2101329449	76605.5432344552	65941.0239000706	60143.0107463043
414	1815911.61575438	726432.763516849	418561.290240767	316961.526012455	271055.615713079	245853.058126296	231245.383477799	217520.136787685	195591.108713255	177973.899231652	169032.494388963	165606.11715097	170222.369374433	191877.484703293	233071.062180222	307330.243115057	586287.01558356	0	6761.78186064188	475337.867126647	244692.567118221	158739.919062852	140730.945884548	84155.5670596389	78100.490949906	67132.8383550049	61168.5063149407
416	1816614.16387869	718906.82889599	424444.158714552	316344.677507068	268640.676896824	246771.679280594	228877.70028383	217808.366035789	195821.714316202	177155.950637569	170101.793667104	164263.410826475	167504.130132616	188006.756123077	244658.187513012	281803.556672005	489915.494601093	11086.8755299832	0	570719.735625831	265701.668778077	170570.228824859	157967.996403901	87066.6502344914	80580.0202444418	68059.4178093171	63415.8551298803
418	1842717.66793884	733494.706635808	432665.222225058	320312.786295745	272879.356670667	249371.436792802	229972.26054014	222509.399112259	199082.6936545	179560.696698261	170857.204769876	164124.25175026	167595.834439295	185294.560277813	245585.466258692	263120.456619697	423644.676066494	791998.98303912	0	699723.127501326	296373.563752926	185692.260542443	152107.312950774	91546.4236019739	83665.4795185112	69997.6885811978	64839.3848473821
420	1792394.50518046	717249.254593723	424202.140234824	318026.167542603	270357.012541343	246705.577301058	227914.204171588	224696.503729872	197731.731933133	178310.731168711	167876.335164951	160538.789430072	164668.100379592	176985.54870545	225175.141895019	243453.398772369	367560.075180987	840548.687725559	0	839195.109978511	329855.932616837	197596.211675168	138652.07955842	95534.097752156	84555.6991501464	70589.5845904407	64166.7599356929
422	1780256.64036866	714249.826739833	424839.312835187	318300.241708245	270234.308214216	247181.332423818	226624.156027363	228410.704506624	198288.617539297	176398.838931122	165459.644145608	158645.766051714	162156.136381279	168086.151625838	196341.134060103	226852.344401365	324617.706896266	709307.75956221	0	884267.916118076	376789.139706073	211011.676060833	140317.338532185	109909.874131935	85907.6534695178	71255.104752231	64476.8752157369
424	1781519.32466497	713190.801588368	427535.113289076	318353.63921609	271956.634757945	247277.828329777	226910.191051493	226610.41980025	197277.9146189	175479.884828271	162234.240464703	156687.838320439	158460.781611892	163213.36310503	180481.210214376	216031.068560721	288895.0741715	573900.202787202	0	39599.7205686402	442150.514912845	226002.676788709	149106.762312336	130022.760415908	88870.7715647807	73282.7196982826	65120.1440248346
426	1823180.16325787	727413.462485545	430534.595361047	322003.170703658	272673.295679443	248082.499633725	227252.371852046	224435.35990774	196939.811103483	175924.22771206	160869.789247309	155189.75359197	155602.460445637	160333.570433311	174819.885393508	221589.287506971	263174.807163682	476470.401715777	20160.4853943359	0	530798.0473278	244099.983090215	159793.571386632	133812.201059377	91864.0563741495	75072.9064430463	65707.9734299832
428	1833898.99665272	743179.611515535	437352.990651931	323567.090931625	273604.079745198	248077.951516823	228673.238463238	219277.682283683	197997.380004391	175623.466800975	160357.285425377	154475.929450147	153518.194559953	158296.990509092	170647.108460437	229819.309483045	243042.375308483	408232.23938073	813189.832050789	0	648103.478858766	268439.862637184	171307.660945919	119503.767908022	94802.6760715791	77323.6461120346	66493.0878425181
430	1835994.12178373	746864.081112053	440158.755827698	327658.416622052	272521.204031364	247847.976618878	228934.499613156	217357.426056961	198539.181709947	175419.306934398	159393.604182233	153153.524449296	151840.781912613	155943.713599099	166242.540590741	220984.75562107	226423.218898128	356735.131624734	823617.018922638	0	786507.26581863	302343.530415482	183947.983518795	115683.334670798	102517.562291521	78126.1222619714	67228.4958158832
432	1892008.11848156	752795.27901154	443124.271015971	328887.862583889	275578.925118468	248104.296590529	230462.993320317	217381.085937679	201394.662309428	176984.222967539	159373.306875421	152010.522968024	149675.668314115	155234.386853862	159417.265968254	197278.636312913	212584.848597306	317042.537219046	692956.175348884	0	867962.028017516	349594.368609241	198481.471546122	121386.224923059	126716.957770344	80449.8105582876	69836.3640754356
434	1902355.30045414	768922.159411727	444357.175985689	335354.614705367	277272.823369432	249554.944899094	231138.861133926	217388.005480141	208068.75572152	180480.963186265	160970.481897631	151699.767460518	148819.00259469	154327.947780712	154140.146164805	174043.49465252	203345.139520231	285652.068010091	564257.315657407	0	177905.114187401	414656.231108185	214253.699693898	130041.62299313	144067.629839156	83847.9915993809	72386.7874922952
436	1963329.69928009	782691.870634626	450040.487860656	338883.728328942	279453.367828028	251359.556091037	232262.093115702	221290.909806718	213148.71926086	182338.598320715	162515.212187358	151896.460572019	149641.044901074	153822.635861755	152648.344577479	168354.056639003	204779.413240552	263340.942529004	472442.652732038	644.285856987066	0	503886.982086123	234965.9186318	141357.018912106	136622.858905642	88308.9778132992	74815.1935914539
438	1949804.0690231	773252.634439946	448561.756464197	336819.369145591	278613.333512701	251563.665362731	231276.248092251	219522.608681021	212978.11069745	182539.568099893	163125.47347296	150016.013803396	148459.423237335	150249.740992152	150341.474619998	165309.173819223	217862.377757823	243200.126862477	404644.345802372	802598.669960096	0	616378.870860481	259990.210643562	153396.755127008	123837.079219576	91898.1389490506	75806.667677665
440	1892816.20159522	754350.487772544	438439.892593099	331394.555167995	273312.073445489	247958.959221685	229912.346909578	217684.845444444	209843.377050038	181564.444006718	162654.273481283	150079.579520616	148240.541149904	148016.409080743	147773.03232749	160534.611972546	215075.904023205	225533.792828713	351105.730112156	862884.570018971	0	743255.634040755	292433.10657695	163924.683651197	125423.696767145	104064.516738352	77305.7108850697
442	1836010.4465032	741709.065325967	430597.298633096	328742.90313258	272452.869697778	246464.683067552	227617.6562973	216207.546474499	204101.65396689	180803.43387791	162039.471372454	148521.2373777	147442.821093658	147209.401851876	146902.98748113	155232.808912785	195866.857098514	211220.856955209	310325.112068603	725513.425373659	0	793464.575074359	340493.696203222	176945.219793842	132053.621424716	130143.004876022	79756.9351821144
444	1795009.03527069	728531.755464083	421157.741474111	327237.258734308	267750.433763897	241799.084390494	224842.898602792	214287.806538779	199853.074451282	180231.018611855	162088.326451648	148132.973551423	146596.21573566	145732.517109828	145174.252028066	150262.422614538	169694.915860644	200295.882466977	278968.999037413	586315.187509123	0	112852.496308126	402511.742840303	190272.270902801	140625.158762443	136334.866688163	82525.0952508709
446	1772074.09810136	712797.663611606	416477.722860663	324037.97828224	266955.845945424	241977.989856239	222655.178717623	213022.448869923	199105.525959208	181658.246028269	161383.437761649	147726.84269774	144885.872458196	145298.132503797	145053.903680733	146208.175295432	157990.009715606	195954.810226329	254225.131472118	481989.949727371	0	0	489764.697142482	206889.205992758	152353.084564934	122653.244768583	85461.5967841527
448	1929914.99058499	789544.594425773	448098.59095068	343683.591683653	280585.31891623	250474.481501826	230649.693523798	219707.907147848	206475.216168476	193885.921190719	168618.516199569	153431.656504908	148795.425535816	149596.278496339	150021.764268271	150927.938678003	161838.680919687	216595.048748978	245414.306690609	426948.392699118	742635.907814985	0	618995.130874105	241559.043539416	173384.717571022	122656.617775556	97139.3166942417
450	1876178.88926542	767864.738531453	439557.718822654	336390.564556964	276485.886882492	246910.222044699	228596.992016622	217883.672057616	203610.107063047	195909.497990944	167909.784031771	152556.697600666	146351.008205771	147642.015228576	146162.285594084	148674.987219722	158379.003924629	223655.361876281	227355.847796345	370207.630213748	862042.680215974	0	738983.451531356	274382.446961187	187510.02599449	127612.531542483	116074.912119396
452	1733600.93084056	723752.045762875	420495.4405867	312426.211713181	266823.322841386	238173.421757248	222096.654797928	211785.56877984	200592.76355311	192834.383016588	163780.443686346	148925.70147972	142249.563120037	143946.760647289	141580.972466138	144387.736281819	151599.843363541	206728.730116444	209473.566376286	320682.375367731	734500.336019891	0	755895.228649859	313735.733919128	198078.440206739	131027.974545882	133001.113401486
454	1706742.22079751	711261.868423739	414816.033716112	310008.760035474	264092.401403053	238255.428753874	220415.133925231	210243.540567897	199449.077566817	188642.546845916	162189.827829201	148226.551222555	141913.085530719	143245.382122274	139642.878557031	142982.376091203	147397.633982959	179173.830510144	197751.602842034	287310.530531817	592149.675532263	0	24214.92563893	376098.355705363	213550.852871121	138744.157313299	127717.627881974
456	1786183.85659307	742502.800444153	427279.829927558	319634.442629913	271903.473036486	243069.637439734	224831.103663268	212906.027665492	202381.377237384	184854.533826201	164382.067141127	149492.440232605	142916.923098766	144070.017370543	139991.097004353	144312.386748845	144502.650757202	164265.194669453	195427.966588414	265796.266357425	493299.165726496	345.593056768988	0	464161.433133559	238389.685109734	153804.28903302	117265.208031729
458	1791427.05816029	734031.282696463	425664.10087097	317249.448744408	273116.15026701	240825.124272468	224364.215386107	210967.857447051	201558.086910415	182532.393259796	165228.733432364	149379.576149633	141625.300559112	142104.27707894	138926.625282315	142687.641749026	141541.158274859	159242.441509352	201582.343101711	244869.915268639	418058.384530027	717593.299104009	0	571235.865109	264611.787830518	166780.914647387	119221.575335864
460	1916954.7806417	775547.585898662	449363.225247116	333674.093548173	288388.509126865	247980.744855332	228865.744986107	214577.10418328	205141.000999711	185105.267485872	172702.105645537	153981.526733194	145213.732201911	143946.517130466	140863.840980248	143492.690978227	143002.266746013	160126.443807756	220925.301333654	235664.099353469	371413.265788531	809842.287217474	0	692566.529123995	312517.903495051	187571.61509934	131267.693153126
462	1975653.9212399	789073.326335386	463189.761078734	336529.151299482	292521.722559614	250959.538708295	231859.936329951	216420.488751027	207282.773387017	187114.332133041	179157.626327336	155288.783903535	145569.381224197	142369.939633729	139259.443960551	142102.280426073	141902.461107297	158699.675933032	216631.144786781	223082.406888534	332399.048546692	704005.985969041	0	667750.4675615	367865.810015522	206348.084029647	140860.094440555
464	2001709.44711506	794780.683727987	468781.558455742	340925.095689259	294230.603482817	253353.18817609	230942.450138421	217131.025137821	207383.09068052	187837.938977923	181689.670084327	154947.013294364	145220.114233153	140969.614505231	139485.708248449	140414.175024608	140653.267360813	153795.574435931	194811.798319572	212296.787017085	297551.097610695	574100.04012423	0	1744.34296424224	442087.380908684	224056.4418753	151520.827226941
466	2372038.34227843	919865.137241453	531185.310241497	377593.107415249	314009.687165459	269988.249791163	244394.730656474	228061.604873574	218460.096475648	198034.188067953	188773.447060982	163682.003056904	153007.009413264	148899.090411518	147142.001904757	146177.782426261	148096.708468962	157977.188686565	180132.098246526	216674.873847601	289884.677821758	502109.792055709	1076.92988540693	0	566701.117908355	264399.035309996	178875.302330379
468	2213375.37874416	858337.659742025	498737.790777539	357557.55421259	292690.604713536	259223.798225612	236387.875968885	220866.847457402	213188.772169918	193630.72304942	178761.309847501	157804.47077391	148427.832626872	143494.473079927	141979.115500837	139485.19560868	141627.523315273	147554.464141815	163767.1520922	203045.196349091	256483.354732227	417539.964658939	695117.239991758	0	676053.246416556	280645.077429979	185859.907545529
470	2246673.87232628	805687.980236138	471499.988173291	341588.304511447	282114.548610541	253347.691348627	231602.292023136	215374.019827132	210053.814338315	189399.465027895	171069.018739871	155211.706935149	144951.515742954	139540.685643185	136830.66236899	134602.332801459	136846.211600152	140226.017533755	154638.222393586	209797.867769495	231011.169883633	353649.59953979	798113.838368754	0	815850.247969578	306774.35271937	193602.163204652
472	3389878.25070802	838273.610481913	486102.756742037	349386.373732883	287929.225759335	257883.157234612	234747.94135831	219026.29437869	211778.009681653	192384.34185044	171965.108220878	159225.774343922	147875.896662644	142050.619738962	136516.967830346	135332.647143807	135036.448724218	140306.696711444	154472.455587181	221632.094453552	219522.556564345	316294.285272378	695568.924625513	0	881970.801100275	362605.845032307	213187.051112454
474	8001896.59262456	754416.811920744	440797.154657331	321923.626690318	268672.512042282	253146.590607426	225187.892277316	210105.786888773	203524.743324839	186749.808500721	164904.081096886	157095.090746077	142591.396615898	135884.609299693	128883.093376146	128382.241774159	127099.812971004	131045.978618371	141493.769801183	199133.915559312	194579.32773067	267723.801423153	548646.877972699	0	70341.2048712006	406629.564167266	214792.674345954
476	23159310.5932567	753601.733955304	434631.625330428	320207.434418107	268876.214057973	255813.405802555	222062.678767835	208610.549092232	202706.347600274	185496.704514896	164950.466787982	160674.796310869	142962.805383044	134936.089731702	127066.911687029	126571.626964959	125354.314682466	128518.923411576	135019.088862588	169596.030831107	181649.148932558	240260.395249431	448513.684920365	10583.5274918799	0	495050.70991984	229692.074141033
478	49043423.2252454	809335.325931314	455234.60266667	335435.98360273	274606.751322122	262856.027717049	228198.51953783	212460.378573034	206029.98387409	189873.624301271	167909.025777269	165386.843212343	145651.651427362	137216.500161194	128862.977581954	128731.397697413	125621.678382415	129938.556715027	133582.016012386	152073.954803069	178247.255763361	224183.622309715	384480.272192045	719093.33337644	0	640032.351496003	260745.682042588
480	60880480.7390925	872281.0541194	479248.395974606	353446.189654228	284964.454326036	268723.572361678	235288.187748117	217830.888053045	210632.880745516	192798.293122271	172294.139899315	165941.547977836	148298.412948936	139790.279696706	131739.0138162	132239.330171369	127470.865355463	132905.711221926	134210.698543482	150664.091212611	185113.645267478	213306.795523876	341693.294705548	744045.733281693	0	826006.79744185	308737.407940907
482	58248256.6199713	872896.683466042	476508.871473361	347961.147359283	283540.353127135	262887.798675034	231999.858678429	216627.713125368	209144.930156448	192815.545054885	172670.932588362	159642.34562139	147463.912253669	139268.906968687	130812.455440206	129900.874374572	125746.060591734	128600.139503764	130349.627004842	145239.582644257	199132.840273902	196698.925128802	296090.850785646	622098.139994911	0	971217.248361037	357276.543313793
484	54486506.9978238	867827.766998939	455788.034134138	342335.004682485	276847.165662563	250665.354560478	228088.20927442	211798.139406512	207743.826622181	190928.002881044	170490.06020016	154379.464351134	145860.812664054	137365.763647966	128347.476539569	126297.138644499	122608.957940285	124057.770447264	125967.263375356	138877.898743864	197427.322562661	180879.233603993	259855.824293616	495672.167918392	0	366852.30931779	416535.330972877
486	54495052.9743896	887508.154242766	453855.814441253	340985.027363597	275474.919703447	246416.348967247	227651.805206088	211565.428815259	207642.555700601	190731.281440437	170335.191173737	152694.67346821	146917.37078117	138073.12417002	128040.161007848	123718.330914075	121763.197226677	121386.362060553	123807.179915396	134357.737530141	176434.962506539	169478.283386514	232479.638666462	403609.824687298	16828.9239068535	0	510181.129865807
488	60336838.5423205	1029366.14711335	467590.907634899	348886.500714586	278919.974927293	247809.489953096	233368.593444014	212791.352942539	207748.564397473	192304.231601354	171285.573756775	153670.334521036	153613.954430972	139318.05446773	128097.110476883	123319.435112935	121678.586945438	120694.163759332	123238.792021054	130588.730103306	149049.910465943	161518.163471279	213570.888302204	341460.703948104	922241.05324116	0	655448.349609123
490	55022212.443236	1614677.74490157	511282.687127318	366721.456786312	291918.158839879	259768.735351767	246776.121370385	219844.513793016	213176.942433249	196419.363861606	175433.37046293	158018.033162161	160656.156527559	143873.058589881	131323.156300286	125744.690745398	124843.320164471	123114.389833243	126098.600974216	130370.061293351	141065.233974601	164178.550339166	203959.811494232	302014.678127871	903974.876219527	0	879126.018003932
492	12941563.2437914	4139427.10911344	525077.338322406	369257.991894519	293142.94512223	258357.597921773	253014.584732161	219252.232037621	212474.097296937	195824.502269818	175451.651145132	158283.962920771	160351.440244912	142446.093679658	130811.328305587	125749.208609811	124787.275062586	121026.871190853	123624.471517535	126895.595439137	135653.619294477	178844.023862284	188638.917967872	263416.922243165	728728.033355703	0	1096262.36468072
494	3193738.63645103	12510361.1821283	532519.996991591	363720.325653883	290155.567002333	254746.696843601	252576.841266876	217285.330671152	210794.857786228	194589.321036404	174424.643401369	157399.053164333	156491.368443948	140638.253534027	128819.784977733	123401.910490591	122552.492345705	118004.428495239	119876.065894155	123174.160955068	130706.981458066	186773.323895197	174210.069002911	230505.545351754	569441.711348945	0	707591.925339526
496	2529157.01822096	23580636.5099654	556157.489430174	368558.325607559	292469.932832284	254670.827358837	250736.267027559	217930.49570477	209406.808824422	194058.089580315	173782.08028406	156905.602492861	149988.854767511	140014.924350488	128997.036523241	123496.078785313	120062.675220831	116923.819704058	116638.644835074	121183.382262545	128935.141066547	172977.861039721	163221.647722694	207069.008832244	457252.356149162	207.408960373259	0
498	2282487.19937558	14089905.621498	578455.865671017	372606.951937536	301142.38394816	256729.90113048	245912.523721324	216257.081488291	210548.863017887	195527.218442414	175396.186788368	157888.154136361	148535.021691435	140881.699066238	129837.426280953	122967.896291301	118619.171785335	116400.557469102	115173.700612737	119684.970159525	125566.567566063	148080.050559584	155606.687025442	189259.092891093	380353.69150276	981843.095223209	0
500	2162587.49902103	3109932.24226301	611789.62423284	382960.325438408	303917.332895108	257512.496067072	239994.332749833	217817.413321906	210547.239602501	196189.121362136	175743.925870164	158641.277113724	147885.53003881	143651.537973501	130943.063031402	123161.945647242	117973.510633077	116076.985363243	114349.192984915	118749.955682235	120835.423499489	128627.670850411	150457.784809781	175380.552730556	326036.062884795	968745.153514652	0
502	2084676.53697798	953942.022309753	642729.951955089	387515.717535812	309544.243932583	261467.242519755	238002.151678674	219602.384131713	212345.287250024	199419.681794036	177472.00438317	159788.07985343	149371.525442283	149819.514864797	132862.46402122	123122.788529288	117251.101920956	116437.196062818	113626.460286553	119151.57480129	118536.104397063	124611.84861053	157563.634479454	164313.369183764	284950.523429628	766984.735351683	0
504	2003619.9353198	538488.791575945	680297.770128382	397259.960268747	314607.774673944	263099.822276986	240153.595106031	223496.848061218	213757.867603912	200150.474542293	178012.002582847	160950.879115258	150887.636323078	154376.235919681	133335.189430233	123079.979265904	117482.706173079	116644.521064821	112457.474240007	117876.537220017	116582.910514706	121817.095959557	176567.0271231	154251.045454898	253663.735376621	594575.287503706	0
506	1976208.02723644	757558.173599741	753382.008828914	406288.59609005	318201.469926766	266215.155231192	241821.124050103	232841.479038302	214821.340183924	201800.375101243	179988.612934303	162605.41945029	151903.259598875	154418.805650643	133058.876021244	123958.539773021	118033.054405428	116952.78546534	112449.299804867	117790.499662426	116425.857334108	120969.858205967	177806.832160228	145923.635429441	229280.301191913	474807.029987351	156.202583559793
508	1968684.49196999	3230854.32482655	929437.953344283	421313.208199642	327891.542713356	271038.079399596	244587.649517341	243410.512918913	216467.27410816	202917.680736918	180063.565637942	163268.77113335	152859.788422024	151496.157125491	132383.957263256	124804.226603358	118448.802140988	116099.13090874	112524.340349863	115037.006012675	114699.023864574	119811.236829133	155655.817701326	138810.104428026	210441.82356627	392592.847861071	1203672.98207624
510	1943122.15363088	19800517.4822806	1617498.73971819	441790.395247549	335047.565211989	277223.052640979	247986.97801006	247015.561372928	217582.842851781	204851.922754867	181833.615960302	165143.596115416	154297.228954962	147303.157030065	133748.569746996	126181.217007014	119750.363875584	114701.343504451	112699.606779228	115001.123811395	115064.123949644	116963.220619753	129930.982252851	133580.663478936	194093.242957823	333699.286324242	1083502.73809076
512	1942443.4004369	10635487.1105379	4543611.61641247	474121.835467407	342514.497051342	284114.631314783	249864.216154582	247517.722421183	218794.298015895	207197.371079881	183330.057506477	166760.070680723	155996.750577817	146058.145065346	135180.588392997	127993.71027357	119549.331296927	114940.202386361	112803.015205862	114321.854352164	115071.911671536	113441.883714008	122060.540718483	135867.801687914	181810.956060678	291526.636714729	825283.214005208
514	1913578.1224717	2488255.20579231	11528836.8713426	520547.283686354	350351.828765679	291377.988826244	252161.63905407	244613.726071964	219503.498770744	207668.244729818	185352.576846555	168406.834628641	157759.744556602	147453.870692495	138678.293874083	130103.18131622	120701.79735567	115081.169877921	112980.413591868	113606.622456234	115346.319053855	111764.50924708	120346.120601544	151254.019206943	171808.512854733	259496.554978284	627371.825764195
516	1926309.62671514	1822760.46908964	8095375.13442723	561621.006957932	358477.662891462	298119.249145636	254649.616857585	237021.745453736	221420.922922765	210401.968483348	187412.684355277	170736.168754981	159596.459444707	148156.878228095	145666.549306505	131009.276002659	121645.762763608	115248.77481226	114818.00911631	113500.498577011	114363.409300454	110460.535290636	118758.403969271	160526.464553572	162606.910946186	233707.553942632	494753.211957837
518	1935526.0525456	1541265.61887536	261588.60609046	600157.780702842	370111.81805506	304502.349473009	258567.004104325	235643.614287429	223090.948581705	213623.819000228	190885.14798497	172004.159466438	160870.444584146	149294.269210265	150354.642312128	131951.104639443	122038.135708515	116067.366393312	114825.363022103	112967.095105662	112854.343723967	110323.830984338	118284.166975428	151273.227337518	154744.064552957	214297.456892893	406508.516305958
520	1944748.44671166	1400794.49579026	963.49141630224	641440.609192815	380299.674964747	312735.574856163	263067.958549653	239696.12998389	226210.985362763	216536.060318363	192187.137444562	172605.265457305	161529.182891978	151526.120633581	151509.896226918	131763.500501172	123402.050378225	117308.338224167	113348.827250399	112972.268716092	111212.351608815	110251.353837218	116086.434354509	123472.913203397	146641.053567781	197684.22230326	345217.325819188
522	1928806.57516924	1311904.13622009	103.695208896194	679224.241162421	392551.897900038	316590.522180206	266308.178676015	242813.43663523	234345.404885287	219068.122718715	194043.90009954	174390.808221865	163550.950256132	153057.914256276	149112.453473988	132222.666954436	125089.814805218	117339.217154748	111776.405725683	112704.164472332	110723.267261397	109433.663339058	113012.40668199	110987.818823637	143617.20492259	183920.186219367	300117.266456282
524	1932874.7887526	1246503.76985862	52.5018833784058	726327.025591579	404227.675725668	325233.211171922	272034.842568583	243952.328576301	245508.493881274	219106.443111023	195719.063877014	175253.185500599	164006.464087819	155107.135235206	144605.730525664	133605.023012915	125312.359366176	118981.283724019	111591.668467156	112846.261630618	110615.069085417	109224.206212818	111188.102224071	107501.866461167	154725.298117104	173112.377570012	264808.751570912
526	1909316.35312764	1204641.51191223	141.946850309943	820351.895971396	421307.589735178	333089.583027757	277421.689147536	248081.903222475	252394.77633353	223121.845756631	197205.564830558	178070.394122253	166936.385787488	156575.704725089	143556.553580589	135942.544416705	127344.172671524	120116.588968844	111271.340620967	113103.03041216	109679.813826503	110052.879014158	109765.767937977	106660.176268606	175724.053347718	164142.952467044	239838.867615855
528	1922759.02395506	1161030.14417669	2566.43420698667	1002331.48339538	444254.618536554	342587.965047982	284391.844939706	251208.523752974	255829.942313874	226444.779568251	199242.195567886	179896.8042224	169153.32580488	158592.284975207	144285.579844009	140176.604057426	128702.816621755	121110.762452343	111412.985659366	114372.746816222	110064.482561815	109281.637696588	109455.37812321	105982.943473571	173426.751415036	156012.905093989	219656.474780227
530	1924960.8415696	1130957.77797538	812827.72629167	1607389.7072367	475730.597781663	350623.618319639	292021.135719412	254400.513612188	253042.082006289	227877.419582439	201604.772557508	182613.998049402	171018.800118832	160510.390050329	146098.304559627	148255.148348601	130561.838313358	122558.582793036	112373.524835188	114473.900544217	107982.271266016	107536.75440679	109527.671855123	104342.330513063	150368.492587239	148311.950662953	203346.633882866
532	1938486.64157845	1104717.45941995	12872029.6617542	3925344.17960396	528207.614303835	363054.933831109	301713.694678362	257685.123935441	247722.876464697	229398.320744661	204382.008323739	185403.091686859	174200.169789798	162690.62735353	147960.093146583	153410.83945963	131518.683586425	122934.69269114	112855.471044901	113195.760260731	108957.781200882	106684.700172795	108603.463463364	103324.123960434	125143.107965622	142379.600860702	188837.067586972
534	1946148.64648869	1081072.68168646	2941843.57812769	8620447.97393215	587169.631149342	376545.561773058	310412.562259543	260800.377652832	241778.753820064	232042.082918251	207586.352293778	189115.52695115	175245.628143602	164495.327757258	149727.692561906	153842.637317702	131242.15116559	124015.967029462	113092.765981331	111938.941528594	108939.729484893	106405.871801505	108449.738973859	100827.248850664	119460.647519958	142686.43033247	175941.946749903
536	2012154.51189094	1071330.45883221	1951193.88283419	2657845.28914131	628550.112198298	388818.787715538	318992.750564965	267582.908155755	244390.934462225	235842.606259323	210707.029754292	190392.32069301	177758.68950551	165618.358689097	152073.402465386	150690.755484902	131191.402902806	126036.466351477	113892.614303566	110740.959534705	108883.656257381	105899.700034378	108624.625668417	99598.2973716652	116961.352139557	160540.717035385	166213.376144558
538	2032967.61351856	1049748.17870772	1521297.42513779	3332.94244966411	669195.712572565	400891.522960572	326952.372269892	271701.463956077	248627.831204759	243324.784048892	214164.693021752	193388.394019314	179765.805001951	167857.359665016	153707.598491032	145364.697829766	133077.771745405	127405.538311529	114670.293834022	110472.618140642	108710.477498093	105946.513649144	109338.596210018	99035.4323302814	115734.534497701	178843.139383435	158894.484507451
540	2128256.88160709	1055140.61838233	1296741.53691544	5.88839325509544	708726.316070801	414590.507975253	331697.017515013	274337.945556491	252104.822852087	259207.995097704	216757.371568205	197090.823170558	181370.879444364	170924.27157227	156129.829941157	144010.911724932	135400.050446693	129710.957413577	115725.368950931	111138.310301542	110278.116169803	105739.567704674	108654.693968896	98372.2064604421	116415.475415551	166846.008609216	151237.681877847
542	2215544.91936959	1076948.08452639	1182381.73013917	0	759501.367796669	431109.508786913	345260.529047165	283090.394007947	255372.201854653	272295.426422884	220400.990820634	197300.497320925	184934.088306388	172152.986915376	158345.493492452	145924.77489108	142713.964584159	131993.992249338	116007.95349539	111641.663069711	110603.261894978	105296.156934396	106727.264783817	98007.5641395216	114748.228817525	139209.154610614	144831.049613387
544	2273758.98924984	1096990.32244808	1129527.35799666	0	830241.9198703	450177.667996552	352376.729480878	288999.471527403	258174.107715632	278263.796382727	224652.176795044	201231.232151154	187128.26725577	176490.183475149	160417.112187573	148405.185683296	151547.473069117	133077.094196722	117514.735618679	112015.78621844	110320.612318911	105593.567664452	106138.952598436	97610.1653405708	113298.584198857	120374.718136779	140287.013096664
546	2280413.95615482	1098167.51845212	1091865.27293855	0	967855.489200461	478654.795700966	362362.900239896	299418.751219338	262890.134449644	279050.868915748	226012.977644285	203058.795370028	190109.147374509	177723.188358317	161354.464411938	149303.122169862	154212.102171917	133452.745578522	117891.171773778	112777.637361061	109122.479812808	106175.724692235	105738.27137618	97045.7868377428	109799.580274459	116813.422278008	149550.196189609
548	2246747.98527987	1093364.96858302	1049672.29856418	0	1232301.32858171	512385.939399887	375809.171046136	310906.162835891	267380.611859483	273348.763268997	229600.563587059	207176.687482782	193293.201158477	180193.011542269	163347.271380214	152180.570760022	153418.916322485	134285.31169243	118294.694019648	112262.232738654	108001.333806126	106183.450974895	105193.899116421	97969.3640928916	108981.673736891	115643.92952952	171280.160061731
550	2244306.33892629	1100530.32926946	1011896.98624601	178.321515898655	2082661.44889752	569588.754551693	389347.427385259	320097.722168136	271684.676793013	266059.667499143	233277.551146296	210164.191489146	194293.985979927	181888.561318296	164332.705983777	153222.093572902	147313.717330317	136278.647982478	119909.952730634	113341.91458486	107564.407115281	106655.943360998	105312.379173591	98554.2376379577	108052.354198017	114666.348954201	175388.451698717
552	2233754.64511726	1095566.20070862	980913.666510313	3168060.8408833	4964033.33693942	642794.51447306	405638.673841916	331530.975402933	278785.170858071	264594.817768548	238275.873512763	212710.549438642	198406.872402865	184269.809997014	166963.938627879	156558.908702521	143688.045809729	138316.359130074	121615.839633355	113853.66322387	107840.606249466	107855.953332915	105381.081375051	97507.6386102949	108057.710637856	114224.950217213	157727.499332544
554	2220197.6706746	1082214.56249419	940385.053078995	4640289.05590147	5731069.66716694	701451.221557931	424353.188684126	341060.276523748	284768.74377812	270828.997918452	248308.765684293	217260.494979557	200687.729417378	187564.327593601	169643.59844105	158363.761060244	144205.605574722	142614.790460458	124120.976193068	114136.667273534	108353.160407949	108756.636829775	106327.689042545	96101.7813615538	107528.326935491	113637.553834666	129423.299987558
556	2173335.65018797	1079805.46398312	902934.924080046	2550899.6892566	127350.457234173	750483.947292853	448788.857655261	355888.07982946	293816.865251998	276293.472701135	264348.303615769	220886.791593526	202452.988314163	189555.950407571	172452.087635663	160017.963965017	146187.832753444	152007.904425791	125531.174457399	114807.274372215	109790.326207755	109127.076126338	106877.343843009	95294.1756937158	107531.896506933	111522.941867185	120206.61622164
558	2187621.96178082	1070439.69549523	860894.887100168	1875406.63668976	0	794524.513946374	463630.973760865	372504.089432108	301710.025804189	280419.998977709	280084.00570729	223229.238181396	205769.616352737	193176.344836754	174672.185469837	162142.790632339	147684.29719285	161229.56465704	125728.916645191	115830.756869791	110106.192590475	107785.915703861	107548.991149018	95902.438257043	107752.81801689	109573.076690017	116990.770927356
560	2186116.3597628	1064625.34835068	843094.726634468	1521400.9969719	0	832881.755507849	478693.081004264	382486.376424529	311841.009538061	285485.731442029	286604.386711682	227207.403210675	209213.621344216	195479.326894219	176991.671906405	164378.558091078	149540.663186054	162650.753479898	127281.165212153	117451.042560879	111524.02124737	106738.165479277	107175.215207861	96177.6597810818	108822.809518527	108624.839409166	115461.289369698
562	2160618.88230895	1060484.37744927	829718.912547162	1310280.21945271	0	887848.767495227	495534.519337029	390280.709916336	321814.407496083	290720.715023143	287538.403356388	230759.552241624	211667.166537541	198321.901416296	180249.974334248	166397.611099033	152217.258998112	160426.861305553	127891.204828051	117640.941315513	111804.802226264	107241.417180447	108066.370174301	96538.7459603318	108915.003261047	107171.731086694	115798.258019949
564	2153985.01073371	1052357.48047594	816043.396393154	1204935.34834431	0	998708.17546762	516258.646089999	397228.782791528	327807.663734905	296834.99814807	282983.452883944	235114.763425341	215871.653524288	201603.135394844	182093.929928189	168402.430305463	154067.675919881	154068.299874938	129937.710916733	119646.015983899	112531.350630611	107781.237513526	109539.423780992	96811.0479864977	108035.478657078	107422.336363467	115865.487845025
566	2171108.30643759	1049347.1365605	801129.892601309	1135354.40846043	0	1190085.9875487	547904.877483576	408878.067956207	335964.329996253	299297.304264	275443.513204612	238519.093412591	219518.525020864	204380.252464647	185663.629126343	171466.502149436	156171.048847904	150775.393546765	132776.623807416	122479.507101917	113618.812286784	108200.697028682	110736.442145403	97006.4854022742	106557.989477322	106184.049444681	114910.365508061
568	2166484.5594359	1034661.2028701	782476.005179627	1069994.8773597	0	1608339.01863486	603978.809689371	420369.746490111	344972.351763097	302275.768135872	272558.256199323	245717.60593887	224029.622490465	206886.225876735	187771.933640853	172834.241996483	159115.603898626	152511.139593641	138128.376900022	124024.526707373	115003.964532301	109837.71132387	111714.55174353	97154.0290676173	105854.221070254	106211.227563545	111649.982433747
570	2154670.86219142	1029973.84861262	774970.281882476	1022881.35309245	5.13824314418907	3044961.86067518	676825.764177599	433860.052657609	351367.6885272	306431.587812523	275856.403661182	252649.818551744	227739.097303756	210477.668604555	190500.614913219	175661.375176307	160629.636528869	153677.296065598	148422.528907633	124718.14099576	115122.442662034	110276.587408642	110289.771333942	98212.5608121223	106833.287669358	106420.890569455	109869.673230125
572	2184405.34370859	1019882.73259072	760962.882332585	977158.758170204	2466180.98724361	5973098.26355365	742620.668315095	447554.897273235	361221.612438285	311553.925784556	280137.15937613	268347.22057484	230594.986845411	212535.992842697	194181.570922477	178876.516858506	162873.480387196	156647.170557419	154354.933456052	126156.900043188	117490.272710755	111337.993757966	109904.638728728	98369.9031881126	106971.261632893	107803.83042583	108517.44647011
574	2172496.67058402	1016030.91209055	756458.6337473	933615.019747799	4158866.36723614	1241451.4397014	789381.691666798	458627.883701301	368708.023602659	317025.817759713	286163.468527019	281380.778809692	231090.886517203	214921.503975953	196105.474691459	182046.525945503	164984.801760451	157828.725659833	156216.531551946	126821.468790242	117864.283631789	111980.45206945	110528.268880194	99633.9970915873	107057.107255011	108448.496497209	108394.734925349
576	2183182.79116681	1013915.94242654	752095.275929129	881766.20026714	2607383.9914589	161.7833045261	831082.691662348	476783.183715472	377903.381103669	322183.71754674	287914.91283046	286328.760246105	234558.777331993	217904.997411009	199978.633938175	185953.271756477	167289.32380904	160877.167008246	151321.328089312	127660.919729417	119699.749153899	113269.229827761	110615.44880943	100725.163560773	107959.897359049	107995.076941354	107554.648781463
578	2179112.80481761	1005180.63781792	747475.745146643	832561.962291504	1939994.11775354	0	867765.180326703	489828.556755061	387916.263774411	330254.194471288	293744.842742265	285400.531070859	236120.074278361	219865.320588744	201075.687747856	187874.374466768	170923.525176883	164045.361120599	144490.575520462	129993.426416113	121980.199602904	113898.414198606	111654.733299297	101721.699921498	107579.641105786	106524.859887109	108263.095052429
580	2214121.58268361	1007966.51609039	741107.919458534	801961.117956413	1590306.13118543	0	913986.482478513	514337.538791182	401427.29873458	337973.313059455	299766.862903447	280824.107432212	238520.150821677	223371.215648913	205475.762077003	189576.401162848	173445.526004749	166158.381344125	143907.766443072	133472.477016299	125135.297510462	115446.163761328	112779.786762118	102487.869476332	108938.373863217	106473.167584645	107571.705219304
582	2182949.25885914	1004534.13941994	738708.770310886	784453.876836214	1360204.29390646	0	983483.032965391	535101.472551744	411841.296146042	345015.381325653	301797.91135734	270581.656735608	241432.981288321	226918.683037345	205027.258415922	191049.693001981	175563.364305732	168936.833645157	145510.942549568	139128.555008379	126180.202542662	116200.653529214	113538.970500351	102274.585240518	109086.436188133	107068.873604896	107955.513621035
584	2169601.43357048	1001943.65665859	730090.484085453	759411.402944712	1239300.22715369	0	1136249.40683764	565461.342216338	422583.731935798	355603.485107001	309388.082426559	270140.988302808	245007.557288228	230299.817816656	207142.410062716	192461.405016691	176748.109798509	169793.97762495	148649.123804169	150568.297001675	127303.940490659	117842.163827771	114089.784240841	100788.615036752	109674.620644713	107104.379249671	108921.223204059
586	2179765.50890009	1012695.26064541	731382.980410359	746086.144455582	1158020.37879382	0	1364083.28062293	614076.523350409	435945.95218562	367650.036469766	314758.024720583	276210.646264708	253698.439979357	232479.882511498	209246.866415137	195987.964266661	179050.947494935	170641.709637693	149622.966516113	155306.862232085	127822.76073708	117922.563943928	114976.730853328	101152.57753075	109934.352895739	107552.890247831	109083.82721606
588	2172983.15186618	1011605.47776492	727717.473428803	732133.41570408	1102719.76499826	0	1903555.93657937	694017.548975789	451209.317943153	376804.935701193	322315.569800273	281315.716623745	269468.569919308	234330.268941342	211848.713133851	198082.695600437	181178.45399066	171745.994750877	151647.863321031	155810.460765461	129636.176555776	120147.440177971	116015.207476029	101445.228998718	111728.56246061	107300.47520475	108082.105642187
590	2176461.62819858	1013056.75229581	727293.454758524	717530.109796123	1050440.73864257	13.7203790340385	3716969.23709927	777643.116480907	464266.37159367	387556.501243415	329256.513940498	286732.238836802	286214.319715822	237146.465180859	212603.698136109	198497.161824381	184305.358359737	173681.990191026	153824.327859156	150257.2498765	130264.77336015	122428.955711125	117012.471299926	102453.724749058	112919.765455407	107148.206803348	106754.68658506
592	2171138.3385891	1035916.62068284	715446.944442761	710244.51461101	999874.168634153	5172054.79042971	5400187.78010866	833363.90881999	482228.236210239	397413.652554774	338676.304857794	293291.590346739	295572.43701207	239117.224472279	215512.708885557	202013.476451536	185320.900885705	175142.913339656	156576.895920785	143771.908224908	131009.237085274	124336.80770025	118177.27222978	103123.790083988	114041.282124646	107890.313089954	106655.605498413
594	2192969.02632048	1021755.52217077	708773.943206755	694378.125080361	957175.453663958	3703439.73262343	251347.442645011	880718.042887213	496969.276257537	407833.849436951	346189.844082778	296978.058476835	294734.29068552	242671.682870471	219696.401223639	203371.862062333	187320.859538126	176090.849470221	158390.69525392	142833.387738401	133639.525459291	126612.391413382	118515.695605582	103486.071104775	113200.629818726	107944.740460417	106982.105142467
596	2171348.62672696	1030094.22521161	708510.608989056	694054.686094069	901394.161419982	2534713.99108158	0	914495.302801459	513546.010919055	418171.153401867	355286.712323489	300497.122184045	290187.065098894	244216.126808564	222120.798152871	207634.162914966	189559.492361225	177880.364857904	160426.836043975	143891.984209464	139567.91864387	127847.315587709	119320.990953131	105179.801646377	112057.239994813	109226.291960738	107343.872431377
598	2185837.77662935	1039403.42209482	702794.38118579	682942.5597047	848645.150144579	1930074.12487286	0	943032.992013027	531198.885247541	428478.776738604	364900.630108382	306507.069417753	281153.072739093	248464.683749194	227283.650734955	210631.716416526	189873.192288945	179163.979371298	163756.530762576	146102.393259304	148917.371459244	126998.185559755	120140.842527571	105682.221772847	111727.497566384	110975.149646676	107317.739285888
600	2205952.73975493	1046860.55914294	707625.960664523	679748.15213167	802095.872601588	1599763.8746768	0	991654.98969079	557078.165109775	441291.332999347	378134.462858065	313109.733245751	279851.743662401	254223.69839752	230711.100126901	213094.50448917	192562.592381251	182697.786934576	166088.382416786	147798.243721451	155264.76567366	127598.449400832	122415.071036902	105007.580966015	112723.778944375	111159.280590959	107841.090294384
