Wavelength	240	250	260	270	280	290	300	310	320	330	340	350	360	370	380	390	400	410	420	430	440	450	460	470	480	490	500
nm	CPS / MicroAmps	CPS / MicroAmps	CPS / MicroAmps	CPS / MicroAmps	CPS / MicroAmps	CPS / MicroAmps	CPS / MicroAmps	CPS / MicroAmps	CPS / MicroAmps	CPS / MicroAmps	CPS / MicroAmps	CPS / MicroAmps	CPS / MicroAmps	CPS / MicroAmps	CPS / MicroAmps	CPS / MicroAmps	CPS / MicroAmps	CPS / MicroAmps	CPS / MicroAmps	CPS / MicroAmps	CPS / MicroAmps	CPS / MicroAmps	CPS / MicroAmps	CPS / MicroAmps	CPS / MicroAmps	CPS / MicroAmps	CPS / MicroAmps
300	326546.75018605	158046.742975984	123753.638925467	130001.681802091	152484.623630874	358735.676197647	5175.98561348852	379466.532159153	118562.426342498	84395.4197150482	59932.9440835526	50932.9697509091	47859.2128485456	43923.7559415828	40529.8452045278	38336.2829980146	35458.4919753852	34969.0991219715	33592.0531120919	32400.0742620864	31504.9275444234	29680.3210959688	28660.2654999552	31623.220745752	25841.2865560127	24482.688765958	22758.0967285043
302	332204.584287472	165438.05483772	122761.849672755	118950.015268275	133331.257286224	250405.221280051	32986.3892544692	993131.162805394	129756.49642546	80155.856337291	59909.4380183823	50211.1202278083	45141.2053195103	41398.1910697729	38541.9439148861	38241.8653902311	34525.6035886629	33507.5448393787	32487.1412168699	30737.2373995421	30008.9432042984	28099.5671431106	27418.2471530724	27229.943394885	24912.6320550681	22805.9188128194	21661.5514116941
304	319857.418130921	157635.314329606	113768.683254534	112973.75940352	127910.821601052	197599.869248446	2906901.66043498	6420032.14212947	148496.681359357	80061.2986722372	62781.0040583086	48185.8233230411	43420.8453570824	40484.5449451773	36629.3337923907	35165.0620687783	32777.8390086293	32096.3843014653	31045.3274927184	28501.7941833485	27494.3045744892	26973.2301439164	26259.7257408264	23446.9672509709	25023.7419022831	21389.2914369848	20854.4498244737
306	314257.286786153	149467.54821649	112964.394744611	110000.020366608	121218.470485052	163035.611286612	4799661.05657294	2151322.69596606	175120.505556419	83366.4401330763	67140.9500067953	48425.7387048256	43393.7979535439	40301.5152295892	35758.5730504978	33408.3629964633	32079.1044747555	30134.4496754133	28553.4031214072	27506.6315251729	26264.5918341903	25524.153286364	24145.4396045414	21673.9069147592	27689.0366812832	20750.1780026316	19281.3401399236
308	319643.933266523	149932.293972655	107486.670255478	101832.740892865	113937.456099615	141361.267839984	568435.461336282	1930.77548507534	223276.689043962	87841.404327762	69246.0422713935	47547.1571644331	42310.3660034746	38890.2213097951	34286.8637337639	32195.5193796862	31614.0585978003	29116.3578044224	27990.9355753006	26588.6282292826	25000.8079273929	24121.81986858	23105.1763981863	20637.2276851716	24659.338107624	19896.3845682064	18606.930219467
310	305289.165807086	144712.854419744	106554.037183771	97332.6508493891	105095.682008521	124444.608246254	319668.391871565	4.28192987350228	318539.775163788	94510.0779022773	65525.5889669399	47335.4978008031	41682.4319655451	37336.9015430708	33479.0800606795	31326.7239118894	29438.7345143869	27666.1079144268	26476.7628843329	25088.2481545055	23844.2975982739	23017.5519002177	22167.6848315926	19538.3864461818	20593.2004534328	19433.9185014231	17390.1173879868
312	309534.748456263	144049.132201511	101630.039175367	92001.759937675	98215.7946139177	109672.360924549	217073.220335197	306.986443054943	708930.448153086	106491.504422958	63498.0360067318	49412.7596075853	40068.6371536382	36985.1727117084	32306.6716933764	30071.3661889915	27815.0322446852	27486.79229671	25015.4211147233	23803.1921386907	23169.6031432408	21744.2053326098	21616.1288785404	18139.7979856375	18522.0662655873	21980.2278124214	17100.3005350172
314	296988.969662755	141289.738024594	94888.2353111555	89901.5169118741	91030.7446151874	99661.0626408663	162589.876836056	575895.394231264	4332356.80345359	121309.364454969	65277.7846812186	53450.6769195858	40041.2908510561	35966.2098441397	30927.3033739821	28356.6060742445	27121.6135539675	26807.1452505291	23513.946175769	22303.9264797785	21606.3254839535	20263.9007376356	19879.18411612	17310.60867044	17762.1696725353	20894.027866541	15756.2192127113
316	298503.032010737	135175.988743101	94613.62775687	87403.4718709512	85204.2165961665	94447.3003845893	132327.125781766	3796259.79209298	681419.953031072	144729.261733636	68181.1228014744	56838.5669356915	39642.6371883896	35518.5514393199	30728.8000449304	27831.0451775341	26430.3624337458	25972.12581103	23408.2326931631	21840.450266534	20763.9126763433	19495.344027205	19007.9272803068	16498.7629372376	16905.6013577103	16979.5676073046	15902.0503838196
318	298249.512976995	135182.803838448	89291.9230463591	84755.6473039529	82192.7051878904	92273.0050469227	115640.19613346	506933.208645466	29.2923686693537	185225.00499581	74246.8386846487	56346.8049583572	39630.8270568734	35039.4783110652	30187.7868072328	26937.7335434744	25337.0198676857	24619.3916469503	22244.4122992567	21477.3974081085	19934.8939413472	18971.6055288374	18297.6667142577	16284.4048050661	16045.3006821793	15469.7063911457	18063.3279414597
320	280986.195263713	127856.747164438	87355.351732983	81230.5499762663	78641.5875210285	85930.0580437726	101200.222112785	285165.269683694	2.79113155730619	259592.728741076	81022.7096339283	53756.793205338	40129.145187951	34877.6914560019	29431.9191634181	26433.2465687215	24274.7126162943	23892.2238194668	22164.3342250573	20268.2533008469	19340.4709583282	17982.2871886917	17430.5308579459	15518.0284317351	15590.3885004786	14640.9963489309	18263.0980570284
322	287982.121754636	127030.94869404	90252.9651226838	79686.8968433954	73895.1728381243	79415.3151151046	91695.4773374354	192930.799098932	2.69300565362322	493053.436804076	93056.164639478	54725.8755139186	44214.9727086756	34672.3133222615	29613.4781149921	26425.3294172065	24465.7228276564	23351.8067576279	21877.4305420078	19901.4597410053	18614.5703662207	17725.1722835429	16822.0116146789	15026.7282863342	15100.2025361873	14102.0031758355	15018.0123352548
324	276670.012556223	126337.148325576	86106.4323783329	77700.3412978169	72215.210250349	73679.1615913316	82610.1767084853	143784.503354413	28813.2063334657	2914457.42070273	110007.045908228	57845.8203566416	49643.4485296898	34802.601274002	29425.6522262429	26353.1015550587	24114.8811630729	22753.9376617251	21824.866683143	19294.5819937031	18192.642942707	17285.3800653531	16366.6388289263	14381.5480385127	14515.9375213719	14007.822179046	13442.7376389498
326	284679.504186383	127722.693551068	85926.7645698181	74815.0937946902	70883.9488077908	70646.7989163764	78228.9348024733	117200.530850747	3518982.61271456	405269.502293544	134110.517989664	61771.6161084441	51032.7349524417	35284.9422177147	29409.7052612537	26174.3345744355	23387.0968291253	22349.4546629819	20983.8693273659	19132.5489552258	17410.7136376378	16833.396967783	16009.2131745116	13885.9674270961	14528.5029072545	13585.5923158585	12941.5906170011
328	275515.564306764	121699.341028698	82401.6012178601	72460.7781239993	67750.3467593019	65810.8344556708	74233.3368107755	100065.556330379	523666.677438993	0	174231.319098585	66539.8093550394	49355.506039717	35317.0685707727	29050.4968756151	25735.990097647	23098.233536297	21731.6793818035	20122.8887419055	19008.2561164714	17014.0300901324	16104.0259379711	15367.806160917	13419.3112757485	13880.2285476158	12925.6530897034	12332.0023796143
330	271648.381335325	121639.074263335	82588.3256366372	70219.6671018169	65932.032691256	64217.7220362088	71094.91350797	87162.1190763584	274730.099305187	0	251634.387577366	74303.4678690744	47608.9166241067	37096.1369649506	29134.7442712629	25165.0720089014	22861.8794993713	21131.1241059481	19518.7843157706	18701.5611316453	16360.053693758	15456.425328107	14703.6797777508	12841.4367336752	13171.3240001175	12516.8636946318	11740.254850261
332	273461.608797274	119904.178311695	80667.8547598101	69576.91343197	63693.6504843912	59709.2021199423	64953.8017764226	77478.3326303376	180255.377428593	0	524207.141090672	85067.1424989554	49541.592878815	41851.3021757925	29280.6369700858	25250.52466825	22409.7933601138	20929.6832545507	19043.1706237727	18209.9449424645	15830.3726778732	14830.223451853	14419.8539395186	12486.6224652948	12947.6957303758	12143.261311636	11240.7884911907
334	263515.223051533	116854.644094879	75860.1977426061	67902.6763068005	61775.567068735	57278.2615417617	58942.2735150399	69082.6971125609	130867.384983439	121.606815238377	2470471.50048011	99429.518958142	51864.7570198862	45284.3354945474	29417.9066456184	24840.4688626244	22704.1513392843	20412.8904317947	18793.2180180699	17411.0490821859	15474.850167102	14328.2867307602	13972.7026939999	12005.0430057045	12314.9362160742	11677.075858846	11122.4273963244
336	259470.478859046	115483.530790346	78285.1639776647	64035.0671024981	58566.6752946163	55576.2229757408	55407.7034405338	64891.1177752653	106250.446532478	1907583.15832249	26920.0544178587	124309.210674376	55586.3812378525	44779.9830106507	29708.4968740303	25287.8737583458	21975.9455125037	20245.3452496641	18280.2063858766	16929.7450365293	15302.5497349782	14275.9550164701	13531.3205797816	11601.642383708	11850.187797893	11418.9729187061	10838.9288443756
338	260688.320549434	116603.530195814	73904.579839703	62983.815794418	57645.1463131817	53455.9853631362	52700.2950115251	62043.0422765642	88465.722218065	581408.536561313	0	164699.281517326	61288.1681230722	42848.9570566739	30899.5126179106	25471.3098610362	21990.4599623798	20338.0817035583	18111.6640729084	16670.4793478685	15431.1861919733	13891.9731805263	13254.8229332624	11288.4718861332	11677.6875201309	10861.9152921723	10754.0134668893
340	264123.018991861	114957.220877421	72604.5869728279	60954.9496620697	56028.2815603694	51575.9445594452	50618.9993376315	59255.2971642725	76194.9087575093	273375.539129127	0	246476.676975352	68917.0401351725	42727.1645182975	33006.3295221889	25498.9179630121	21843.7779192505	20276.4958411059	17728.4692749255	16493.5777358334	15119.594687895	13476.9147353005	12969.6114258415	11196.7380255785	11506.565310673	10936.293810572	10342.0599430701
342	256441.246390955	114486.511084833	72581.3435425494	60878.4584661634	53903.9082721799	50661.6100311049	47547.9170627038	55401.4302676635	68283.9869521987	173513.022368446	0	607285.551883027	80798.4885618737	45535.0417857093	37546.8525583888	26146.4626776955	22015.1003444214	20011.6673586314	17992.556174651	16150.9952892658	14869.3322194727	13567.2749753495	12489.8605843066	10867.3541907738	10843.786198395	10529.3276474709	10115.2891859749
344	260612.292791287	111950.793862829	71536.101985099	59169.6329977208	53575.6052408894	48604.8389692126	46267.669231735	51520.6445825471	61301.1112050069	126329.475946385	30.7664867596679	1695539.77654703	96889.8782796419	48713.5786414685	39961.9776804673	26806.5189165069	22443.4026080398	20010.9741814086	17664.3885651323	16192.1366671228	14326.0106503192	13530.0583692147	12537.9565736581	10708.3606299825	10790.4820576654	10307.8335459267	9823.10969239465
346	257818.087996579	112747.884578316	71352.4372096202	58233.9811001867	52927.6969960028	47404.9873325875	44510.243296234	47347.1533094815	56598.6548308338	99507.5412802768	1673907.40188212	391.115729491647	121613.973721466	52178.9990882017	39207.7632340239	27039.0126580672	22406.7702325642	19984.0451915084	17588.9954320341	16035.0440234322	14205.9096986675	13709.2574415587	12147.5381467116	10453.8800326365	10770.0654908884	9709.87241472909	9558.10164823845
348	258163.265726524	110125.813424676	69281.3965380071	56830.371036429	51399.2657897542	46119.1409110965	42720.9719144008	45121.8203516466	52981.0919559792	82148.5544395919	461967.323021669	0	163235.423087097	57555.736533301	37503.5180138583	28513.3414222114	22917.8566883795	19955.151962531	17440.7946799138	15860.1057596483	14277.0191325222	13176.7852023477	12008.3346619966	10327.7694379481	10338.8089071061	9838.07489470674	9197.131815438
350	257842.614430873	110565.808498174	68824.2086613378	55990.0987736041	49241.6783695668	44193.2388168171	42074.9508430995	43275.6761439548	51215.2730032924	70276.9980051686	239003.371691008	0	243749.358579011	64811.6636392537	38385.186546251	31546.8560635195	22890.5012549975	20007.7342246984	17643.3603239998	15584.9515333116	13646.3926103194	12792.0310678364	11894.3633951119	9889.99224305397	10197.4967784631	9330.2578577027	9117.55607085153
352	261016.894882369	106598.380054242	69335.5668419923	53648.0525165704	48414.7884121789	43751.1784746679	40936.3258534554	41767.7010097931	49130.6272315766	62119.3509283062	154161.636265572	0	620690.61537726	75333.2631971489	40719.4153697843	35432.0452545694	23302.773355958	19976.3482306864	17579.1900392825	15366.5500889134	13680.9043571289	12543.3400643536	11922.1237724737	9857.17048040647	9717.74365591588	9377.44395142027	8805.94182196106
354	249527.185097108	106694.638525081	66892.68893541	53405.9856175316	46888.5120305602	43054.1621230069	40509.8065417998	38921.7661274606	45795.334381282	55459.3595242384	111938.604676053	16.0413533353555	997829.036882481	90205.6538605643	43586.4836493406	35726.2419033048	23637.2370148345	20299.1526160231	17145.0738284572	15253.6414662376	13683.9807527678	12323.3541591269	11928.2241177245	9667.61333735887	9823.1592744091	9204.28482858681	8664.91878224071
356	255791.033567872	109583.201191082	66699.5288368773	53807.179855969	46855.6789647243	41493.2272929501	38585.2056948224	37625.8033107341	41158.2667413267	50795.5956066103	88871.5311157081	1402420.89705372	7.78079668882316	113887.002776099	47095.1273744122	34312.125966428	24382.9302455064	20586.5067800596	17492.6274661278	15286.3519452761	13616.5272833984	12174.0201058257	11721.3972306516	9514.4901490232	9747.56750289952	8822.54300874079	8270.91772891097
358	251369.951466572	104868.410857339	66176.6330116657	52374.3322024013	45439.1157849894	42058.718737697	37490.9049542416	36678.5542118421	39572.9034313595	47544.0844215911	74536.3986302508	394254.820650254	0	152489.028313031	51781.1979640524	33770.1561168989	27099.5096846574	20975.2422114486	17350.7425103531	15735.4003791791	13557.6801960518	12122.5601080303	11218.7873256518	9506.75203574449	9472.56884331332	8880.79123955305	8393.88486843099
360	251360.023975785	105416.649782657	63849.1880335187	52210.7882136744	45254.3985192553	39962.0080217438	37072.1620051263	36194.8891774796	38637.3309326568	46079.5471813059	63943.2335299217	215354.995585875	0	228893.20615936	58428.876302842	35556.7803090183	30931.9722289874	21275.1737484699	17788.1705808673	15472.2850057965	13573.4986561166	11997.1198878648	11132.7538424075	9706.71533176375	9289.79008337845	8636.7346830423	8245.99401900787
362	244878.220073692	105833.355117545	65384.2208186311	51255.6063905256	44076.519528719	39872.6545461861	36696.4831381711	35785.7174989268	36794.5981379666	45048.4211369769	56154.3906413476	141805.120174621	0	516203.09422617	68366.8088298652	38003.0378607546	33254.5072381085	21657.1676065118	17850.7669249066	15505.4254114327	13322.295782876	11875.5327105654	11011.4648069068	9636.61871391604	9155.91572257362	8719.05427563397	8262.28608821731
364	255653.132490023	105411.393141224	63525.4700498243	51105.5895441436	43445.541089819	38643.6494941053	36339.6161753077	34944.1452930195	35178.9825352493	42841.0885460594	50362.4961075126	103904.06409001	0	834085.667734857	82140.0443398606	40569.6487768932	32007.1245223133	22379.3406854142	18222.3924343009	15612.6410399007	13500.7228832118	11951.5276746235	10907.4511383461	9626.41207770735	9256.07939669787	8541.80935049102	8066.57619754606
366	253766.389379666	104287.156718419	63501.9122477275	49929.3101093522	43077.4663573002	38527.02996518	36070.5665580519	34740.0263609067	34414.5411974988	39352.8387089044	46222.1466959558	83055.8461290644	1131230.79333969	0.824701363886267	102688.92122091	43990.8184842319	30560.0726488578	24110.5149784927	18546.8285916455	15976.9324825197	13717.9593700529	11958.1134630591	10884.0797400952	9309.80583905693	9382.22800658716	8455.45561551447	7965.56605582163
368	259210.344071778	104639.59220042	64146.3338678454	51284.6568338049	42263.0309082647	38276.2325189631	35527.5221005265	34089.2939981626	33603.6335234591	37022.6287201959	44032.727914719	69136.3340320906	379693.50642776	0	137733.93162447	48911.9892667478	31693.9229451521	27904.7502178471	19120.6781840862	16119.6511728457	13991.3840110085	11993.9713016586	11017.2593089296	9124.23279796617	9518.03501238184	8285.22292707483	8129.74014159095
370	249938.076587071	104702.912167137	61871.922614547	49837.5512172201	42560.0526447621	38067.1397265892	35259.2459789587	33325.6441767001	32969.1183690743	35853.6868076444	42147.3285057643	59825.5257799479	209514.862247848	0	203701.551843518	55517.0493937414	34010.8071465316	31534.7369678372	19764.6815183069	16485.3600861426	13793.3744695818	11805.1751702886	11002.2343023246	9278.28418123752	9580.70784451994	8346.77382770481	7890.98800515035
372	254202.901645159	105816.469684066	62779.3460932565	49440.5897648948	41239.8117935093	37972.9123904292	34674.3143095031	32722.89664115	32618.5916985243	34718.9130500233	41979.1133696829	52969.2881223538	137112.832747589	0	391816.704972826	64930.4835221073	36076.5857458931	30861.5400378298	20227.5634980849	16826.6559275133	13765.4350768303	12141.4302068849	11080.7832305876	9183.54123067029	9275.42589112168	8453.52990468141	7811.19717186327
374	249376.596519747	103113.194715399	62139.2390001962	48943.1344387155	41324.8064130644	37517.7217760114	34581.7297934909	32881.7506139162	31584.7239845301	34012.5303360975	40698.1156049619	47514.2667903625	101608.658979263	0	951818.001550253	78286.5858353629	39183.5535814372	29054.604721242	21338.3304370849	17086.3688237898	14195.4748975435	12289.9620310246	11067.8851757589	9217.26366087797	9286.3847714818	8399.3136824614	7861.04767571074
376	249637.146765374	101764.05159333	62148.4771111241	47164.2640018653	40862.3138742981	36982.7548816409	34103.6909805199	32358.7836583796	31951.3151456008	32456.3591045721	37988.9434470162	43758.0978437503	81407.4428481945	752093.34188051	17.0878174384599	98153.4389580415	42685.157581586	29158.5012933216	23860.0064578867	17478.5954021889	14301.5490423633	12294.3553762023	11124.9386071848	9148.25315841551	9183.22413174691	8583.09359478016	7835.2769010717
378	258000.396354799	101659.751479354	61476.3820531594	46622.2499011007	40992.0108018241	36849.7617538438	34100.8902272558	32443.4548023704	31505.2846347043	31692.333746448	35858.2392075976	41161.4067840199	67704.4509892042	394211.414659295	0	131341.324667016	47470.3283971628	30627.7598860239	28056.2583971059	17881.6210812	14549.8949459807	12317.3734828986	11106.8508317447	9366.59247086709	9074.34195195048	8652.07873809188	7853.83142481002
380	253783.170419258	102440.210226377	61686.6327275053	46988.3371839818	41824.234827971	37086.1426188322	33477.8075260103	32326.3297202153	31080.3730703418	30976.4193082822	33908.4958804247	39742.4332762008	58182.0262577833	215995.273211779	0	193485.620459137	54447.4104339419	33117.8478331656	29611.2720056149	18763.038973108	14868.5088600754	12297.8841759734	11263.7299677164	9308.79859314356	9325.01548959019	8542.21770424935	7883.42016517372
382	256323.185833159	105849.50849982	62954.9609014769	47746.9070696392	41411.7328528478	37283.6272158739	34177.8947404489	32510.7025001887	31132.1087385483	31056.0513208009	33292.4983482232	39527.0909695038	52179.4494118019	141366.995050926	0	354374.184997337	64248.8578705694	35406.0211209049	28197.8059795768	19221.4505069921	15334.0139201807	12682.5338798728	11524.747427125	9517.00708100945	9280.80135579451	8457.45611452386	8033.94372847543
384	263689.355090072	105694.969651043	60953.9067934385	47559.760039494	41509.9901536176	36916.7740453213	33921.9546010902	32041.3598371395	31030.6258544362	30884.3754438678	32511.8098210817	39617.5626566445	46673.8078414677	103658.514945474	0	829912.084994649	78753.4791928463	38937.3869004574	26954.9799200278	20905.5766974143	16020.90233858	12663.4256947928	11704.6034390644	9557.37828356643	9231.5613088852	8531.8786407426	8107.35771958217
386	261950.614814634	105730.788448934	61844.7419769676	46709.3425292177	41483.9082279652	36707.7622398724	33968.0502734387	32515.5078542789	30644.3908955641	30805.2970929093	31683.4669723847	37574.4789640693	43497.9119492874	82110.1841660943	176602.177922683	6.37381152403215	100864.292909217	42599.6787659785	27931.9053520764	24080.8458756059	16184.5808114568	13224.2018263431	11684.3812087715	9534.27776876975	9453.51554261392	8582.09554773157	8358.66113562179
388	265318.892367661	104363.206425007	61902.1895866459	47708.3523152393	40860.8287578096	37305.904814618	34218.0864605802	32430.6190738495	31067.2344013261	31054.0096876859	31503.2479445895	35239.0744342999	41116.193337907	69301.0803141387	469773.569052941	0	138511.318872649	48592.8013566705	30499.0617938739	28619.1333515415	16954.8575862248	13708.5026404025	11918.4524381921	10041.15884877	9815.76435538256	8750.78350048759	8138.72178128403
390	263199.06349306	106831.228942102	64696.0673238035	48326.1138167636	40907.8857036935	38232.8651938384	34861.5488068054	32764.2475518069	31727.0470664349	30721.3045343101	31094.2593881075	33386.4104626935	39142.8457291217	60373.7424648991	244245.862152868	0	210594.173234007	56605.4744032781	33002.5852027466	28865.154553805	17819.4049933681	14394.590711883	12204.7849862023	10279.3952256642	9945.5922859613	8926.7490151218	8418.51786439864
392	267266.426638986	109261.094994768	64187.7432024567	50173.2174823316	41181.2746884363	38330.6392483873	35360.6119034514	33065.77934709	31715.5418883774	31274.2092535123	30913.6909371124	33087.2540830117	39422.7452547776	53888.1749315029	155973.258879756	0	434834.027143703	67959.2745374782	36031.4974291072	27294.7648099476	18907.8859786169	14710.9955484617	12487.6160948679	10462.0677018555	10089.3803671123	8919.34067501621	8568.27065522441
394	277477.474077867	117234.129333	65792.8493515427	49699.13956165	42080.125574624	39951.8709503039	35662.7545083349	33892.7712168929	32231.6634339299	31520.0134778688	31006.2235507684	33184.790433127	40411.3772215021	49338.7099162684	112176.557448352	0	420146.624273517	84280.399474397	39860.4658479461	27269.338508433	21094.3444939453	15191.8093425189	12978.1919058599	10403.0199413336	10103.6912331117	9157.56535757006	8627.75805357597
396	276012.491573741	116798.082146296	66626.5541469137	50219.5454819987	42042.4714712762	39380.8674227645	36133.3390431816	34168.9929470993	32644.9442147827	31674.6306782051	31324.2721437793	32263.455150187	39529.358939656	45467.9877903467	87628.6538880137	77348.9499249563	0	109239.50607326	44320.6137596345	28883.01092726	25289.0009133102	15886.6329797867	13454.4003421855	10613.8538004888	10547.0509125799	9556.52582829805	8772.74146279646
398	273241.145347343	113150.612933247	66430.3089013712	48924.1116381137	41772.8776703966	39340.6479406883	35850.7064951573	33540.3154071408	32150.684450888	31362.0724029639	31166.9736424306	31001.6656807302	36578.3802361	41706.2444018484	72021.8673663873	485891.8668683	0	149075.643948126	49054.2806997931	30580.836895414	27901.8983903347	16261.014745442	13620.5680056053	10801.1885949547	10845.0980779557	9453.98040990355	8696.49548241669
400	267330.507051105	110307.585174036	64704.5759200435	48632.373665253	41377.7004919016	38650.4722396342	35864.1465089763	33515.5370885997	31818.4451092469	31266.3731965087	30550.0404756239	30407.9731898396	33286.0508245025	39191.5338214377	60488.0033578713	247392.583718169	0	224773.585795685	56159.8905443372	32650.2819317854	26443.8495385717	16836.6164110175	13817.3453209186	11029.8080509941	10667.5267733973	9446.47337300066	8831.26233717047
402	270055.194463894	109452.500636808	63956.9916425982	49147.5664830341	41214.982527613	38100.2938214969	35438.4305602602	33572.3662109623	32051.2969254573	31227.1445687078	30452.1629295227	30080.7101461984	32200.4813030131	37891.8536726569	52764.4281588004	154745.160132385	0	496734.868815811	66950.1571575203	35110.7873627431	24437.7935275285	17985.6591963093	14103.4203735587	10980.730220154	10828.8782217334	9474.55062386473	8848.21676167283
404	267424.34360926	110108.835241863	64003.9658639397	48312.4170596029	40900.6535470863	37666.6379907571	35275.7813930805	33560.091553178	31951.1583689461	31153.7068215219	30550.5584901193	29897.4777817415	31753.2602701874	38915.8877923776	47494.784551806	109313.587783175	0	245479.723941563	82682.8523539208	38607.8647477785	25072.0167110615	21252.5838979936	14717.425967524	11343.8820978007	10873.0003347954	9687.30865125931	8900.41990356036
406	270573.573688113	109575.563284042	63375.0434276386	48243.6022304467	41288.746883946	37642.7138362744	36745.2846667012	33975.5518891126	31861.4098543605	30923.6003311119	30504.9266665745	29557.1475649577	31426.5900346232	39254.6419348919	43577.1489567036	85717.3562096579	286938.744027236	0	106802.923311628	42573.8451971139	26739.8808317175	25180.7685258622	15167.6240712886	11694.1035111464	10881.5140007369	9874.43704769798	8949.7401603842
408	269013.550828058	109305.957442217	65098.1581172912	48446.0674061824	41322.5550232974	37806.3814392751	36919.484905943	33809.1138921918	32131.5613565921	31222.3944400785	30789.0996997199	29628.9815518307	30500.8805139056	37796.2262178137	40621.4926139928	70723.1350139164	403198.810495232	0	147740.175268838	47680.7413463151	28872.969665564	25103.0446976712	15673.6324763781	11983.5249477847	11091.1640445532	10265.3558669902	9132.94041022886
410	276530.634383175	108517.080417499	64413.512571281	49408.6591795117	42090.0898404433	38045.2542315039	37107.2987011159	34608.1594189587	32117.6675320503	31350.7545450146	30656.3957864322	29733.4202565332	29782.9257450374	34481.3334583565	38222.781536392	60119.399923841	225235.487199984	0	225693.85288674	55447.857101683	31022.6988366235	22852.160311232	16395.0621281371	12451.8498828738	11405.839311273	10242.9915556896	8931.41811239284
412	274095.490676644	107759.886799538	65255.9865674173	48689.8284331775	41833.0828386727	37819.0231691868	36861.7392977601	34720.7543003668	32286.778139893	31324.305656174	30264.5548651221	29928.3255398695	29573.8806978123	32020.238897882	36512.3750120419	52573.2865552956	145535.440563873	0	479652.573425285	65151.8229283654	33401.7991444368	22279.6422491658	18126.6492799093	12609.7187693218	11706.033417065	10250.3989292186	9331.94349716418
414	272380.949491342	108956.591104425	64982.9098799669	48461.9003599876	41285.2461019884	38148.0664423257	36131.8403466705	34636.8055054404	32501.0479789608	30933.0841843653	30691.8226870474	29520.800191788	29420.226857197	31173.6831529972	36534.6164865585	47191.0413671644	103871.84135889	0	261298.906451384	79974.2695800496	36187.3853170011	23167.9330451423	21917.0743140674	13051.6193597477	11995.5612412003	10284.3564856656	9541.15668740096
416	273759.133027133	107619.852493585	64675.3545134311	48430.2902486817	41347.3281047426	37819.8028130377	35800.4071534945	35080.984896635	32528.9774422156	31180.1282179467	30809.0129898403	29766.482245385	29326.2768783299	30800.6374570674	37502.8715249808	42972.0413332555	81510.6863472097	392136.409431745	0	103343.049077545	40382.2888654839	25145.8765634244	24300.5104088229	13409.0700836444	12329.5961874355	10446.5912073979	9798.19139084593
418	278216.748070792	111968.546729943	66851.7324391023	49434.8589800058	42691.2291738484	39056.1213119279	36188.649273887	35358.2121014732	33132.7590475883	32013.6126677818	31093.108595783	30091.0049292655	29633.3217490022	30842.004827163	37915.8924880654	40444.9824693611	68834.6068649685	399754.29399181	0	143034.269523927	45444.7323890507	27388.9337502591	23252.4996662075	14054.2446526403	12879.4984699952	10911.1799287197	10344.9173304056
420	274051.51092813	110660.9561217	65773.9059699131	49432.1814550036	41453.3869846071	38319.7019345563	36367.669107699	35952.1682435807	33570.8336840126	31645.7024409592	30732.9468666976	29582.6406104385	29307.9091199517	29650.8575786829	35063.2576680282	37885.5371340279	57994.3829611314	225323.686276559	0	213394.764292238	52045.574430359	29406.3672239855	21056.1987457101	15211.6220417408	12995.8674204376	11094.5414453669	10070.8977157128
422	262358.848239514	109925.072862676	65948.9695385857	49656.2902355845	41892.3031379019	38778.9817832271	35970.1849710437	36004.9359071548	33158.9752906932	31544.6623710858	30688.5969608348	29309.76532852	29407.3618788537	29268.4497200025	31821.6830804749	35838.4522483055	50611.0552423689	143864.054646314	0	405927.941690018	60991.4920302093	31487.2853263844	21177.2949941233	18098.2670757189	13235.1470116816	11218.3764443598	10035.0771656523
424	272484.681010853	111395.615619649	66637.2346971861	50568.9499816535	41812.9375281561	39031.3109996163	36072.8345590112	36134.5364141407	33836.6831994418	31649.3625173794	30402.6549639846	29292.9224663713	29062.9216892122	28798.1584221878	29847.0132555813	34855.1453930567	45260.3267097007	103524.813415983	0	466622.583406097	75235.8961694939	34143.8545633694	22520.8718241821	20664.1027915851	13794.9513973435	11530.9036762967	10276.5330206112
426	269334.56002726	112475.934581239	67403.1497186699	49370.2870064284	41825.2887507572	39138.3266265939	36294.8870441602	35874.8189865449	33627.5160841443	31652.5532711068	29982.1729350757	29254.8942351664	28661.9213222992	28429.110733464	29279.0281759223	35337.7675375214	41590.592542169	80981.6852597308	366352.527271705	0	96095.4155081141	37885.7009982164	24152.9762176561	21308.2557339494	14171.4368853302	11759.8097326231	10269.5867804675
428	269144.562340814	113627.756219731	67478.7506908222	50048.7870781122	41966.1841203473	38552.4514569066	36153.8541300153	35526.9649846032	33338.2924602794	31954.1563788356	30273.3623048267	29143.2292023393	28883.2097985707	28049.7546137398	29070.9859246015	36227.1251155522	38208.2279974281	66819.7233506872	389100.563874559	0	130865.230667932	42240.6497433554	25801.3192566399	18819.0272202865	14718.8930695451	11929.8213595292	10497.9279445359
430	277633.485007736	115202.132175605	66936.7844718007	50303.9022139808	42331.6854668208	38841.387763561	36390.6271683659	35581.4535111629	33768.7224966449	31762.3491141745	30551.8289409499	29410.1597044056	28537.6887716385	28494.4432719173	28815.5006463049	34976.8531328088	35909.4164510237	57387.6408753466	221907.306923612	0	194012.027434248	48815.8579497647	28011.3283938317	17926.1547473888	16586.6531703807	12231.2121096025	10706.4762790022
432	278064.028764741	116781.832649195	67752.3705212118	51218.8898542953	42502.4047066409	38602.8983540168	36479.1583002127	34842.5737267748	34345.9608291613	32151.4437309755	30120.3384446819	29579.5747867483	28662.3618877972	28212.8514195986	28333.1847175659	32358.0346142613	34450.6135210223	50769.7732102882	143502.643444976	0	342429.89080475	58223.2313721524	30405.3243773903	18936.4054609415	20654.4082044181	12555.7280481499	10876.5383840307
434	283244.301895202	114340.977556519	68117.1082039542	51198.1874900423	42606.8241020824	39794.23604882	36941.4049129191	35558.2411907843	35516.4099027153	32370.4645880359	30410.4307512801	29587.5126085772	28682.3577115927	28763.657819303	27624.588777723	29532.6657321898	33183.7929048981	45872.2183033552	104045.421230368	0	719106.075739113	72333.1639180714	33502.9283716664	20237.7641118617	23410.218025635	13112.6990658027	11490.2022833788
436	290674.711090499	118641.788415089	68084.1668741094	52739.9945886969	44212.1932546693	39769.4067529387	36974.911071365	36014.5625288815	35646.9120343898	33478.1468490997	31178.6765118911	29756.8212987128	28801.5420102855	28710.8641715869	27756.2217068419	29027.7943719276	34501.5605925013	42071.6724743729	82588.6121037751	135849.871950155	0	94577.6785675009	37678.6942148498	22012.4189080592	21902.0454878938	13912.5673161853	11751.8215375763
438	294070.011888561	119585.52562097	68890.8194831294	52623.1073211335	43547.6839872291	39685.5410800633	36984.5980893193	35872.2940186371	35785.2993718605	32936.6359926731	31027.9748039936	29561.1558371822	29194.3308168591	28444.1406658603	27453.6883043976	28889.9726963453	35829.1611390634	39469.2075764102	67937.799750293	447894.597509651	0	129061.952644681	42154.4314493024	23811.2386952625	18998.1185002019	14790.1248354353	12177.28947375
440	281795.966601445	115338.068422556	67421.9283479069	51220.2860798391	43014.9983879287	39282.3646495049	36554.1152373387	35838.9080670379	35045.5680328958	33111.5633192934	31221.4155717603	29425.9930111065	28988.7501384129	28351.0730498354	27257.2989843411	28266.0313118442	35152.5893836468	36910.557000012	57867.4980962966	244322.602318295	0	193821.541609349	48730.1768337169	25848.152041086	19266.602011206	17216.713470657	12325.1392120912
442	279476.834567883	115130.64672041	67410.9945220488	51794.3719290432	43342.9688438403	39421.2132433187	37200.7690634685	35948.6103111645	34835.7524694693	32799.2276019467	30957.0689570297	29537.3993009176	28824.2109850877	28207.50933452	27199.5912981667	27690.8512869473	32501.6260418135	34540.4382795554	50476.6183490992	154054.906695579	0	352491.501661963	58010.8038748972	27828.7316854562	20212.4931244782	21301.9135562179	12736.7077178956
444	271119.087251687	112047.108361804	65677.502682949	51774.0397497942	42905.2685509107	39059.2544209189	36654.5643582639	35640.9609727385	34557.3789026174	32640.9044656515	31149.9056688986	29412.3725913985	28957.7623013969	28295.0967299529	27337.5464342205	26999.5868382337	29321.2308547207	33261.1398423568	45134.2103673182	109255.132540394	0	582699.724128273	72469.8134353776	30656.6591993047	21759.8810265738	22216.1430989629	13158.7824225551
446	266511.606833399	111289.144059263	66167.3435732425	50663.2489375341	42811.0404783754	39029.9382328031	36419.1190577767	35842.8869266776	34329.4445318993	33274.9507684568	31311.3152277324	29297.840084282	28784.8605611366	28075.0584734852	27390.5823489701	26751.4806056945	27775.4699029178	33584.6442689305	41538.0213950466	85152.6520727606	24226.7478081727	0	94506.9920537937	34226.22365884	23695.0393257756	19871.367601824	13865.5643848991
448	303065.625711146	123456.686573951	72077.3520386904	54168.0488788426	45312.455546795	40698.7620478316	38003.1465439071	36807.2041925108	35585.2135055934	34737.7797988023	32090.2787344156	30378.3255546368	29607.206504189	29395.7218285409	28471.4973449678	28034.0598157048	28647.2286836047	36449.9166150655	40544.9920503729	72895.085257521	511474.165984255	0	138168.112142838	40824.9465049694	27082.1192342081	19042.264163363	16246.3993795556
450	295636.95405852	121566.091360169	71103.3003198436	54034.9603349102	43908.2242526724	39652.2105976448	37730.3627534207	36620.863955559	35267.0601590973	34861.1559948188	32095.8447421891	30229.9864954707	29360.9884501047	29261.0635731596	28210.9709461065	28121.7571826778	28779.503221153	37303.0926728651	37700.8608879996	62076.9253051308	268548.753219108	0	208686.5208252	47547.0442358408	29274.8366897128	19863.7128342261	19746.0484429873
452	276465.90842461	115963.623433919	67984.9160898025	51461.8091155323	43014.1688325774	39222.2596210466	36828.7730738689	35923.2687766452	34610.6393464894	33971.9794249186	31596.9258090403	29351.2139767178	28741.9022349534	28675.3197850031	27876.7635896133	27213.9371548788	27803.0662129247	34357.5850912014	35035.0869757626	52891.8698816924	162944.577397043	0	401326.554033537	55672.9990828437	31316.3914284577	20284.0609341216	22371.0894052013
454	266280.149019901	115227.778591267	66747.920016646	50785.0646101395	43107.9993802107	38737.621610418	36522.2803634652	35599.2522026222	34609.169734186	33900.4272701454	31443.5551694507	29856.8940491735	28717.7927718764	28238.755804025	27629.0581529393	27404.727834038	26958.8356671132	31189.9700452978	33405.2968118198	47261.6959483848	114152.271961792	0	265987.047763259	70639.9313126742	34340.5801857513	21896.6060729519	21301.6563161971
456	286143.76832737	117782.783203627	70739.0222035977	52277.8933890336	44187.2711014729	39500.4917243455	37402.3841742236	36355.9195174598	34934.9547225599	33402.9063513006	32005.8917709216	29946.4036680361	29024.4042324012	28863.3888454716	27855.3701122045	27579.200371281	27082.5164236272	29360.0972361176	33594.1744027274	43975.9443374144	89328.5068203622	82571.010177049	0	95203.0658170229	38791.2597569463	24019.395927494	19200.2956824233
458	283161.513919792	120744.835468365	69891.2215904279	51968.9627804922	44898.8522899958	39712.7623266401	37498.6595979893	35921.1081097133	35011.955019249	33417.5160807638	32126.0425344201	29926.014570585	28976.0732683288	28836.3408526823	27863.4715251933	27893.475537509	27140.6085967005	28927.0754955331	35024.9951026545	40607.3908425955	72250.1545884066	443949.186449365	0	133499.465036925	44076.7382946955	26477.6735236923	18841.0966045104
460	304546.32488396	125739.282116193	74107.9951649281	54561.8175967822	46640.041220362	41030.9244390554	38356.6460115404	36467.6951055773	35668.2082053619	33924.1936148829	32929.3397232318	30714.1619870865	29462.8335544671	29162.7865658255	28134.1764653063	28158.5526593506	27404.2247740958	29645.3247271845	37702.9193494198	39358.3841210217	63226.1160671098	248775.2061362	0	213866.019784482	53253.1167780683	29636.241692047	20807.9923111733
462	318755.379843545	128258.785316675	76775.1845152761	55103.9492927462	47953.4340430507	41985.5772964555	39052.001545144	36726.6206646381	36087.0624548234	34268.1409640136	33702.761919729	30495.798454152	29641.6590214994	29354.2396011256	28395.3198215469	28127.1765326319	27747.6877558129	29421.0723465217	37092.8222738371	37907.5942709273	56171.4951462265	161718.889387591	0	425399.67197724	64847.8459335482	32980.1779734657	22374.9570903116
464	313463.433676163	131432.253804752	75900.5481440801	55581.1388298553	47074.8588640959	41872.5862921936	38338.5186098519	36893.7131072875	36115.43667954	34206.2616242927	33843.3462400307	31116.2287006638	29696.3644945648	29221.2620080665	28168.8783316354	28016.1914971651	27753.239744312	28954.0454819582	34041.6853539662	36045.8753505304	50307.0496369453	114064.601905011	0	61238.0345604878	82139.3771876111	36376.1183929771	24161.5295999487
466	374574.483511041	149262.378388224	85964.0549931787	61916.7280304046	50486.3641318557	44803.4720027551	40647.3423556318	39003.0700975894	38193.6641362267	35913.3895001716	35598.3623731934	32404.0568257636	31049.0275272554	30429.2464439989	29948.5344511773	29478.1480252281	29157.6072927788	30096.5652867929	32840.2515387543	37618.6072484123	49727.7851988823	96549.2788256447	189670.709842838	0	115912.537610866	43861.5490917775	28683.4920323292
468	364883.676283612	141161.212790147	80980.7298036197	59156.5485603778	48442.8961532752	43027.9922691291	39807.1494274624	37831.2378484011	36959.7527131953	35063.9448640162	33795.8848812863	31838.9380523974	30391.536173052	29759.1599589984	29027.7481762677	28304.5560422596	28582.5828558764	28603.6463529844	30393.6482569295	36300.5694389504	44067.6050744295	75825.9900386982	446957.29818339	0	152564.805368328	47003.4794021449	29866.8726510259
470	429422.1624417	133040.02277045	75997.3071801563	56326.0392440178	46411.6749805969	41966.5222005729	38617.4275942531	37113.381769337	36143.0432743204	34167.0147466908	32787.3036209853	30786.7221086814	29677.5359781143	28906.5403902901	28068.195507599	27831.3555783789	27713.843465926	27551.0538050168	28884.1350925186	36614.2435043379	39639.3310958909	61613.5302836133	246504.345387525	0	224557.876943721	52164.5065084661	30818.7513358499
472	834053.751946643	135272.089168799	78230.050174793	57212.9673938153	47361.4103443584	43149.1948670011	39245.7438870514	37696.2077734842	36417.8341626891	34632.0745953561	32888.3665582892	31354.5375448676	30381.6343701867	29489.549728977	28489.5600532112	28017.8954213015	27787.9059405655	27720.6219035111	29218.3034311192	37975.7464898418	37674.9518673594	54735.0215346971	160746.383033021	0	435542.852456814	64129.9670815674	34457.7593020983
474	1889427.53525301	120825.161761356	70722.4350113718	52032.7057693445	43998.5784777114	41221.9390318026	37293.2272341723	36030.8585521681	34801.0760156018	33630.9259524955	31991.4258659292	30659.1144843407	29470.6940112576	28495.3914709411	27078.555894479	27125.0293760855	26548.3767515626	26653.0595922419	27228.8639086633	34436.4852094549	33517.212733082	46049.279166883	108811.156133064	0	468817.923868203	73982.8760432984	34806.8250626268
476	4487195.61667642	117315.598619696	68492.452838154	51495.4005617897	42491.7585548378	40786.7229249991	36856.0919833359	35615.179568941	34394.4754487003	33436.7417741549	31773.7513969282	31194.6329327976	28867.9323422552	28160.0169973862	26942.9611988008	26863.4147191147	26264.7242947646	26121.2370464799	26523.4635075566	30685.9878258239	31622.4442370756	41184.9145247243	82239.7815090243	279526.779403163	0	94749.7609940757	38108.0733084099
478	9077384.57130114	126497.129998826	70840.4680791886	54273.7413070735	44106.3311937127	41949.8631367443	37677.8575238499	35958.8596036091	34993.907153867	34115.9185097859	32050.0255095438	31556.9118695315	29391.4101823526	28702.5856946665	27483.8108337828	27157.1251010065	26317.9689952323	26346.1259923143	26302.670885763	28433.0064920507	31705.953549959	38632.7508172391	68593.9221515963	372390.831796154	0	135332.34333297	44197.1288447212
480	14333268.233332	134359.701965389	76871.9283202992	55307.6629541225	46983.4385916326	42827.5824017716	38762.2100713496	36858.9800215008	36011.0716465372	34844.4605144932	32711.1669879625	31874.3906249108	29860.0457486473	29148.5229366587	27780.1215761558	27889.037636105	27077.0190882351	27327.8966301973	26562.2575687589	28292.0622552339	33700.0622081316	37008.2344318707	60468.2929700923	221720.567631243	0	210583.280279045	53209.8533997085
482	17958689.8208087	137791.507905282	74944.5721657936	55466.1202767038	45418.7535873962	42159.1771158811	38563.5798971997	37023.7729586192	35982.4608948726	34508.9974820166	32463.522710797	31340.5939936631	29790.3379454238	28847.478749748	27596.4279181644	27760.6487625436	26772.8038788494	27205.4586462046	26392.4536600787	27723.6344113896	35044.3580927412	34809.7139234498	52270.8661287029	140843.33389684	0	368806.433644118	63504.4646712784
484	19622547.1196386	133657.059791249	71904.2286243452	54252.9413111267	44868.1582278282	40798.8092643987	37953.3776714104	35914.6520223375	35312.5397140442	34125.6943947748	32294.7849491429	30167.8638968823	29625.3348888244	28603.9740943493	27451.1674356259	27274.4663161999	26283.2612645535	26458.1762632605	26040.9650754033	27308.5295468311	34976.1273202687	32179.4042430943	45405.0511848445	99617.6111811643	0	879338.22388596	76044.2730371154
486	19180082.5202852	138027.207234882	69163.9184065724	54144.3419927498	43673.0881038524	40319.3461610236	37726.4105427731	35725.2327556429	35133.4984110698	33900.6529280033	32026.5118114488	29869.2177075402	29708.2089754608	28417.5554210998	27106.802048425	26821.4304007026	26330.9280348602	26035.0638952411	25521.8545686067	26311.5862744108	31647.4086371513	30353.2592762923	40940.2848056334	75693.9326461937	322465.831361191	2.62155559501144	97277.4528035948
488	15385665.8382181	180732.373989672	73713.6867769272	54132.8265958515	44515.3581929123	40059.6113996656	38670.8133423423	36093.4090171214	35213.5805044699	34096.2002487236	32146.8738987531	30400.3789938193	30302.0926956781	28552.501372198	27292.5077429671	26939.8148907439	26524.260690362	26279.4576774702	25774.6971340944	26012.2735150419	28129.114024133	29694.5786606661	37478.9755326438	61904.2419450841	438991.220186742	0	135629.458704904
490	8170968.70988101	446517.089859995	79114.0279353982	57758.9155710378	46347.5557406078	41412.158574473	40735.0422829309	36712.3155239935	36019.4259307368	34401.6388251747	32833.0570013477	31037.8082960642	31504.6866698924	29478.1202964964	28067.4775614317	27361.3799884598	26982.0605717271	26735.4103991177	26463.8218172022	26146.2195981061	27087.023114685	30601.2666410617	36428.4620039909	55014.5100689259	254285.851603505	0	214252.710042977
492	1966418.75760979	1367963.64115923	80938.9124378658	58818.2942271112	46846.5256680621	41169.9261405804	40362.9408927443	37182.5364839161	36146.6330307786	34698.9170019764	32951.0533030728	30995.063693244	31273.5517839951	29458.7507914236	27941.6258457017	27244.2494649533	26848.5101398718	26546.5937505737	26341.4621860509	26014.8416192158	26901.8938916563	33111.8141910077	34159.5025459128	47841.1940623227	162120.240605335	0	367059.530941345
494	449661.133884206	3503302.09378954	81007.81738654	55818.4649671946	45643.7705438551	40688.7463252439	40010.6031551531	36368.7264567611	35573.3886152715	34419.6100560398	32465.3107249938	30458.8852758731	30218.070522939	29014.5529879114	27624.5125633135	27007.707652857	26572.944612542	26365.6636963347	25718.3740690964	25468.1001224632	25870.2417492863	34068.1965128179	31605.6204304629	41363.4977885867	112004.167194204	0	1127812.70079534
496	368232.772430706	7811072.19706238	82263.2813886628	57211.9320064719	45900.1727160882	40163.4360577273	39268.9237192773	36226.756952496	35324.286444833	34023.6854901719	32356.5277547751	30415.2071966695	29835.6697189547	28682.3140804048	27603.006636294	27013.9099927943	26497.6388446684	26039.0977529946	25656.4005314199	25330.8701162746	25755.6324026666	32108.7584874174	30366.7187356882	37437.9955796836	85284.5062108604	67735.8013925276	60.2148269539069
498	329093.691463456	13440123.3172242	84875.8005664983	56200.9500974806	46419.7300298655	40821.4724455649	38844.3217729566	36232.4149536007	35164.0974143646	34238.8652534352	32346.1328133134	29937.3621470935	29742.7865009096	29090.272753061	27550.9904916594	26713.9701126966	26410.4157897588	26247.2383218353	25286.5388760032	25434.0758696284	25448.1481029178	28258.0695561105	28993.85549211	34855.8537713926	69360.9312092201	528198.736582298	0
500	321546.184795645	17846590.4009252	88501.258675517	57199.860097311	46839.1074047989	40815.1499233861	38123.5640790065	36278.9972497483	35308.0097804687	34243.028817363	32237.5293420591	31043.2567442476	29610.3432965497	29575.6832647607	27722.2656773412	26886.5834033971	26235.6240809866	26344.9843397551	25220.4527857426	25350.4305047442	24999.8887362771	25993.0007324244	28894.7059059636	32305.1097079946	58796.8964676257	275591.221913683	0
502	312585.416453886	19804742.6109354	91666.666284249	57615.6220124155	47315.2332290883	41094.8404447385	37934.0615130919	37000.29004812	35375.8824146596	34635.789343738	32722.1446603604	30883.3250902919	29404.4066794833	30183.8242929549	27805.6118360633	26838.1776052745	26025.1243082516	26554.3909762079	25377.9777668556	25553.111445863	24358.0348319071	25089.3242767121	30877.4168604582	30685.4098906867	51464.0609667259	170435.604356465	0
504	299776.480023977	20322343.5479428	97646.2888227839	58957.4178034602	47368.2677429756	41957.815229456	38057.0965521519	36595.3541800377	35188.9685276858	34146.4659226976	32801.4308849187	30769.4828878897	29643.1945896503	30817.6643704568	28249.0530393248	27179.6262488477	26281.4670256048	26490.077252468	25445.2518932048	25605.8339587227	24808.7538536216	24876.4250529595	33147.0815831598	29082.2514887315	45922.9872925692	118748.980204446	0
506	298837.151555712	19519155.6477538	108389.350169692	60294.7188082078	48632.7226594825	42034.1617098744	38205.5595912884	37992.8014076637	35844.1431640926	34602.6865777216	32654.0813436724	30673.6341145746	29661.4014995664	30388.1984267218	27952.76525405	27047.7183626009	26464.686122782	26465.41462474	25761.0601370966	25406.6677727034	24692.7703826473	24955.7263009403	33569.5553975587	28043.0285071351	41618.6197180416	90415.2463866669	57167.6153628785
508	303497.029939149	16080704.5923202	163587.468332754	62199.1050554782	49809.181193586	42582.6101684404	39084.1700792236	38849.8562666252	35865.67452476	34993.2509688821	32982.7375277774	31474.646397556	29955.6091783563	30349.7029848831	27928.7390199846	27241.2150418038	26581.6748064869	26402.9414619284	25525.336989952	25343.6163509713	24912.0195420381	25002.9027448786	29956.5455318234	27151.6014327121	38800.353648608	73054.0990576202	596910.447317694
510	303316.029876994	8837355.86023471	506150.268428201	65011.93986657	50153.0606644454	43198.440280551	39395.2248256978	39310.4252604813	36123.9221278644	34788.5897714976	32801.5981668358	31383.0110392064	30463.8822968715	29717.914005818	28232.9718359162	27456.8131929523	26547.708084712	26417.180177014	25848.4532014727	25438.9320679583	24817.688876121	24706.4268714645	26190.01340821	26865.0798427558	35800.6961297897	60996.9582151474	297069.752127078
512	309553.153347767	1953807.5016164	1698955.01398208	67725.4302514604	50314.6596931521	44408.7099415039	39734.5871204144	39365.7252504581	36181.4032032944	35284.3127495828	32883.3522728127	31481.2082266029	30567.262218346	29485.3581586637	28692.0537756404	27709.874017915	26826.7967035375	26612.7111577924	26124.5099700897	25284.3045737939	24954.1681523172	24502.4204892406	25421.2720331129	27897.313932635	34238.4268837639	53299.8393855643	182226.670647648
514	299972.937640911	322397.395577944	4371100.37918185	72720.9409197002	51858.3953324066	43726.8067176398	39639.4298992416	38939.8427303208	36371.9301068851	35550.2258807833	33318.36540918	31821.6602149575	30610.5546257	29774.0734167864	28929.6878080924	28030.1282875531	27004.2569678143	26517.5247650395	26108.0241686376	25448.3123362216	24891.4114282789	24076.6060855914	25336.9837330548	30471.1280569281	32631.8475760721	47481.4205064739	126026.183992635
516	297865.175146494	238676.438265118	8739270.17094455	78881.2309917086	52719.3201836539	45141.1117255044	40173.6195652205	38365.4443017522	36235.4980183273	35155.0210179381	33678.0837711767	32038.1134278726	31122.8791584011	29824.910004259	29485.4201358792	28211.2380453636	27205.4801551632	26753.8848930283	26377.4095150663	25652.3522874353	25279.0722232708	24195.8581529543	25379.0939404228	31462.3940464743	31254.3084749975	43712.5201316516	95829.2312880277
518	299574.935397581	209305.917239191	12284016.7361239	81659.7791232839	54496.2504003374	45335.3069896044	40698.2012431312	38054.4490821474	36686.828631068	36000.8055051348	33921.3313614753	31861.6729864382	31041.3006774204	29669.2427641498	30529.9727765082	28455.589719942	27242.2631471151	26953.709396122	26680.4341780243	26019.0321629354	25202.0407305312	24382.6031806983	25640.9984268168	30002.4540207364	30386.894935997	40285.9503638043	77200.8006783879
520	307885.033174759	189817.518857948	12886720.0598073	85371.8806438773	53547.7578056854	46920.0917850949	40758.9908318261	38754.0522106254	37451.3419380292	35962.3316616263	33716.0013874787	32066.0748167839	31189.6038785207	29988.343082805	30132.226649808	28326.0191183351	27447.1054975979	27081.2339729573	26545.9748007841	25772.6951996591	25100.0775839794	24454.3275484983	25289.0007986468	25717.1814643632	29337.1235717481	37401.5785356837	64624.4668264302
522	302432.38552665	179530.790117729	12424817.5801755	90832.3398103301	55612.4128896868	46715.2470823547	40982.5401299163	38255.8337911604	38103.5404994886	35561.8966947336	34365.00691907	32220.3516641824	30845.6967159668	30340.9748721471	30305.2424493972	28573.162757734	27728.867647713	27218.2193404786	26239.0946061863	25816.0951154842	25416.5619383125	24613.2229518385	24898.3657444951	23984.7637634207	29489.5063812884	35238.5458231419	56105.7813297311
524	307134.111652776	175843.696580479	12418244.4697795	97095.4355612846	57714.406067397	47396.2194170117	41856.6425065854	38999.5951675754	39225.2816178827	36200.967074215	34188.2104574668	32111.0939938378	31574.0494470721	30333.3285773148	29559.4415710778	28808.4189521208	27529.4715595	27203.6318959627	26179.9649421803	26127.9688762996	25324.2345945574	24851.6819206563	24734.4915742473	23413.3828965976	31731.1248704371	33517.6863083902	49981.8070692766
526	305073.409311972	166518.865544328	13003028.2838738	110135.762822095	58904.6288691401	48827.7621274598	42377.1326670427	39935.305517945	39920.234728682	36514.3610027488	34790.1309351265	32468.8957593176	31907.7364956275	30825.3676766535	29631.5285158551	29177.5388724908	28122.5237865816	27680.3068223125	26097.9456241932	26006.6178148322	25226.2831611765	24624.322057837	24817.2049243269	23355.6646657752	34986.877662176	32499.9934959535	45855.2781049206
528	306177.549353951	166098.2507174	13548668.4403297	150131.717216248	61752.0429076065	49638.5893186536	43068.2817187627	39658.9123825463	40124.1864230846	36624.3614550105	34747.6408271407	33040.4573349947	32087.2737765445	31363.5905020531	29490.1607419709	29364.8515388807	28159.1919781557	27529.5187780489	26384.7857393355	26757.1363455894	25356.8235619763	25107.4972634277	24373.7660348294	23727.6568924712	34448.6383975192	31252.0784160792	41797.8175961329
530	301619.922236326	160361.942951955	10746209.9645712	441665.609089334	66430.7969483615	50209.9231056391	44073.2990753289	39697.0192097058	39758.066378624	37291.8348435678	34759.9521745082	33000.9766361553	32191.2800696155	31513.7022986533	29708.7995836745	30521.2103414143	28519.4193437134	28048.5813841163	26481.6352518857	26701.2754704767	25352.2058252118	24887.6884449716	25332.3778717013	23918.8568581434	31281.0208212608	30155.5396639577	38979.6605579417
532	310158.216087191	161245.429797875	3393302.22183967	1620855.71929298	70959.6965153982	52258.2599977913	44156.6135524484	40534.0816131893	38990.707164703	36819.6931051006	35063.2322308149	33287.513292472	32255.9192841028	31429.2947602882	29882.3596918855	30948.1948674023	28243.9582802258	27901.1517660018	26926.5916333989	26655.8566632739	25453.8511729428	24643.9227708545	25058.3758620128	23530.1340623676	27356.970803109	29219.9937619448	36917.9132541197
534	306792.187797106	157518.491739809	416711.39903625	4297357.68286203	77651.8828858639	53121.1277264097	45531.23510624	40902.802107627	38740.6969962829	37485.6419152237	35480.0120389935	33522.8459347547	32494.9873567884	31612.8241661695	29857.1173376281	31252.2479156479	28672.6021464348	28244.1110234232	26808.2219653858	26700.1032179976	25571.356891976	24847.3881329969	25146.8825593619	23118.398029822	26130.5037392597	30430.5973526934	34779.0961245752
536	319039.056101787	154355.266557448	232106.33114462	7788969.67606271	80666.8930367167	53388.8296099135	46329.4793044359	40907.0046041327	38872.7572949816	38428.4120908472	36031.7719114524	34084.8885252647	33077.9949981197	31872.0958022953	30236.7202675849	30842.8332579819	28697.2434547696	28379.8973213028	27037.2509778995	26442.4881319159	25566.9318139891	24746.3408641929	25372.7488984427	22759.8779884046	26014.1191409351	33340.8136015876	33419.2427649259
538	322778.460013505	155969.923885311	187236.235223998	8521309.84288354	85387.0509196358	55745.7412603287	47242.261741448	41764.8501513519	38756.8208805205	38998.6417411407	36136.3751381858	34106.406913816	32548.3471571117	31955.8196648368	30395.6347818051	30164.3545742387	28829.8376623269	28601.2306331712	27094.4049621345	26329.3065993973	25803.0907595399	25045.0859958524	25440.3536629416	23308.9823479464	25937.8248528692	35999.4726895883	32216.8161553887
540	332939.155387511	155737.460536038	166218.609175719	6002320.72963502	90841.1561889481	56680.9026394445	47334.121032392	42130.3362928207	39030.1402286157	40312.8636172759	36121.2689196462	34157.3464498992	33199.5768501932	32082.6472630099	30958.9547177003	29721.5942039762	29466.1136116108	28965.5046895164	27013.1325290386	26299.205551995	25992.8359125839	24843.294685838	25565.348289824	23275.585698306	26364.0594034909	34427.2323013523	31499.9437857751
542	345210.586163205	156596.321311737	152424.301809675	4071237.76640847	95779.3073701435	57925.6640594286	49001.8305335892	42590.513285108	39877.626459997	41251.6449373944	37102.4511907168	35211.8240171284	33208.7464718211	32801.5940610191	31094.971022702	30368.3323725266	30155.9222232294	29273.4931721335	27011.4673200776	26484.1832669308	26173.9431000096	25117.4314961652	25591.4775174287	23091.9639194858	26566.2004598052	30114.6877682819	29985.4548764046
544	355709.085164404	162159.514073179	147517.875566842	3675660.77182914	106501.948988938	61140.9411662361	49945.2646129229	43719.8493201356	40344.8746651885	42287.3889986967	36930.4909526553	34642.4892912766	34201.0783691699	32737.5110819551	31220.2845859914	30005.5691265555	31103.4330833193	29448.7923128164	27566.9891320834	26810.1594528865	25904.7473032161	25167.0233404817	25768.2535631349	23379.8772330146	26021.4428604916	27097.9659671417	30058.7214621453
546	352182.619575429	167217.913031952	141214.150580347	4253681.24539573	125520.562239803	63905.1557688457	50552.8932656157	44133.5403539793	40506.5178414995	41439.9291246218	37239.4511451167	34992.7346556396	34159.6521438906	33379.709362266	31530.5464300639	30802.8199059918	31322.0969482397	29155.459866259	27456.8185260209	26749.491926573	26105.6077195897	25554.6211959626	25626.8750882384	23782.3809577396	26007.4825269103	26153.515938667	32513.4318179065
548	347656.330977241	159367.698896631	136839.651259635	6218039.08020741	194289.612617996	68760.5875144139	51841.4452942555	45381.1965690394	40656.9447015075	41117.1899054031	37387.8795478096	35636.8729876069	34623.0481954103	33186.6504844319	31410.8718776027	30844.0037100187	31128.4012565156	29281.1580291147	27474.6638932912	26655.1725338576	25730.7796455568	25498.5735050507	25644.2234282475	23705.9848672883	25586.6395960841	26548.5439012686	36106.4504099608
550	354467.179062534	161828.316449702	132917.599803383	9242008.98780557	642103.130722831	74834.1305662391	53620.177505559	46435.1374105203	41449.6053910469	40719.5884657347	37883.7701712143	36044.1323055885	34863.3336774404	33345.8319993134	31834.2377235703	30836.4540606307	30357.9405873897	29713.8496823986	27935.7282173963	26597.4707891147	25754.5109158508	25818.2002204126	25621.0608108963	23762.5855822238	25591.3555301357	26494.6491608933	36806.128713341
552	355665.19118665	162596.673012982	129801.291507111	6594988.42162504	2304208.53560692	82177.7268680196	54985.3672944115	47881.2242352876	41836.4338578933	40343.4432999956	38583.4225111142	36019.7360884782	35243.0242435276	33850.7158788683	32022.9840685732	31284.0944403612	30021.634577255	30046.6223154389	28037.1610112164	27142.1393500715	25856.3182844224	25856.5523761865	26086.4183479736	23910.9779295847	25755.8706688628	26679.7178023004	33644.9921340132
554	353790.75526396	159706.956829729	125317.864114817	1003327.75014618	5216683.04157962	88495.071745043	57932.1845373181	49020.927858991	43104.2512975462	40986.7176607696	39851.9268367844	36406.4534408703	35244.1272270605	34282.0359019211	32257.5943531752	31453.0097968797	29994.5647461619	30743.3897318547	28679.3607592578	27066.0172924662	25881.3455375865	25905.4411418787	25593.4997508494	23707.1004310159	25594.526359977	26477.2460753762	28976.2350971597
556	341829.416496145	159819.070094889	121349.133420723	291260.059170873	6868882.24792256	94498.9438805306	60335.2179491046	50581.0804244954	43684.8187694005	41349.7372653224	41259.2730534411	36577.7951293248	35070.0809200003	34297.7820611616	32513.0185596936	31650.5485205341	30031.4567649596	31605.4490483593	28411.8326313377	27072.0841525229	25863.0305211464	26261.6780401614	26110.0059204869	23557.1866037175	25630.0909937488	26341.0979110652	27206.9925877039
558	335119.798181382	159210.730423888	118727.902884223	219490.273238985	4308469.29847908	99973.0744495884	62940.3086251819	51877.3280687993	45424.6067841875	41676.931648325	43054.6921014585	37252.0165365717	35552.6835930415	34242.6174948959	33254.6110967222	31836.4370993364	30546.7366633731	32537.8092359177	28739.3750119946	27116.5105995897	26526.7324863392	25793.93738862	26159.0943172832	24008.6290025646	25868.2501089555	26219.8021733957	27040.8350281098
560	339432.664703195	158788.541319836	113717.228640332	185175.330676941	1551955.45964246	104284.848597284	63664.1340646903	53892.0813861041	46244.8237943052	42747.5248842112	43507.4979069342	36898.0593184078	35989.8285149627	35115.6550881859	33103.6211681405	31881.179910858	31103.8340149205	32730.1075080725	28586.4267910945	27280.1965674956	26328.0190955855	25794.0778766974	26040.5444671573	23863.2408095331	25996.4439031491	25865.5445770025	27156.3619046169
562	344069.651945871	160858.407870928	111759.53258969	160143.393288909	727356.064121479	110947.342548911	64996.8448221895	54904.4594878579	47020.0788511146	43658.6653607256	43436.847835991	38444.1073646114	36181.3069662912	35380.154855306	33811.7444972849	32395.5909041281	30794.5051824717	32472.8832012074	28887.4886413573	27407.6206723208	26652.8289505612	25807.9781579634	26493.62487871	24193.4205113991	26448.6904237977	26142.8414924745	27436.5868385992
564	345301.093640214	157423.531714502	111183.521978312	147076.983432733	663693.747679593	128400.045445682	68327.0246810755	55521.0437024559	47910.5929984138	44032.5803730644	42858.4522049058	39000.3062095002	36814.6349987275	35745.5776113774	33583.4423966083	32832.5186293749	30640.7627050774	31741.1336837392	29352.7693001826	27818.6946044544	26631.930578244	26020.0852844056	26557.5221426792	24035.2170264424	26185.7234587474	26018.6038820603	27448.7314711184
566	346730.043709969	156051.406329267	109233.096743851	138177.81203661	1001495.91278737	161572.254600624	72128.8389934501	55492.9000917805	47910.5242039504	44326.3977330304	42102.8553559384	39371.4689525378	37263.9740324408	35831.0724199954	33837.8327720114	32800.9347870787	31415.6991804697	31218.5508163723	29410.3616686062	27977.8607335	26654.0520955767	26194.6659926288	26591.2807697888	24543.9506477065	26288.4432130425	26192.6887351346	27110.8777446513
568	340354.13621727	153274.360911085	106518.672959688	129108.57739869	2430836.84610878	325536.016313357	77878.3702430096	57008.2840089252	49079.1184839694	44415.3845561795	42114.1766238204	39884.228640143	37660.7203901738	35932.0500929941	34185.5706614485	33246.4011952473	31647.7396756046	31167.6325229324	30449.8339810542	27951.2554360605	26878.8505406445	26194.3880793186	26919.3020576351	24056.351370214	25965.7321463501	26218.3425830547	26897.0305151333
570	343567.861751519	151709.363093808	106513.103980469	124533.280751202	6287976.41708064	1288078.63641021	84661.3839878681	57633.1156083902	49421.7204798112	44158.29376596	42096.3104469255	40818.9484419918	37970.2700741114	36721.2448606569	34871.7975250981	33276.743201077	31768.349055023	31323.7003981057	31558.1520515351	28139.9282232412	26915.0266663235	26461.3642180069	27185.5034004892	24387.9919399007	26462.2373266672	26536.548729069	26482.8948970618
572	342022.394788497	148894.816507663	102573.079373206	120008.947021964	5820421.56791989	3764633.22149415	91873.4375528402	59328.1719630994	50972.2913655828	44699.1447047372	42679.8707500797	41924.4623887492	37705.4847272122	36796.3127952965	34896.3172313407	33545.1441331548	31826.6356408921	31860.6401205921	31465.7132542358	28573.627375481	27048.9110181224	26691.8379837947	26665.4342728326	24594.2510313039	26506.6865160563	26544.4641367743	26548.6784881462
574	336358.295359555	152030.860779815	103022.174266366	112154.789696575	808797.068920597	6007990.25220838	96896.9120942598	60856.4884358511	51287.5841386492	45199.4643547812	42386.1306330612	42863.1779465864	38354.9884006482	37180.5435741002	35107.3937583405	33575.3339396238	32131.5649724196	31718.0090310984	32041.4414189423	28740.9344075754	27493.519230119	26843.0417874062	26770.1400795433	24997.1182371384	26731.4211155689	26705.0319032951	26376.3911869841
576	326075.026132269	147879.591304616	99384.4550791406	109173.604994935	299107.527337654	4242513.63522783	100563.499283431	62288.8671159232	51627.7771554446	45284.6331684567	43115.6152387928	43360.8282229545	38744.9351755345	37342.0286680007	35733.5888961043	34249.1531006896	32616.9977377594	32112.5323899998	31567.3984513939	28435.7435062157	27760.8161945541	26714.7406034519	26656.1561903683	25059.6483262751	26635.0932993396	26606.1405524564	26523.5247999509
578	326053.360479392	145917.72931827	101023.70279106	102792.203834923	223977.596381924	1134871.2658356	105846.934746229	63589.4775776528	52714.9702531025	46585.3814506889	43384.5461948386	43342.4130832594	38578.691724986	37801.4531865681	35774.349365872	34522.2008734787	33029.9458743028	32468.2695591104	30823.9904471111	28902.5075024217	27973.753902839	26878.5141964711	26921.265117995	25142.1077044733	26831.6798556231	26729.8470741039	26579.8139795527
580	340642.335937939	147452.740972928	102006.850794664	101466.11629864	184189.334728521	183606.258666181	111925.275838147	65800.9662696389	54628.4355071611	47650.9520173544	43639.2410521808	42156.1470408516	38959.5867757294	37939.8071209984	36147.2063714796	34883.9484109382	33194.7371251088	32995.5477181571	30727.2789235018	29544.1861507512	28363.7629487272	26973.1866852446	27115.2749125379	25384.1263663145	27259.9719357175	26418.3947753753	27073.4575447117
582	328832.035889898	147754.661533614	99554.2175182381	97879.7474683539	162726.046897296	85774.3384174904	123425.942712865	68702.5514980393	54965.4809424607	48030.1989690359	44097.7090586126	41763.1654436036	38823.940618615	38208.3509316044	35631.8238325852	34988.5436500947	33506.3698256197	33032.8300183549	30678.3891653549	30653.8171616124	28629.8071282786	27245.16662462	27430.669729492	25375.0659170007	27041.6901124853	27040.3809315159	26585.5977887795
584	322715.629840455	143852.129435229	100303.485057953	95545.4619048788	144721.815332638	113406.648818588	143672.498854183	72881.4084853209	55831.551480536	48851.2316138639	44522.434790133	41239.3418932333	39362.550415782	37860.0291190552	35924.1515816795	35250.5401286602	33647.0038652675	33172.0823126417	30882.4432964849	31408.3284801855	28786.0944556459	27505.932976187	27141.0815279693	25049.9146129106	26903.4504573841	27115.8620637225	26980.8012487343
586	321545.253053907	146485.653136019	99463.8722467488	91918.4889561773	135856.805483884	293615.615243709	185755.825471348	77645.8735599455	57368.8500278155	50425.1240219668	45028.7419928449	41800.8234756473	40976.6287050954	38842.6420753547	36453.5808677883	35201.8590470975	33364.7604271863	33244.0589295418	31256.8499294251	32281.1694200099	29284.2845536206	27888.8085609026	27641.0848920873	24807.1733838576	27190.404807636	27010.740105967	27212.3472088777
588	331060.736516412	142828.358022404	97923.9197763716	91719.4048234906	130356.419047868	1443171.22962483	435108.451098494	87377.9935381407	59647.8298637181	51321.215908028	45754.5505337624	42452.7073923719	42457.6727956651	39025.7690388839	36866.7354289832	35179.286791648	34151.0127589899	33553.4958656928	31544.2213120814	32038.5402679507	28776.5395114333	27891.7390961781	27292.8182312813	25310.1874771617	27507.6279713337	26633.9799940239	26807.6036332928
590	331987.849495218	145408.512741077	96841.647618247	91234.6501582458	121829.392494664	5788915.85804798	1766654.93289463	95618.4942741004	60168.158125282	51480.9981072099	46696.8126620928	42908.9910461747	44520.0541530007	38987.0837596744	36621.7085877822	35664.3228330409	33925.3019595119	33518.0282615212	31619.6434018	31018.4219230655	29216.5578306824	28019.7116188752	27624.9293730108	26079.0364516105	27990.7825331776	26954.4276218362	26854.048526048
592	323094.538479002	144340.548609597	96117.3409693867	88277.0063772936	115290.04203903	3902067.45710157	4489729.1322935	101291.051840585	61693.1982972073	53618.6572942598	47264.7738567053	43390.1115475031	44821.7764009895	39036.5390492007	36949.2438943453	36113.0919426343	34507.053527364	33614.25502787	31630.1777109343	31160.0790078839	29215.9895228723	28081.837770118	27672.987971394	25431.7910056839	27650.5564818143	26714.6384648481	26876.7474466934
594	333467.78429309	141566.507652734	95519.4024852989	89785.519379114	110263.407573672	514383.52593986	5592007.25581778	106399.838714698	63241.6284542367	54389.7910900762	47881.8764054712	43511.0544630096	44116.7913846981	39650.2885548011	37532.696629663	36085.8735501738	34031.7929847079	33764.2034981296	31927.6272984852	30333.574747838	29463.3652874644	28632.7903392889	28225.1376219572	25433.3116987506	27361.4646237548	27144.3788718336	26980.8689146518
596	324969.86318689	144632.05159886	97422.5510668615	88245.4867546263	105367.87026819	290682.034623244	2419497.61967112	109599.152947606	65290.9648574591	54456.0056731517	48383.5017190933	44121.5388963483	44017.09581088	39662.5413189599	38053.2082514563	36044.1183142596	34506.134249535	33797.0025328151	32830.0112306868	30576.8380658712	30674.8977128291	29093.1173948441	28216.9371157407	25865.7527492082	27360.7067457898	27040.2210931783	26492.4090634019
598	325115.793405631	145597.868564632	94582.423024152	85838.7125243645	99985.7684866062	220660.072172009	329950.094676491	114460.871003245	67413.4214045024	55907.2887416835	50089.5190414806	44871.1963791581	42415.040830339	40083.1426054115	38435.5483548807	36099.5166279199	34677.7321491724	33859.1597961342	32176.2591125287	30634.9479853298	31463.4617678073	28334.9260860352	28313.6353734019	26289.6885748467	27540.6054083257	27802.8467302787	26606.9786538484
600	329081.265571631	144749.751573877	95524.8960066289	85515.3171241758	96799.8138131219	182162.448508473	35546.3405017838	120532.345188757	69625.7999658362	57192.7709826348	51378.0087763444	45827.1980138313	42265.1013612684	41072.2847679325	38134.8440738201	36703.0538122694	35082.580007912	34235.1252907978	32625.8398705098	30879.9221507569	31866.4875126791	28673.2219395162	28556.0705532223	25960.9532080048	27495.5116168709	27750.569398948	27069.4314039126
