Wavelength	240	250	260	270	280	290	300	310	320	330	340	350	360	370	380	390	400	410	420	430	440	450	460	470	480	490	500
nm	CPS / MicroAmps	CPS / MicroAmps	CPS / MicroAmps	CPS / MicroAmps	CPS / MicroAmps	CPS / MicroAmps	CPS / MicroAmps	CPS / MicroAmps	CPS / MicroAmps	CPS / MicroAmps	CPS / MicroAmps	CPS / MicroAmps	CPS / MicroAmps	CPS / MicroAmps	CPS / MicroAmps	CPS / MicroAmps	CPS / MicroAmps	CPS / MicroAmps	CPS / MicroAmps	CPS / MicroAmps	CPS / MicroAmps	CPS / MicroAmps	CPS / MicroAmps	CPS / MicroAmps	CPS / MicroAmps	CPS / MicroAmps	CPS / MicroAmps
300	511408.575422142	258519.832790248	206033.693726132	212890.628094233	246651.306491365	579279.807909856	0	612615.693773703	198982.709623733	149322.310651103	109801.690615282	98533.7218233022	94607.5128677277	92036.0441652413	87950.7177476176	87544.7960083399	82226.7904394414	82393.6041579748	78736.016237305	76802.767293108	75912.5762579869	71442.2818609977	69285.6318594555	74292.7203805122	60952.2205555683	57437.2985913593	53954.5139244215
302	520055.562670237	256755.476242905	192487.493129468	193978.910311583	220006.064586113	406767.508805151	78.3051016210216	1588821.3527506	219348.716940641	143883.719504322	111541.705526852	96133.1712224326	91181.2975602629	89106.3888209245	84551.1575734534	83972.5882086845	78523.9132777727	77713.9654730237	75192.6092354067	72931.1717477529	71177.8043103795	66999.9674590471	65240.4603524876	63326.3578180544	58657.4422030063	54478.4127449451	50840.0387431636
304	495395.508975397	245017.943833552	187671.319931546	185363.779333861	202818.595608072	315927.839867139	566032.70216253	7453102.799936	249322.162292508	141845.385167409	113718.602825618	94252.5386330723	89690.9188183839	85886.5972010574	78972.2564755314	79712.419290333	75409.7204592676	73657.7459900875	71379.269595897	69016.8550776163	66933.2374527333	64584.4923064782	61887.5601380833	54485.750018852	59378.2469416864	50890.1294134775	48784.0262254043
306	508427.735853469	241066.410311027	180059.968921205	178997.664470082	193533.658325989	267089.826641476	6009985.07769605	746324.889922181	294920.711664793	145619.240850372	123166.611565633	92505.6861153974	87116.1927041248	82805.4290652743	77082.6640894944	75736.4934861743	73717.4323831461	70363.2085915193	67742.863764124	65534.6272604269	62903.512805679	61555.5303692816	57576.8612464104	51126.6218621307	64813.0126854533	48337.6928033901	45150.5013090617
308	488712.589656237	238434.463907636	178443.873231444	167997.44314571	189371.625137239	232483.227886426	911876.790370153	9.0933373255922	368602.457787533	152517.972766545	126876.200731903	91413.3077232503	84577.2279097418	81018.2437337114	74632.9146553	71682.1438746023	71221.9055586971	66957.962951375	64254.2873099798	62779.0700156753	60077.9798426567	58254.0812558757	55113.5458796016	48075.5939098434	58152.2519265995	46286.5495908233	43051.9564747461
310	492792.031253183	233259.21640502	170736.679098888	160881.498227419	176612.002328136	204864.129751829	514880.118920389	0	516830.620640252	164455.722505711	120646.888735138	91926.4668310798	82243.1402256207	78644.509765253	71702.555762521	70140.2369509241	66989.217780047	64053.2543633645	60984.1861468087	59494.323634662	56681.3169097288	54983.997405985	52412.3139423661	45757.608568856	47517.3298895495	46282.1968750675	40369.2548272273
312	483115.864231934	229490.400776271	165373.213782887	152738.812967892	158587.351431563	184194.728483524	352609.444979915	0	1129513.37572349	183173.860108019	116353.825956015	93531.4969097087	79596.4968292702	75937.9827327167	68482.8192739649	66253.3188652541	63758.6102003676	62682.5938151959	58831.205407397	56200.15541956	53608.7432409965	51673.9541436939	49905.2786771175	42864.8994154834	44469.4747033292	50994.6219411971	38660.4401919159
314	471143.089926687	220359.256043442	157781.90168935	145720.993514792	149292.784834795	167725.009582772	265557.920523561	43642.6562194184	4890646.66560178	207647.269688935	117945.435216842	100984.925511887	79056.5235468466	74737.2265251012	66539.355983198	63154.9879668553	60224.962887976	61011.6934913551	55667.2407931193	53577.141263443	50879.2590694503	48494.5651993362	47380.7208762593	40620.646689424	41024.1130630465	48700.2797446475	37397.3374383655
316	468172.691549202	214437.41101403	153228.606393382	140561.589742999	141063.76368702	158919.5918646	221924.207060148	4412391.26589188	151730.375225564	248101.060253796	124450.877738918	106191.685363371	78000.0204286884	73103.0353966002	65713.5396972989	61537.363483305	58893.5761419508	58588.9013073336	53060.0127037895	50768.8712826835	48498.2783062705	46577.2103170695	44983.8400210851	38633.5843979139	39552.4294147369	39346.2362683871	36364.5297460963
318	452766.90086826	211062.781805515	150064.969634325	137644.766912101	133901.935202383	151575.834752785	189961.212790238	812315.356820283	0	311599.480006511	131641.538123696	104885.605239006	78534.4635839792	70703.685258108	64746.8569864161	59439.7885477254	56223.6251809905	56641.5044893987	51665.4264550339	49303.4028345245	46829.7191220568	44554.829179331	42708.4275479542	38056.1376368671	37406.9982597519	35773.9047276871	40813.0125106317
320	464074.957495893	211391.678507207	148506.563808439	133963.966561858	127158.557917781	145448.703531016	168532.569084691	461591.616817572	0	434974.739387603	143869.233549285	100999.408227706	79783.4419299727	70737.5294893407	62887.7281654917	58257.2385541974	54750.8856774955	53936.5632220616	51181.3298609288	47333.2514227078	44948.1299606331	42675.2735949007	40765.9046808378	36682.089142424	35932.5338454348	33669.3701670828	42008.3790963816
322	449905.692496351	210353.611039055	146305.509113116	131295.530367727	125212.812537253	134147.66836985	152618.538392965	316312.42633051	0	787339.490545018	164234.436304992	101689.059956794	85925.5028448017	70927.2190281241	62736.7180227544	57954.2689161471	53720.3842418651	52298.6388041731	51443.0349509766	46259.5141479569	43435.3144171257	41454.8435337154	39634.5898226265	34998.5404818881	35113.9349616074	32949.180654529	35122.7292675032
324	447743.509806092	205903.417697443	144517.301690201	127163.641756324	121787.072452875	125354.23323587	141382.853209125	239346.480570537	90.9808944459837	3404111.79039188	192160.070036977	105916.274711878	96850.0723858358	71095.6408666616	62708.786040367	58108.2363390552	53234.4859243868	51096.1709350668	50222.2752671694	44951.0276727574	42458.3688887942	40580.1969040243	38711.0251534533	33891.7131211042	34313.856233276	32349.6117734867	30355.52263886
326	447713.548900711	207668.077327928	142472.103846827	122702.481127916	119089.740643919	117598.234576472	131702.29406511	198278.683022566	3585950.48508086	73894.6149612435	233054.475617345	114247.297170912	100385.376695046	72093.0163344703	62507.1833201869	57588.2159734804	52738.0244310128	50284.6762151437	48070.0778268307	44201.7335165403	41421.0452320438	39235.8114707736	37087.8710346809	32607.3061252985	33599.6529791824	31258.9552469554	29294.8165427471
328	450520.465382127	200195.80325313	138819.140836771	119224.031957569	115611.781782561	113719.953384085	128685.972477814	168541.688576435	839121.675057259	0	300194.061731484	122017.141757236	95669.1884677057	71806.4370372941	61963.163932209	55527.4767561428	50835.7839195186	48698.6049754887	46170.3632836328	44034.8361238716	39696.1785695378	37825.9752376065	35982.1730014256	31382.4210018851	32204.2893828243	29749.6846756859	28242.2456674521
330	442708.327903892	201043.786043163	133366.215284749	117687.993799236	109999.328661123	107055.887154749	121768.746698342	148691.743180105	454772.558068228	0	425430.030285196	134968.205130824	90861.7243530156	75528.117402549	61212.2791763318	54509.4647644974	50407.6360895567	47419.7663326795	44832.8684575839	43270.3623512235	37993.5910362912	36464.5765625449	34366.7376241126	29977.1345299648	30475.982420101	28769.6604403035	27553.5086326598
332	438067.944814844	198029.950120785	132361.512023995	116730.567698404	106915.426360694	101721.039874567	112116.995217817	132401.213868212	300961.487806208	0	840417.650056995	152990.371125075	94351.2047400016	83156.9015006238	61502.9300191074	54222.7284704146	50484.9310420654	47059.2296655353	43790.7822020069	42349.777232014	37188.3161953691	35293.4765657451	33581.6883497774	29015.7338294938	29345.6423317566	28137.1559773023	26274.130949473
334	441293.988054359	194669.691906515	129354.853021645	112279.151228036	103645.186349903	98539.045306809	103042.810584841	119825.691787587	224636.067566219	0	2351947.92957705	180677.514682614	100389.954741972	91254.6200220131	61091.0376039457	54065.5760929402	49565.7135392946	45727.8950854015	42644.2973516169	40303.7487496503	36525.5179690795	33841.0941022107	32574.9516886305	27921.9747613894	28550.2346526308	27055.5565305478	25760.3660798039
336	426795.997341584	192721.301626977	126588.232169638	108402.184137202	100317.226157762	94923.0432731533	96815.6549698732	111880.921094628	181299.466039641	1325673.18112562	1111.44316224997	222300.572108471	105795.660069085	90707.9774587056	62064.1639760571	54165.9706353602	48621.579998394	45000.3662820066	42151.9971354513	38921.7939217424	36228.6612353369	32818.9602906284	31513.391142684	27187.7908390748	27186.0631631468	26145.5285578891	24315.5540514217
338	422888.311644837	194364.242354497	125775.839094952	106262.061561737	98265.4723960686	93503.7114951727	94593.7601804718	107254.422766475	154584.906569699	891290.675753593	0	290827.724398183	116060.718163059	85170.31976213	63284.7008296575	54921.2060306312	48083.1012232894	44838.3173333458	41415.9639803608	38555.9337202058	36240.9431574501	32354.5676406529	30755.7512064095	26490.8563059527	27143.8487234029	25128.1548506662	23892.8388093716
340	431390.638804676	190456.512734683	125408.213166294	106168.025042264	95515.2689183991	91218.568825843	90438.0267060856	103899.975478947	133681.997123309	460221.377611507	0	425890.139537917	129658.342865144	85163.4744895347	68000.7117043175	54938.9657194421	48078.6346654107	45349.4737076747	41218.8931499644	38201.8806112899	35760.5153197288	31757.9009201169	30046.9139127841	25795.5411491968	25948.4054440995	24844.2429059125	23311.2202152512
342	434513.862277457	190531.783305213	125906.089695545	103753.819456224	94854.8453647169	89122.5005693923	87260.848812306	99207.8375349955	119583.704204042	298371.395415064	0	950980.653325248	150371.696508924	90415.4677151701	77311.0466102401	55638.5106811743	48291.3963510065	45039.6375774013	40808.0294330552	37474.9784040312	34323.4609078951	31308.1268553588	29386.4768898257	25227.4495631338	25846.1363769253	24060.8170869573	23108.6044424187
344	425891.18721627	191652.486208789	124634.944873951	102628.13606822	93310.6066963187	86497.8078379506	83568.3211328175	90901.3232395809	109857.558348778	220378.083093208	0	1102665.46326147	180333.788802761	96287.6204435037	82748.6338885254	56361.8088797295	49038.6261106834	44777.4885612218	39780.1270893929	36782.5505324147	33399.2355386918	32036.4131107775	28850.8572620106	24896.8362050222	24825.9976576916	23191.6942059928	22234.1450568492
346	449569.838677052	191723.978658102	123178.85873414	101246.416637865	91247.4371522838	83686.2115039592	81692.3656030678	85285.3142344448	100728.08394478	177331.838975784	1310399.08095239	1.22120132059783	223361.626882726	103485.034636047	80571.6766590755	58141.9815516475	49442.7052994274	44265.0064727692	39563.2333207927	36484.2010634	33197.7267096414	31340.7057252739	28436.0838627014	24528.3362677368	24407.9734679655	22872.4433852711	21713.2353726106
348	438118.454483952	190204.549267403	117874.317226442	101062.94150978	89480.5745298239	82254.6261625129	78486.4262013772	82093.1057723632	95679.3722416564	147570.56599195	761382.24887349	0	294877.463024125	112766.256324769	76792.4642974831	59988.2970790288	49986.5734681202	43905.7879961649	40046.4212568144	36090.6011613369	32535.8128630196	31060.9896547959	27452.9944973855	23725.5536553864	23863.9625973125	22057.3352487096	20974.5179303923
350	442242.68402854	187759.607373018	122269.376903589	98713.8440142015	87669.9842647429	79809.0441731745	76762.4396438918	79848.4432336336	94130.0759067826	127712.568119517	416941.427675932	0	431789.930805069	126157.458182397	78486.9153459458	66040.4144506502	49652.8511871365	44191.4878083867	40077.9693195461	35548.2509267056	32006.1701808965	29336.2484539533	27405.6277923962	23066.8629179728	23269.4609274475	21377.8844475891	20407.3818716001
352	453222.372301064	189409.786634585	121330.896029739	97987.5233996831	85679.6042837962	78839.115649116	76029.8065053713	75768.0478379753	91007.3950536403	114119.143982121	275255.259132157	0	964761.934963701	146273.145314461	83034.775038073	75394.3717507114	50578.3747074337	44700.9478883699	39197.8861143377	35070.1908987586	31348.2257001498	28722.6772014363	27586.266053203	22402.7034831978	23030.1655049794	21293.4616240276	19858.8687795726
354	451732.038416146	194907.7099863	121815.548732508	96526.0364055146	85333.2237403232	77098.2222726267	73837.9380668178	74211.9646270016	84885.4248608285	103344.470285313	205037.186828565	0	415291.331533094	174824.543005081	88274.1367768234	76460.2805623923	51626.2358732742	44872.0719269873	39102.9925526418	34985.2417961843	30975.615726963	28375.292941121	27520.699113591	22323.9523789924	22361.9523987325	20878.1426053083	19403.4196419176
356	445430.320583307	192507.130200678	121373.849276174	96020.867215142	83219.3757887123	77374.7599459188	73325.3955915021	71862.7099806849	78903.3812521213	94641.7534002724	164044.940302068	1205541.22191649	0	217790.599591863	95556.3033830613	72048.0772206738	52860.1833929278	45666.447944931	39127.0908145211	35654.3648243735	30940.7985730233	28084.8614112155	26638.1676036049	22071.7652980584	22052.2076197018	20578.188956342	19330.3468760951
358	450821.610313238	191126.27916408	121619.16490015	97471.4584744886	82694.0233744841	76311.5751247254	72917.2776635927	71096.4956769208	75070.6079877382	90411.0547488602	139122.808317556	676069.350296852	0	287145.604968638	104753.178462082	71317.103653109	57671.1929450368	46260.5463996953	39404.9188069562	35521.4391655058	30872.1919381877	27850.1682831302	26212.6528446019	21992.2281807604	21632.7184925338	20066.8308115991	19098.1640390918
360	452926.994322081	196514.792597165	119998.813556433	95717.6960376759	81685.600336127	75797.321612913	71820.3610744179	70327.0798124969	74239.738711215	87819.5341622413	120955.741320462	389106.861810335	0	419333.73386421	116893.011119721	74320.2017550684	66058.9137747293	46914.3827113809	39792.1958790887	35658.1342116283	30881.2386752002	27595.7796642058	25628.9016964881	22348.1564681078	21304.1329227037	19829.8391408219	18819.5612168462
362	456710.684258175	197002.94372974	119546.838075656	95189.701782504	82062.6494629649	74565.4157069026	71396.8159551498	69460.6896263251	72787.0827865876	87981.5735340666	109007.366427709	262660.597473734	0	847417.069032737	135987.882397126	79323.5863468773	71230.2490600597	47911.0916147897	40280.8399607903	35501.5143800337	30603.693179593	27629.8388914662	25399.3946920035	22486.6930448137	20977.7389440412	19693.1285131295	18638.9474816727
364	461928.517936047	197874.472681148	119725.554176733	95997.071975629	81932.1322718413	74473.9106208316	70445.8342494175	69159.7728120833	71361.5558090318	85448.6093125903	99149.8027327336	196776.635291573	0	249413.663596409	163471.911828239	84552.9998406535	68845.1012764813	49460.2235566943	40989.5183155123	35808.3886592545	31067.2126334094	27604.7715250091	25350.4633202479	21938.1947896446	21044.9016953414	19397.896313196	18392.0941655838
366	460790.21830013	202280.987115457	120405.911511258	96341.5443779306	82341.1302256444	73824.6870946761	71186.0707959451	68903.3048338439	69554.9571748033	80339.9684800324	93177.971634452	158842.628472369	882118.048946813	0	203535.023656257	92126.5236894269	65118.485341661	52035.5309414006	42256.2891254041	36224.9841301728	31543.7397973506	27678.4186842497	25268.4127650336	21286.1139100348	21355.2813235288	19202.2386463547	18146.6089693617
368	470104.464626777	202304.855979857	121549.149062291	95277.5902174719	81927.9442285161	74842.17112837	71719.0414299982	69441.5706518454	68407.3657608335	76090.6327665337	88831.4852932846	135638.283479437	661307.514924288	0	266578.780578336	101178.859703451	67455.866538976	59908.8807191205	43121.021345458	36663.7472793061	31986.6260178507	27373.0248021544	24922.902065279	21116.7419032047	21875.2400908828	19184.8656709045	18136.7515633657
370	478574.324144486	199157.495877262	121971.186500751	96199.8278882332	82443.1313783243	75658.4765035113	71322.6781691891	69394.2809630854	68496.6290355845	74339.3129853799	87164.073957208	119921.39219537	389915.227851176	0	383523.438821729	114177.004650439	71948.3652295875	68677.9096939547	43933.2800835938	36854.6476469331	31614.5650200285	27700.4640822666	25523.7977343751	20990.8574149364	21875.2410000953	19290.1167138387	17982.3527382019
372	479250.7170852	199259.734628838	122102.291945265	96748.8564993606	81809.2543912301	74767.2036978049	71516.0186136722	69577.4148484081	68673.5896028694	73819.3875512924	87002.7137057774	107546.031979919	263550.695662148	0	669378.607440575	133176.687176178	77297.6336649393	69154.4427355605	45374.9497957464	37950.2924308277	31842.3000822164	27843.7734894004	25450.8991886128	21273.6929559532	21644.2341880796	19130.9694764745	17852.4878310346
374	480138.189213053	200766.776591476	122925.221629697	96159.1098880169	81819.7053440326	75969.2589544923	71906.8530432127	69286.117869612	69203.8295986641	73052.948801479	86287.7793690649	98908.136991045	199305.238027778	0	420323.551173772	159386.716495921	82880.1033583572	63648.7739163975	47330.878077974	39218.8747469832	32103.625397776	28104.9929079628	25476.2482390092	21090.2458610001	21279.2727900181	19445.0948843456	17753.0433454298
376	496827.923344018	203327.061034636	124416.889075532	95721.9569218832	83899.5821730678	75066.6186215061	71087.1262713324	69367.3498801352	69091.4155791903	71620.5450993501	83383.7650262938	93106.5249911624	162253.397820873	414143.452863962	0	198077.379238935	89783.7848063256	63679.0859529385	52037.1414745827	39986.6097246965	32758.2411461889	28114.9139508287	25429.3262818643	21254.8165264906	21087.5505550895	19701.5103226652	17770.4996003821
378	497486.931195904	206484.915031973	126029.977622194	96284.8195075055	83568.1727971026	75801.5963613318	72409.4327777766	69363.7952421445	69643.970385429	71272.1541167919	78426.9913091913	88249.8086650868	137878.263824977	678511.462767347	0	260689.868446331	100012.516958886	67025.5911498559	62107.5429722881	40829.9218031343	33292.5633589373	28441.7467994564	25352.6716223198	21222.0015426343	21065.776469735	20012.1780373545	17951.603834163
380	499268.638586448	212078.289921047	127308.502055921	97143.7376643204	84394.2823096198	76229.1216812578	72002.5349404343	70595.979737705	69930.7623468199	71362.3302892039	75940.7327428502	86083.0295777511	121720.669895587	406679.220043056	0	370807.029477958	113638.778582386	72375.4701473227	66175.4827592941	42137.7884305905	34197.8968655647	28687.5133802834	25585.4601232362	21421.9478580249	21222.5817936992	19941.523112758	17963.286704164
382	512776.244296146	214287.44490699	129815.024748386	96940.2659320353	85855.1230263894	78212.7729493843	73155.7111645808	71732.5838182865	70978.9434635679	71313.4624082861	76975.0177477087	87198.9896530535	110293.978789038	278124.103382312	0	615624.865280453	133406.857976569	77366.3722826912	62889.3132880704	43909.5570844968	35181.0871155182	29227.2686242415	26614.7407202286	21603.317871459	21212.9721907512	19648.869985307	18283.1597857043
384	511924.352365881	214834.557206018	129160.029507025	98417.6922894715	85984.7409798631	78259.5025975512	74015.1119824468	72160.3409068663	70172.5295714694	72174.6700975687	76049.435785239	88662.3436072865	101926.197483607	208002.647577373	0	308423.449742636	162374.380353125	83663.1760425409	59658.1804185545	47064.3797051688	36243.8204448016	29438.5621778238	26830.960433378	21667.5538827453	21482.7415379583	19556.0640025554	18987.4444321437
386	527123.071756372	213890.756778297	129805.472853757	98981.5508376798	86246.6085264609	79142.1005766198	74028.7570682182	72720.1851631608	71563.4568033897	72773.6408514906	76260.8091428122	86669.1133367314	95546.0230264056	169441.406076159	15844.8367799758	0	204340.236572824	92243.1805014011	62258.8340892519	53940.8151597907	37535.7181486648	30263.6216320909	26942.5951726455	22095.2246998621	21707.9242158544	19514.3593221366	18881.6358053817
388	534782.498389649	218851.899856276	133259.209410536	101345.34653996	87616.1076879988	80305.6104702921	76525.5687439973	73533.4407601194	72628.4361621605	74158.9217512117	76047.44185246	83022.1601908401	91731.7695143196	146036.565088201	759804.856071327	0	276642.108094893	104169.853540274	67405.0891050606	64250.8328664571	38657.4100416779	31326.5588081755	27354.696298533	22580.3203081949	22251.2697856617	20273.3538907389	18747.6260846938
390	540479.189975649	225124.649570328	133820.47149655	103087.47693442	88488.3158230756	81281.4472755366	76482.6856420269	74783.2818244507	74352.2270301357	75374.5784655531	76324.2497076046	80219.8252297794	89656.7071666288	129468.748036699	460408.908487789	0	401185.371002064	120168.858031587	73095.9928470583	66434.6268156292	40750.0593605747	32737.6799396982	27830.3258885718	23363.9155218177	22710.8740521036	20212.0404160835	19207.0616213416
392	536809.332694312	228530.963008952	138128.059334153	104580.130751197	88926.2546058971	83525.1265307968	79118.8542718129	76430.480020498	75635.5535066814	76522.9559232223	77083.6526498197	80212.0138592564	90424.9384059202	116943.48683186	308756.622402883	0	702639.095450081	143005.312880294	78922.4636218109	61342.9509639629	42822.2909919749	33949.9378649737	28943.1908453191	23964.5198484977	23222.8564963924	20619.0238279009	19216.4966230063
394	554170.061116891	241809.303948969	141825.643549341	107856.76166476	90733.1201305761	86993.5888972161	80090.6046607412	77620.1178398331	77189.0861211185	78010.3136294537	78391.3513789482	80732.3705246184	93900.6883383342	108961.169061089	230355.70884736	0	56785.7915762259	176640.780471325	86969.1033936872	60575.6337882479	47726.3355072702	35269.5753781151	29816.938787075	24136.135131407	23590.3716052984	21205.8948174772	19712.4143695145
396	573916.806458173	249650.282658442	142785.044102292	110052.943189456	92798.0061240591	87026.9451378777	82244.1436446926	79102.9531867281	78033.9443561511	79500.250431706	79201.7112272991	81285.3525036048	93595.7813554495	102587.243585259	184152.824464139	2765.79931085669	0	226404.177242114	96568.6787375076	64711.2272415007	56928.6161327855	36284.7716190454	30644.0947495487	24556.622172679	24190.7362362577	21528.8252702652	20000.025577364
398	565528.180229664	242922.51193313	143412.736761229	109064.601076823	91237.8537954975	87629.7677779527	82233.1077334339	79456.5028916354	77840.106012465	78652.2848187779	79929.6213019284	80107.1936228399	89499.1553509021	96276.7310033286	153842.557514685	760135.683399869	0	300093.96211523	107157.526405624	69033.0691872163	63787.4515860188	37540.4671841406	31729.9996260161	24778.2066431554	24323.6430246869	21815.1259431949	20218.2870545833
400	557273.771334261	237851.821974803	142666.425316882	107556.603769747	91973.1163381029	87118.9034949771	82078.4581835636	80416.3649385775	78042.6347469684	79168.5430862828	80315.5625072241	79313.1418220894	83563.9001083962	92245.7453232803	132643.019301279	467518.124111779	0	432063.410689726	122064.02179649	73837.850345584	60901.9133372892	38858.4586359074	31884.845876165	25087.4166466942	24942.3191863012	21625.7215528524	19969.6545339664
402	545237.187044443	233431.040815092	143490.006084036	108729.510359288	91788.3611730278	86654.2925628693	82039.166168943	80698.7323819587	78869.4230088754	79639.7387883697	80973.4718629719	78967.8419033563	81845.6888158348	90686.7596834664	118569.383658534	311846.16440781	0	776620.36056542	144235.396553183	79448.7410613622	55832.8804283709	41331.5888018845	32996.5688044339	25440.8081162159	24872.5425708715	21705.4704608898	20047.6294040816
404	562546.539911858	239463.381206851	143528.486923043	108980.601292474	92959.4379638194	86493.9395188712	83315.8945103073	81072.1973102128	78977.7000230065	79810.6157819334	81110.3912987329	80163.1018917946	82033.5015698071	93011.199961141	107780.977874503	229524.604462371	0	13459.5997967085	176040.67425772	86405.5404987017	56765.5446592719	48179.6202457364	33605.319557283	26143.0567257508	25143.9972304143	21987.7736521327	20663.0753144491
406	571265.900749448	242975.152860874	143848.355501191	110291.126554058	94658.3236009893	87622.0271176225	84130.5143592143	82188.8368566742	80561.8762772727	81557.0482434866	81391.1915921082	80146.3976742681	82369.3415302591	95251.3758588265	100601.577511316	182427.635791966	50852.1869643714	0	224733.633612104	94939.3800450209	60904.7622435062	57148.2921575629	34777.071578039	27094.5217950863	25522.3687589916	23071.2933370227	20888.1414177164
408	578281.649691197	242555.962643019	145426.151871163	111157.584722484	95285.1060238226	87506.9488672433	85863.2369875803	82794.7289242101	81275.9436434667	82249.7724696554	82311.3933726615	81744.9361068912	81862.126017586	92779.071670852	95508.099863745	153310.189557017	684988.03315977	0	303606.807872038	106232.313763075	65642.5053918523	58046.6801043578	36075.9997718324	27753.5402586687	26094.4648319867	23838.50057551	21306.5667737276
410	576773.370467505	248299.976904468	145896.878043041	111416.561763169	95892.3874113275	88620.2228253339	86925.004757583	83465.0976613106	82043.1049290723	82862.2777920797	83017.0811841103	81962.4047309189	81304.5204992233	87655.1193213222	91474.4554589498	133610.953763115	437565.251826463	0	439188.814095133	121799.387424048	70662.3293927837	53011.4874059264	37980.5841506248	28526.912234822	26317.0491343462	23792.9314618487	21349.8479284442
412	586767.756776948	248094.859356831	147317.684972854	112509.986021101	96301.3066263003	88753.1002297023	86542.5879261538	84645.5971311988	82822.1895688811	82645.4092595479	83262.0155971096	82475.1216547197	81351.732032321	83163.3216127353	88941.8372937671	119463.8362864	299836.435172	0	767400.039149599	143874.370817024	76319.7846856739	50754.158549121	41592.2476451168	29100.0409771314	27038.7576088612	23534.6696316328	21497.1837611121
414	584374.889803814	243166.412383057	149058.773631734	111941.991515193	96161.8357637395	88704.1683305484	85647.2027830389	85176.9407253352	82780.8121302656	83381.5080201747	83873.0388969539	83021.2116748131	81431.3495797241	82472.6049694572	88137.182186021	108088.331930747	221936.053443435	0	10533.1077469833	174723.538650431	82209.1824922168	53933.6880362861	49806.0787365061	29972.2886060523	27571.1560339873	23808.0215997111	21911.3580553044
416	580591.879939916	242369.493071721	151540.877236776	114624.164797109	97309.2242208818	90111.5802967224	86340.8101961658	85866.5088024793	83532.2286844723	83961.2796795857	85171.9302287042	82981.3038517439	81964.5567247949	82556.3735405615	92166.1617361047	101405.408891301	178800.74857096	110564.019445265	0	221715.702151177	90951.2894204578	57768.2203086966	56410.3901707524	31200.7593862226	28548.0768683642	24406.5489516826	22927.2282956952
418	611242.056525319	255375.930592958	156605.019896227	117035.048170583	98663.3701824016	92171.7231268562	87591.7162901773	87839.5912254393	85219.2712737238	85687.5393791898	85779.3748855923	84389.8932138378	83430.1185278354	83826.669586722	94000.7966711295	95866.6796439388	153122.882697997	686916.51140224	0	300025.719322062	102878.049061342	63058.788589028	53703.681298258	32715.4225453181	29730.0977606554	25097.8431183624	23564.5638116812
420	596188.360989809	251252.884172233	155150.386676535	117902.682251241	99891.0012929246	92411.1224846014	87966.9456982856	88660.8127288251	86888.3535557913	86119.2296027756	86790.3420962878	84849.1245991906	83944.2956964986	83225.931762339	90221.5569583297	91673.962353078	132561.671790812	443524.850929582	0	428934.020353661	116290.961918658	67798.6355115802	48411.1335815423	35523.1179701261	30244.5180345279	25424.3283067485	23310.5421493708
422	586418.437342272	254081.844855001	153363.384034107	116901.147700014	99373.2126414237	93169.8823640188	88496.3134941591	90443.1480641984	86736.3020232752	86548.0670932673	86120.5537580392	85132.2607691545	84144.1263838548	82237.7890529482	83422.8198817884	88049.3848183993	117791.594699056	304009.410907204	0	703893.216796207	135753.781800166	72759.9011822695	48777.7084893245	41001.4098209709	30920.6470241687	25981.3047343988	23163.0347656664
424	594235.667060141	254476.988947458	157984.566858345	118554.457900546	101078.021699662	93562.9525687957	88499.0485892901	90060.7341325184	86664.2118103237	87194.6122279262	86660.712968975	85173.2988676479	84922.806542738	81908.4828514338	80141.90632134	86418.3111141946	106384.185069131	225815.18115729	0	43079.8314105077	166043.960317808	78758.3171534703	51833.0053016314	48193.5597433332	31705.5554879473	26591.2094561601	24131.4563053922
426	606891.93198471	258836.413750621	157847.471106229	119448.795033746	102110.777473572	93535.8454488285	89859.8313950232	89594.929222588	87796.4534055363	86970.4108369208	86255.4322795542	85450.3236249012	84656.2300643745	82126.911799907	80173.9318334011	88517.6774854389	99443.8812300389	180912.203366911	108698.591485125	0	209041.406590218	86500.8497062612	55961.3580499426	49565.5078021212	33299.7763136114	27403.6219312085	24285.9292785226
428	611380.983352172	266859.678733646	161344.0675901	121839.839052468	102936.436384207	94144.4646951286	90497.180591767	89809.5704737549	87904.3119343582	87887.4598829805	87198.9677295176	85972.1339590368	85237.468805493	82347.036737775	80695.6082396931	92030.891709723	93267.5627499469	153016.840956909	676521.400361424	0	279131.032442654	96398.7803691068	59995.2255640847	44074.2888062261	34636.8262665931	27862.1358614487	24766.6304557147
430	620965.966351967	267763.744092871	162645.937633939	123682.553479272	103380.9184827	95941.3624411072	91235.5969574828	90853.5024218848	88620.3248513748	88276.1465278206	86977.1331938634	85978.7712894849	84972.8103027055	82784.7803905127	80342.9304028084	90493.5208329914	89036.4529326893	133489.740711743	443298.319058401	0	396348.116859192	110646.0155106	64903.2645303395	41716.8088736122	38275.9946422117	28710.5736802324	25081.2008965015
432	630922.768378535	272392.17675132	164909.446744199	124810.935603962	105039.3662117	95817.731768986	91319.58268692	90940.3080449214	89849.0717750517	88188.0208738337	87677.2601425181	86477.2933112562	85499.3608113936	84003.0966903417	79820.0479863445	85623.1449128118	86479.4262556488	119563.477901622	305070.531138552	0	621652.21597777	130929.901897593	70711.7401642385	44216.3336337678	47664.4759192003	29744.5341377395	25955.7144083483
434	645132.960668425	273932.529320072	166849.431888822	127334.403278262	105654.413056437	97098.8968292293	92597.7673727493	91224.3618492634	92403.1328198123	89730.4241600674	88273.4317024724	87219.7102851682	85818.329642249	84870.7600555393	79648.1487001136	80471.4905781085	84465.9174699872	109236.533769721	229992.795944847	0	183897.294131184	161394.201954434	76726.9164303035	46969.6034241326	54515.3813232822	31115.2747828205	26672.2356565449
436	672589.435169714	278914.641643462	170546.823448444	130292.363178261	107597.753136459	99462.5211728119	94020.3177860742	92100.1176232481	93325.3629519233	91332.2605846561	89324.438702281	87691.3843796174	86590.9794058956	85994.8273654525	80302.2645205161	79776.736206038	86951.6759853371	102506.595222839	185285.305819652	8393.8595192192	0	207780.29263106	85933.6645117652	51423.1318547092	50946.1226066111	32690.7938971111	27708.4008195732
438	662168.48357636	276315.868731633	171452.237362253	129955.586573999	106878.187238511	99267.3095802433	95178.4439560542	92869.3976717428	94129.4333426362	91757.9837522042	89743.9432640669	88089.8419334252	87343.5017031275	85381.3117377514	80667.8435556148	80117.7978936853	90756.3879303931	97027.8373690122	156785.535118852	752139.52471313	0	278108.236861133	95753.4051618147	55640.5154436302	45125.0160233502	34674.0086538436	28279.9232751672
440	651095.375338464	280524.014547688	169343.541507544	128331.483436849	106684.955725503	98614.8941704415	94209.5378353467	92601.6407949547	93124.0496560237	91309.5175304373	90060.7623879213	87672.7275015412	87720.9351410369	86332.7959512486	80675.765165776	80057.9752430929	91893.7482236041	91940.8867918427	135806.379181667	487856.895554287	0	396555.835060619	110520.632546618	59813.2534462233	45520.7690774259	39850.4760639127	28879.7119515424
442	644180.876653256	273846.341816915	166186.104077048	127605.909643261	106601.545399519	98426.1239150674	94105.6480380227	92198.9055509631	92304.9343912244	91374.3883572849	90116.337693284	87782.1303885688	88066.0810292716	85830.9788243933	81370.1174409968	79530.5018616834	87232.4735131618	88344.3910165543	120927.034301522	330343.373696359	0	625446.297193155	130591.156330292	65101.0701135262	48055.2599972258	49911.5546028518	30086.2547653648
444	633286.201889011	271558.963854173	164143.890956315	128042.835162599	107605.893735145	98134.3967287307	94077.3171486388	92277.7349618792	91839.6289818935	91633.2154767295	89949.0655227557	87986.4792146957	88253.5914056781	86523.892635556	82043.3119198117	78559.8953074528	80197.9847616375	85598.49448294	110409.79441534	244396.196586909	0	95104.3376154596	161723.232669094	70712.7033744316	51434.1884338489	53258.4255243215	31213.3769512971
446	621495.287856758	270934.927200267	166138.258083138	128683.786617546	106800.093099161	98246.2757079689	92774.9470420519	91912.2016235145	91362.0822759954	91808.2633824226	90271.090565233	88621.1155416555	87628.1897239485	86398.6844671832	82845.0917259603	78865.0520470033	77565.6158152626	85678.2553034042	101830.204136276	194213.504862742	68.5954000643319	0	207683.389936445	78239.3610909652	55649.2021712847	46666.3539578001	32892.715169282
448	688197.191691571	295270.57160854	176737.608890261	135757.809420209	111969.955589128	101725.444186626	95580.5304653259	94664.5856857737	94117.6895967986	95246.2675358144	92703.0704318321	90075.1616675826	89794.6156707439	88945.3857752312	85043.5385962181	81426.9981571072	80048.7358605393	93446.1144960523	100590.50721422	169569.779276754	797949.699189524	0	291520.357809475	92579.4530269628	63573.1030095468	45224.7971365377	37996.3424870488
450	675601.390726331	287982.938955397	176814.658172357	132375.949768103	112134.167943651	100670.024836844	96067.1457941096	94865.8990539286	93855.3844781685	95912.3884776486	92375.1112086096	90521.649055844	89477.1810870722	88988.1737881277	84782.2372621085	81740.9870319079	80457.5272095618	96714.9144106121	95040.792107793	147603.164204239	530713.86587543	0	417655.462249846	107404.44655382	68962.4565498049	46665.2771928537	45872.2888968379
452	628115.392180872	278384.976107143	167202.514594076	127569.051519298	108698.129752813	99111.5442958315	94074.9952321474	93350.4830906554	93089.2399549581	94160.9790919165	91569.6040992384	88777.5098911577	88352.4379663758	87346.8507674606	84411.2864840039	81241.7965195839	78929.672414118	92280.9683637864	89734.4794899164	127875.507297315	351018.958859624	0	664058.963362703	126205.181451284	73507.6159135428	48552.9178830216	52505.644380817
454	625361.190960927	274227.29287874	167462.997925003	126409.29835312	107708.859582076	99029.937790977	94373.9514000161	92309.7635948689	92316.3207965342	94163.963223519	90642.5680812962	88914.7327573077	88011.9306314548	87971.6556609537	84101.961904839	81461.4279384835	78334.6177406669	84672.2715278078	87238.0452809458	116081.665057923	255761.845273303	0	11380.7394279784	156481.954110344	80120.349197819	51653.846794997	50445.2061225903
456	650069.51296242	283395.743447705	172021.708642093	129736.185864098	110288.50008034	99795.2307414821	94924.5174889748	93530.7405543395	93294.6702363234	93546.4434654512	92071.740935051	89653.1272622396	88943.9938773731	89283.514073275	84782.4507664239	82886.6547750777	78695.434295131	80705.385775037	87440.7393536547	108384.863867305	204762.435625337	3888.00572205945	0	206346.607379591	89860.6242519235	57221.1523303627	45116.6335045597
458	651888.55035189	285843.564478612	172318.267210618	131150.858440213	111401.108313472	99993.618970424	95278.1719014106	93559.6386846139	93974.7794948269	92753.637196802	92193.0651380721	89570.0079073245	88330.1845332314	88311.328978868	84782.788228588	83377.0476090207	79225.4272772593	80101.0421248913	90516.9206506982	101893.619564281	170330.366893192	727825.716912311	0	281387.134683362	101446.092329206	62438.7614186223	44763.9994038895
460	693654.532867083	298202.830937737	181351.532898706	135037.600916368	114908.837097161	102473.282124545	98002.8247323419	95061.8044245484	95000.6230470294	94092.0269016572	94205.0037132179	90288.2277848552	89605.3712642356	89386.3834838633	86276.8461546978	84311.17327427	80412.0806427637	81758.9790022019	97322.4144103586	99683.5846737166	151003.414917031	494741.327547131	0	419350.46527582	121807.64920228	69935.3921972869	48830.9270649457
462	729759.187000111	308679.276076699	185467.632578472	136932.866990337	116464.978627003	104189.217100308	98793.1847182641	95573.7848638153	95315.1367445784	94268.8479750226	95077.0890157013	91078.0840866798	89919.2765087503	89195.8859995929	86668.9759679837	85153.0455293038	80868.6600893967	82281.6731563957	97486.3932278001	96363.9311324899	135924.956913563	345506.060388556	0	662815.039516644	146787.325495578	77227.3935556296	52910.5901668883
464	735221.795996322	303761.220230483	188873.455537038	138954.635316435	117213.836977982	105212.750032238	97932.24403554	95749.8613496311	95352.8390362946	94097.8965371128	95461.3745158171	90593.9096039485	89988.0528271311	89572.191393334	86717.515238311	84736.2768658002	81379.772782721	82514.0974754281	90601.3973844012	93102.7120422174	122650.879477862	256046.636345167	0	395.294219400123	183766.026947711	85377.2763989215	56780.4869443516
466	856592.742258453	352613.253792624	209734.861727239	152962.169099602	125804.644539195	111642.970647004	103629.068070998	100005.874444856	99573.4185755011	98089.1819929016	98297.4277050788	94065.029153415	93256.8296748581	91898.8374321102	89717.6062812479	87915.5543434492	84723.7898158551	84915.3141911318	87775.425901849	96348.4503084412	121199.50705367	216680.336596396	17327.6851232313	0	251444.256222599	101362.025441065	67324.0423041233
468	811244.51286549	329569.006264504	199108.321869636	144854.343806508	119866.033003428	108255.478546973	101615.745228769	96962.3920775124	97728.0467196445	95704.7045417255	95955.2705131856	92417.2552026914	91146.1534157123	90110.762191523	88450.6450484064	86059.2787999322	83758.8559410527	81401.026464933	82920.3503453263	93317.3467160897	109438.656708531	176560.478449727	732512.166262772	0	327039.839584778	109282.729015918	70181.6717573262
470	881355.791454604	306605.206293099	186016.172567102	139412.977562643	115322.066890707	105131.099312134	97998.1592993651	95354.9287362101	95414.9993987272	95214.4471571455	93079.3500260544	90514.8905235471	89688.8780892575	89862.9133530616	87047.8124208906	84287.7294784381	82076.0579400831	80083.8468230416	80683.3028532143	95296.9642604921	99111.6506243637	147933.914621794	492668.535550356	0	461233.087903148	121184.327982119	73131.7859736798
472	1378727.14720818	321902.896900538	193283.589035038	142009.569846039	117185.947574326	106736.395126712	98788.5864799588	96321.8341651333	96081.801688801	95152.0781938431	93043.4306192867	91763.4161871192	90533.2830038183	89612.0799971906	87091.24193332	85369.2209657962	82675.303848102	80823.305761934	81606.3052990448	99940.6078098451	96093.3710763136	132613.392397079	345743.626466902	0	749127.352575117	146641.789201654	81144.0098128292
474	2592421.09752418	289555.671241721	173858.458328866	131514.599505448	109268.892590704	102157.490162137	94988.7029600109	92835.8782681194	92908.652310952	92812.6862290474	90775.415305046	89835.0448268935	88534.2857742509	87548.7905351675	84541.5468486817	83033.7363437743	80308.8063218611	78216.8554666135	77991.4967388585	92892.7274564289	87685.0430983949	113827.254097994	246154.058650749	0	30761.0983912196	169267.700564442	83396.5095586251
476	5917968.28786691	281006.22307157	170584.696054748	130721.721847353	108482.494924097	102561.627504016	95365.3447762304	92259.0748825579	92234.3312737452	91677.4509667238	89877.5312035249	89897.0058915665	87690.8510415028	87190.0079052945	84251.2606714037	82902.7841305245	79624.3458145134	78556.3185710478	76533.7694989946	83929.2368220271	83600.81212541	102850.5043883	191999.929502572	47976.5901378365	0	214050.588497818	89862.7960660773
478	13091660.908121	297066.352562821	178008.726219456	133766.550829995	110184.244285912	103947.813351906	96276.0804807637	93502.363302462	92878.9871933125	93259.0143262984	90872.4001297956	91116.7487147563	88436.2537262371	87656.9859886089	84667.143607072	84276.737136191	80315.5948926403	79420.1226818692	76567.8238246824	78966.7759694139	83620.1056003651	97577.5381339899	162753.02404278	650582.361138827	0	299394.75098644	103843.829242316
480	22221338.8124529	316662.677417408	186394.646953758	140550.32349554	114694.53531569	106361.387915099	98992.3417389017	94948.3633809516	95177.9709985901	94380.5445665267	92776.993109665	91695.2710762621	88830.746504547	88871.6364648122	85790.5825984296	84834.9811309066	81354.8062580444	80895.7390170428	77146.6888843559	79464.9899181368	87156.2704178245	94320.0356085034	144830.818085428	448885.397882803	0	442389.044440899	123855.031620687
482	28478247.6032177	313460.958723998	183641.40166742	137604.015949175	113493.593137463	104577.297475952	97332.0219951024	94464.6677661693	94288.1900197359	93676.6656851711	91665.2356341693	90200.6510831482	88705.1277513392	88243.9319087074	85735.3949203297	84838.2265584848	81310.3597244734	80353.8194281049	76824.935931254	78109.359441639	92682.0628031406	89074.1667346247	126068.218668811	307347.638959484	0	694131.231297579	146976.355283811
484	31634550.5399598	303136.962640486	179741.171419448	134010.375386526	111584.341627751	101453.696935566	95691.5229239906	92540.0540622152	92646.7455306412	91981.2970129341	90597.2567586442	88437.1019525904	88336.227422953	87381.0045668183	84747.5179318116	83556.0101029443	80188.7436803748	79078.8477022555	75727.0845460945	76762.1643653828	92550.04871179	83386.1837046233	111877.384634546	225633.763520017	0	250570.016356515	175889.3295881
486	31727682.2958245	303404.880712035	173344.537705926	131339.302535541	109446.934080281	99911.0214912422	94766.6384453502	91348.7693274356	92532.6354947221	91718.5894455763	90247.396103198	87136.4395238095	87837.2771185059	86913.2807994093	83916.1660655932	83043.130944852	80103.3569614751	78351.0002756382	75356.7158811036	75869.9195059335	86082.7162916981	80186.0682225803	101391.315448798	176915.047820363	54936.6796613904	0	223070.551705261
488	27069860.260943	375131.968788464	175213.192642751	133128.055625893	110606.382854989	99793.147064038	95493.7205251026	91913.2876045047	91857.175231641	91452.2649082618	89365.5210788041	87549.0218826038	88968.734017256	87504.7295066021	84094.4758835492	83302.9528679166	80886.0682772253	78760.3544410613	76302.7886456105	74728.8427249919	77270.390019767	78418.8169797969	95088.8454725322	148180.801209953	781940.763082261	0	303496.971765511
490	15289809.7163259	752325.472518437	188996.571146605	140679.124035138	115166.665560763	104267.772331851	99540.23244962	93898.603098782	94322.1827318803	93221.944953186	91046.5120016521	88722.1120450912	90842.149323543	88858.7407231346	85307.2279096429	83889.602648178	81891.8895643251	80227.8552468377	77776.8661575728	75692.6063913023	75150.9824071339	80708.3207235462	92139.7165357958	130876.638184006	523397.635834936	0	460342.370346939
492	3364313.14050453	1837952.98138648	191800.34999581	139836.147746602	113450.492795917	103247.11990022	99222.5232660261	94219.8588264642	93298.4158104036	92894.6243290802	90719.4901400833	87484.114939347	90457.6117582859	88463.2101880596	85234.0972695874	83752.9672172071	82131.9312331469	79889.0724081686	77776.9957674693	75416.7500154244	74134.2296913624	86669.7660187485	87005.0105279831	115795.749376575	355856.083554513	0	722778.922307223
494	906430.562751421	4436675.48292984	188045.960197862	135843.466112623	111162.006687345	100987.967791666	98591.8192135803	92485.3056380332	92157.2443729273	91893.2378182065	89754.2433108676	86851.6521473367	88547.9218695142	87335.4668049326	83916.8146333225	82960.730486431	80964.950897945	78938.1339709595	76564.6787012899	74031.9289392073	73757.5988772919	89894.3978431559	82171.4382037353	102119.571924799	257401.512754248	0	530505.663041172
496	770278.100123842	9878588.45700975	188909.311791464	135785.053404968	112351.499125831	100379.716663193	97084.5831644447	91950.889739606	91626.1240696068	91211.6280003738	90146.6287197394	86925.6884821583	86527.6606258515	86731.0710462154	84156.5172513142	82451.6849198673	80446.5607466832	78855.1671134859	75848.8768545244	74078.5607775468	72845.8614702068	85543.6058013488	79087.4869881919	92913.5987376611	201595.284268068	1124.02695035303	0
498	723244.068128483	17664032.1651273	193567.243681005	135179.908502128	110767.984884623	99594.7556900667	96406.8818896393	90975.0569780007	91163.523383672	90527.8711682736	89876.1525735533	86049.7723676496	86108.5349244184	86614.7929012129	83828.1195187949	82592.4114510598	80274.6921826945	78599.3653737264	76067.5559218297	73820.3255154698	72492.928430633	77333.8372985587	76037.8164002074	86605.3925026349	165474.638618306	886744.789178726	0
500	709326.05053656	22825843.7295937	197161.125859951	136191.547884727	111985.75592456	100479.009829796	95330.2575683935	90491.3695283921	90564.2430017888	90603.0517594144	89091.4041416806	86166.769534193	85977.1340612502	86602.5522226099	83990.6305373613	82626.0422894084	79780.7569617912	78619.0457501027	75885.6578372217	74722.3064027544	71648.229972295	70746.6347227832	75915.554437499	81633.6892004836	142379.285051922	569310.223750441	0
502	688386.911430398	24278007.238098	203554.721969783	139135.319344484	113871.280814956	100728.380170037	94666.6596507834	91811.8451620846	91080.4288145434	90958.7445602312	88562.2128042097	86043.2455791888	86554.8849321614	88419.3081899501	84400.7686000734	82300.16371787	80550.1253262618	79579.5385946703	76030.4063492583	74730.0029214649	70677.0675501557	69407.6937066316	79954.8371931417	77873.3859052046	125367.576192044	378533.923232028	0
504	680613.922312953	24626707.5941213	212714.480816409	139323.883959821	114356.255038227	100182.975936471	94615.6504181738	92162.7407307736	90704.9393770301	90892.8232336837	88625.9395233896	86448.2689757312	86045.5378889647	89402.7405561055	84036.5197627929	82408.6994826732	79952.1023569854	79558.2377000131	76445.26657922	75236.0265425867	71114.0662236585	69391.3031917409	86517.5306812837	74400.6232034633	113265.606121086	273575.204612501	0
506	671067.372927572	24612796.1359005	225932.124338906	141600.497015081	114366.12677976	101820.011281588	94428.3946970265	93261.5152674464	91255.8711078617	90564.8357501275	88686.4099893476	85926.5680526438	86039.0561940755	88762.3770385262	83716.4575177122	82623.8038699176	80253.4461372788	79963.7082022474	76395.5180934987	75465.7194263777	71394.4168396123	69694.0784506522	87579.8104996982	71857.3325285327	102944.133215253	212180.197838519	1097.81951305182
508	663636.399249999	22980260.1128909	311784.156990238	142871.568034232	115442.239099059	101998.437695664	94860.5945667201	94894.3324868443	91327.8608856679	90504.3319400043	88303.8000162925	85793.3987846448	85035.2223374153	87355.5019949849	83669.748710362	82494.6136267891	80413.768859142	79424.8917955326	76498.2406936382	74931.4470275301	71198.2781199412	70036.1179285898	80290.3931189938	70209.1773214279	96350.1114399362	173634.997867528	996091.353139185
510	658202.771654223	14787296.8286657	820131.286599168	146364.995118157	116809.690385268	101955.117992338	95019.6345628948	94532.3046866688	90677.2105099887	90647.5472213875	88486.2361470012	86064.3372667233	85918.9068291085	86128.6622403005	83727.9013177387	82456.2289924162	79957.7054843902	79160.3662926825	76404.1080304048	74744.901403117	71548.7344907673	69200.7098640686	71799.1135424085	69418.7623848798	90802.794588297	148832.858873733	618413.574120672
512	679843.91292466	2977461.93522025	2269266.19218655	152070.666964937	118332.142728246	103524.90921735	95713.7316092216	95064.7185148693	90831.7591713373	90695.2996601717	88081.5973472666	86440.14806729	85437.7991185922	85916.3816380509	83888.1995861581	82945.2339388165	80618.9220490794	79317.0574720745	77289.6872029482	75343.1026528328	72776.3025256319	68739.1369726948	69281.0509140024	71931.2132679756	86788.8852235408	130869.756788014	406991.961447697
514	669851.484907438	580299.368249823	5436969.4376382	160961.049550471	119366.106505075	104408.025889943	95995.0138585786	94193.9956757305	91719.7989392498	90748.5034126992	88279.2374033351	85743.0471869979	86254.6173836729	85973.0851989386	84257.1159066628	83558.5966295331	80228.731158716	79355.0529566602	77422.2808819106	75538.9971224889	72787.7948276317	68393.6273377083	68855.6345744544	77352.2288776051	83737.4172616616	117484.715203571	291636.315992324
516	674810.386834994	457845.108820454	10411919.0370003	166519.584362343	120995.022143928	105485.532791531	96277.5878971538	93054.5087880373	91382.6942971693	91425.3034370661	88372.6345707437	86603.9117820421	86245.2892551701	85706.3417221174	86126.0254671609	83794.756922787	80597.7405683797	78996.0485174221	78352.4914395	74922.1800313137	73042.6142696948	69038.856491236	69510.0062656796	81064.7456626479	80306.5981869138	108351.646571209	225458.983339272
518	668173.521065405	411471.538142037	13086182.7856758	173964.262805464	121897.104837811	106925.365603192	96941.4942516904	92101.0531978076	90910.3193686994	91219.9543112521	87953.6964049463	86993.8101142672	86061.5914610899	86030.434648409	87479.8282199153	84032.0427393167	81230.2949674241	79568.1576105919	77807.2084334082	75599.7272957356	72842.6759476996	69148.1798649451	69726.0146498718	78127.9189232618	77955.1931823217	100170.615166931	183584.720782324
520	661378.486992448	385397.718188951	10320569.300042	180059.840931942	123333.486013618	107461.425614652	97145.8963616623	92286.5027358348	91371.4195964064	91455.4202373912	88674.4966969815	86827.3213261596	86020.9407635157	85243.4837834895	87087.1449155098	83444.5491430225	81029.5746299373	79489.4526402978	77333.5076608246	76487.833064003	73102.7075292122	69127.1155727007	69917.4071695059	68229.9067802567	76331.6776015663	94093.5126389862	156189.679638721
522	661144.723139885	371164.418196714	7970943.05035541	186132.129218421	124946.596252181	108576.316669351	98150.013295274	92971.8180937762	92916.6143566253	91331.0974195545	89236.9705653537	85852.9054552335	85775.5186040449	86812.0814644842	86349.1361304252	83749.0132331333	81205.8914078625	80024.3825794388	77563.5709982452	76025.7981112558	72841.7107988659	69492.9444094897	68949.6025270992	64136.5053282648	75604.3285646869	89164.4325048265	137453.446465843
524	670162.659052603	363740.310283061	7374719.99340812	196518.111157932	126712.068032093	109668.952062511	97525.8551753064	92838.0120960608	94275.5166207517	91565.7511847203	88701.3983041246	86765.9026897565	85980.5489196098	86373.947350044	84740.121567569	83513.5256438411	81731.5825223276	80716.326754826	77300.9819597631	76394.3581621273	72847.5663930631	70098.7752515536	67877.3140522459	63300.976162204	80869.9978820021	85500.1903896388	122415.417689043
526	666353.402633948	356740.292490115	8336534.33606568	217698.953163142	130845.935551249	110722.136108621	98455.9308667427	93507.3019397576	95537.7135024318	91961.0500997207	88655.6663756313	87006.2514065504	86318.2081639507	86341.8438310066	84147.2377574355	84206.4009332028	81954.0415358003	80521.0350730498	77163.4167270268	76298.5250780512	72912.8672222803	70572.0083793018	68675.8344776478	63177.2605397059	89047.7503473135	82230.4422663416	113176.763937647
528	663315.830940456	346278.164304579	11304003.3948676	271390.71217787	135083.094501162	111602.164300676	99706.6001311166	94076.6184849068	95419.1048292228	92131.3609976905	87970.9636941519	86634.9149308563	86599.9104509062	86616.4947944732	84792.4599620513	85143.674481859	82064.9283011848	80301.5887921652	77476.5378540295	76883.0720713046	72494.3922756167	70897.4627143573	68830.2859686966	63735.2215315965	88911.7166056707	79924.7514889804	104493.750865569
530	663222.841180492	338695.895593311	13724180.3244482	721425.964214942	140101.085983112	113288.52693017	100964.734369538	94077.9265017922	94790.0811220645	91535.4707568593	88756.4417161222	86945.3524986375	86793.9579243965	86837.3805239589	84137.5485372628	86984.95691575	82399.3924602586	80965.2094112246	76700.9080160185	77293.9506586992	72660.7759558462	70561.6547059769	68893.9284777081	63766.5157785846	81138.1685965979	77760.3209860076	98233.8086110592
532	676815.139089498	341464.597018778	4942860.65092638	2226999.49188782	148107.645618489	114335.750682309	101767.630912216	94101.9361359399	93107.5024326759	91588.7202478851	89753.1084016476	87123.6016047899	87329.2670598669	87086.2545872999	84185.9016014202	87865.5012152733	82513.8361100191	80975.3147729223	77146.0523771634	76762.7431683808	73041.9158703095	70174.5471193633	69499.4878471076	63571.6882023481	71902.3527775098	75786.8840887989	92472.9446364748
534	684681.237133441	328743.778704955	625166.24378954	5221003.06945449	157216.442366838	117068.213806073	103158.132171968	95369.2563081258	91945.6727741919	92198.885472114	88977.9028482689	87121.3067788646	86920.4797182962	87334.6694378543	85058.7266829955	87935.0062825486	81846.5101964397	81353.8480687558	77429.2475329251	76490.0419805786	73068.9071679252	70160.2339667788	68995.9247786912	62637.3569132707	69076.349082182	77249.7458050198	88290.2352969276
536	687924.470978732	327815.096202001	427598.954215619	8573939.42191199	164460.042330559	117808.03608292	104393.852475019	95758.2421813423	92327.500055599	92593.174441021	89864.0067143841	87791.7740024599	86933.2543095631	86670.4917652884	84932.2732049743	86684.3572173895	81892.9170419441	81425.6224568913	77147.8214941871	75336.4600418187	73585.5616066507	70485.495256969	69883.5625995183	62487.5303578153	68910.3430495324	84280.0311354482	84904.9529620932
538	699490.688075534	329198.440236139	347585.26801461	7217086.33933723	169819.357731746	119846.096020399	104842.26123192	95492.260837686	92014.2298739	93164.4182415621	90361.1699264742	87783.7995999417	86832.5815476089	87208.2512948538	84863.602821328	85159.9371394919	82295.3003903256	81884.5745393596	77622.6987146641	75575.0531844267	73208.6893463292	69898.5397766998	70157.9161517765	62642.8923946706	69297.1290942607	91876.754114311	81428.2629034249
540	736134.906315545	329280.729481559	314652.199696942	2546028.97840379	177780.879862509	123059.274415778	105375.871384461	96113.1324342293	92642.0332518772	95452.5428227194	90980.5882088222	88598.2304092243	87527.5614012197	87630.501141183	84894.7371594409	83793.6231251207	82668.9194118373	82196.3309894723	77834.9663379845	75453.622422289	73891.4973762082	70578.389302734	70273.2077817585	63008.6400034681	70389.2103559022	87864.5678774019	78733.6043259856
542	774492.026432493	338735.438054983	296963.549374977	870470.100571087	187679.109115693	124798.157211342	107282.699158937	96922.91633287	92411.0248398675	97706.5188521778	91184.356549472	88200.2011858401	87516.8207157007	87838.125733513	85364.1734924003	84013.3376673952	84687.9052992166	82749.7024230604	77171.4950629372	75325.2513132539	74160.0316249369	70518.8275760356	70011.0116115434	63150.2759556982	69669.6890312447	78208.6820661772	77423.9413654023
544	789735.415635258	346566.896507008	282377.540617196	582935.270873851	202026.096281974	128325.511523323	109251.289010051	98608.3283917893	93013.9802934778	99563.3032501694	91014.616406588	88439.3263626702	88318.8878948622	87837.6358267459	85754.4979602186	84557.6970421693	86059.6446466355	82728.2471069037	77766.900334521	76132.8285087229	73925.0691631919	71277.4641230019	69724.7747033652	63301.3160185967	69052.1148692169	70248.8144351077	77156.4178048615
546	781541.7407121	352825.185135638	280268.686046418	732355.915677677	229233.659987844	132653.887457317	111021.162115328	99459.3769399755	94443.4961492219	98464.3686902905	91475.9985607469	89171.4930654571	87692.9939728992	88669.4544503401	85873.93294013	84202.1276772597	87331.6231649226	82479.4838109083	77633.6407325275	75873.9446952968	73218.9989522417	71254.8970668888	69673.3778013963	63322.547865045	68178.6568981275	69072.8611021422	80903.846517464
548	778940.76498095	348634.294483581	274867.332631825	1671635.06187451	322241.748427778	138588.23708287	112659.994272701	100580.445116385	94143.6330688765	97342.2776796426	91368.0886134878	89268.6345294189	87924.2449078968	88421.7425873534	85641.5516367709	84321.6441380564	86332.5488561242	82304.8435711158	78192.963452704	75936.5293717731	72988.7856715502	70825.9690411195	69568.2729448408	63492.1080725332	67326.5923361247	69322.1412015643	89845.5697186498
550	771189.908000742	353950.135916394	269328.158685006	5662381.68830317	987138.107890682	148107.194949062	114837.819008768	102570.956736552	95140.5921811084	94431.1861263147	92066.1841812194	89513.2032097599	88741.0333170136	87779.2132679685	85268.818991327	84396.4950954721	84366.3470486003	83175.7965317626	78086.0463272056	75478.8258920601	72169.3246940274	71342.4386781766	69864.4386235932	64098.6569938797	67872.0760404905	69344.1546058847	92167.7728512006
552	736206.400273061	349127.805794291	264751.387154581	8756532.96892858	2942111.96792027	162113.691018388	117984.256649343	105395.15811052	96085.3588588234	95024.854096999	93279.6881216798	89985.6010675741	88941.5949749416	88730.8436784834	86216.646792056	85413.5450101219	82630.9657556454	83410.8213437848	78373.0521520909	75387.0160619115	72245.743427321	71177.1283151041	69408.9646019753	63533.6465283068	68143.9278889045	69296.6181679833	85595.5415354392
554	748931.726446423	349530.796689224	255026.87103071	1229706.60327445	5880965.90003932	173460.064439557	122440.390833971	106851.132216257	96023.7454089406	95222.0285994327	94697.9637772335	90157.8329713963	89741.5022152322	88720.79894929	86606.7221151372	85148.6032872174	82739.10838356	84129.8834674887	78455.6898894384	75779.9818053432	72715.5844109353	72320.9624708072	69772.4159099389	63658.4469717258	68301.168495507	68946.8757549097	73914.1225986441
556	741976.189015439	340787.970992728	246070.554075586	506902.328137555	6600582.88091888	185364.250810114	128724.338479808	110600.05661527	98609.5983325272	96212.1827431093	97171.6638416909	90669.968463532	89157.1826311781	89414.6620251554	86258.2119947737	84968.3744597191	82680.0884459256	86501.2017478714	78602.7187628202	75281.3418265891	73246.4393031651	71279.8574974411	70378.302047642	63271.0767237756	67476.65322958	68166.5717261278	70110.587982358
558	738063.88998072	333317.413159677	240418.079291114	388164.3741771	2387808.17428582	193163.258253461	132502.232320251	114737.228747181	100483.32675982	97451.0958605553	100518.218912418	91051.7611005638	89436.3025874689	89598.9715646026	87353.4652056913	84758.2873979248	82569.0806940225	88527.9962542939	79287.930116399	76404.3424658871	73112.8783961158	71459.55422629	70503.21891855	63823.372314262	68169.0389740862	68112.4512042328	69148.7212673691
560	730587.988935739	332526.527339464	231278.339084407	327894.6236241	217121.094404445	198556.805983004	132692.763429192	115324.130541646	102962.668696007	98780.7080394795	101282.855324141	91456.6040896723	89531.6251403462	89307.0417971204	86450.9455779562	85376.5856062221	82355.1433752135	88991.8704628925	79333.1822691221	75550.3862581394	72835.6436906991	70429.2558332049	70568.4965213851	63505.0964108856	68672.398366428	66870.6807410185	69224.4442459208
562	713552.700844973	329781.054555146	229812.701307911	291362.708036904	29378.4741470174	206499.294737705	133406.662331838	116472.427461636	104537.326355598	99986.4397216295	101120.660108055	91702.5509787323	90323.2836490819	90122.3232857146	87608.9457659027	85812.393309841	83207.3225158537	87720.1033920458	78798.6498655793	75838.3082927108	73015.8256927204	70738.6601992627	71063.5217572166	63720.7427000537	69292.1593556863	67030.2516936452	69767.7185038889
564	708244.441884878	326552.27703934	224333.298437483	268944.406989593	19648.5551002378	227126.767768268	136941.743398939	116772.89915509	104237.819505924	99891.6491412855	100215.933636645	92293.4553053714	90824.8798817966	90314.3679111217	87692.7855583024	86448.2017172512	83175.8767605749	85295.3739022825	79812.9078069919	75811.6990321936	72739.5784676426	70492.361625856	71108.4567209284	63152.7830358873	68635.2993837344	67491.3646983566	70249.1439209254
566	697896.053018947	324353.594869818	221646.685263257	253473.639441569	36228.2771113704	271109.614676222	143798.725507597	116758.154674926	104981.470020547	99480.0861095816	98727.4429907073	93453.2301484846	91272.32049045	90882.7959616854	88027.3135298155	86274.8103476731	83398.8304161584	84555.0130451211	79477.8372143734	76664.4314882892	73892.5550789522	70963.5975711929	71780.6458980969	63754.5328160465	68106.7813939718	67037.3656293631	68741.7343968747
568	702423.462398132	321281.702907785	218976.639904002	241522.768947563	201648.661804322	506361.889132749	150650.08472562	117066.734317065	105974.128414396	99971.8664491898	96574.0030144591	94026.2321733379	91732.1496511171	91080.5017933569	88298.8018324125	86595.9251840458	83664.8189070107	83821.6942582188	81122.722237752	76858.4701740669	73304.1967370839	71046.9158997049	71471.6906169535	63546.5252141163	68268.906059188	67021.5242194029	67676.7759422428
570	700917.375166726	314416.965598255	214556.389547326	234339.769049105	2340331.72885078	1783818.32666981	162903.915903029	119063.178700356	105710.221039491	99451.7457828364	96713.9022435011	95530.5105863216	93369.1018390001	90164.985259365	88487.1483314973	86409.8905949933	84195.4535641311	83881.8214257436	83761.6608202387	76457.1530684576	73364.5338290652	71093.082961007	70834.5819054461	63891.7822253394	68303.8025512098	67373.1738291439	67194.7959085495
572	682155.702904082	317452.764037354	209172.034554466	222772.147476162	7361221.63836072	4392149.50551038	172882.772709795	120920.635826665	105815.26639551	98640.8920830437	97016.8324164406	96825.3197575383	92286.1638905774	91567.6477637465	88651.4408390505	87676.1636563332	84181.6936481786	83937.1799490414	85291.7869472209	76556.9616538971	73505.1346913359	70947.4947831633	70174.8747589543	63992.4221797756	68606.0950241194	68158.8447240993	67146.8897693566
574	699327.935193686	309010.984751596	205852.991153773	213983.26148923	1043730.28767497	6095940.05885575	181324.248518586	121334.256903193	106820.289670755	100183.221550926	96249.6481322634	100316.727755939	93435.8268124051	91699.2258298973	89255.8370536748	87862.7582414279	84990.3248286338	84495.2296866902	84744.8587932403	77416.1901359875	74014.1133407366	71463.1515944081	70449.8116370028	64763.5802991404	68420.9675480303	68214.6116856486	66588.6165003246
576	681425.591649934	309677.159686135	203554.004512355	203993.258513025	510992.704425947	3023016.12836054	187920.686290429	123809.673910429	108558.078795517	99840.0923062779	97107.2042989547	99487.9415040082	92312.3503735397	91304.9307413645	89538.84996281	88614.1042043487	84847.6234636575	85097.4677674745	82319.9692419006	76861.7186930279	74041.6426718649	71520.4291121756	70585.3634942248	65191.5864692511	68497.3165495976	67789.9770181922	67238.3420236054
578	684715.166804812	298864.620955483	206777.290140276	195090.364084878	381180.218324271	217079.04659919	193139.836163925	126419.337182339	109959.555894628	99363.7943930182	96624.0663485571	99152.4444049338	92686.5729870455	91763.9963694816	90343.5395274705	89465.5681584309	85486.0535034222	84759.0242404397	80918.0492732025	77152.7118750032	74254.0894019426	71967.1812173675	71261.6119320853	65649.6555346393	68642.6963071425	67900.0850681999	66934.4322867869
580	672616.018147484	302630.969262023	200549.451055305	188416.085156936	317842.742359691	3758.7124562387	203739.285462664	129875.964392672	111330.08385087	102011.228701343	96887.3290836233	97179.7179083781	92429.4347122085	92081.0131494984	89978.1982101495	88630.4500905484	85859.5932356369	85365.0149725121	80585.9500804368	78221.2272130995	74747.4950021858	71980.5118867724	70941.6883963949	66245.8404659832	68773.4769128035	67460.1212536496	66467.8104097669
582	687297.596942698	299457.743524853	202034.543684065	186839.342381752	280845.662986606	1231.90853046237	217494.119348131	133740.735236732	112432.909828912	102517.6331942	97613.1511787513	94920.5222397582	92107.7049195663	92024.0512621448	89844.9957966302	88111.1554204592	85665.0060316207	85518.6734884612	80908.239558918	79428.4463346064	75442.3887774526	72135.7416979343	71571.3319230453	64956.0325804458	69117.5453730937	67922.1153975058	66542.2781394596
584	678567.820575408	298028.748534002	197400.009827865	182842.750873094	256295.902026404	1533.18705216793	249282.775775776	138998.34492717	113934.113134386	104931.915055168	98595.8147671311	94379.9973038612	93087.0773189372	92649.3953347635	89873.7684404999	88471.1294249378	86229.1991337525	85695.1595976152	80232.9349637023	82500.3147728272	75547.8623116839	72397.1769922047	71487.8158827589	64452.4407986952	69025.950492543	67593.126300978	67123.8734187031
586	667586.395700468	292799.658846671	196023.556624945	179060.870929389	240451.11473793	5126.72305557431	306730.988445508	148952.289365464	117124.409987498	105913.113484521	99442.8290295896	95475.5044993056	93669.3670541856	92525.5228928911	88835.2351983193	89109.0776502435	86520.817601848	85890.0848903351	81049.700636374	84464.2393375245	75461.6012028081	72353.0207947764	71612.3308659085	64535.302905547	69328.611579617	67349.5201705419	67218.3139240337
588	659497.894624095	292492.849136206	196253.68690792	176584.957924126	230631.657727705	68766.4054132362	672068.171308659	160108.681109021	117781.404281814	106629.232520655	99629.3832359241	94943.3607682346	97198.3447582231	92960.2226398986	89479.8921040428	88377.2181322854	86144.5919652165	85496.0182692571	81211.0821430221	83961.9973512633	75747.6513874161	72786.3149283853	71249.833426076	64752.516753294	69261.0478462052	67566.7783280464	66866.5466718729
590	670991.271626133	296948.877743912	194942.088862537	171819.553288285	220927.013493536	2252000.56355329	2405061.05949143	177503.152656666	121064.298308937	109354.1073373	101312.849812356	95657.6804182745	100420.28132215	92366.2503541931	89679.8721910685	88792.6627308889	85999.3547028187	85662.5906485547	81768.0935644944	81127.6030920047	74840.5603677792	73560.5014059957	71678.897406545	64034.2581184875	70687.3391726886	67387.1414538935	66399.4092208616
592	653816.503315114	291511.653542207	191213.907178681	171071.063670118	209804.88985029	5377334.95605651	5084456.82472394	186063.371457657	123829.832118072	109414.543259863	102622.836473683	96089.9754386028	102135.276884669	92554.8709544153	90556.9810995733	88100.9832115312	86022.3783064657	85069.1474631821	81391.0699316888	79351.2295974727	75386.5414948176	73862.695966742	72397.2328794759	64934.8677400187	70756.5782724835	67447.4015417604	65955.3958839523
594	652034.267896783	283990.759701177	192941.021494422	170009.218326458	201220.022638723	802237.0189885	5148396.89068388	193404.493096268	125238.51018486	111873.400060707	101921.393937108	97112.4438008458	101316.402974508	92303.0113730552	89738.1445037502	89277.2862147647	86048.0574268116	85665.6234595834	82118.7529005243	78402.8914942047	76141.9093786521	74056.4395119489	72029.7560997438	64515.7421314638	70146.3705699789	67952.0145380251	66327.2681340328
596	645616.015281873	294107.148402321	187734.612402047	167666.587727021	195360.125323717	503809.303721834	1203883.43015562	199888.43106322	127845.321611605	113598.812739916	104012.908140421	97854.9045317293	99855.3237405255	93171.4613099102	90557.1748065468	89559.0565248671	86082.0373937111	86022.370356689	81518.088087128	78727.9026953628	77834.6053960589	73863.6124979438	71846.784794187	64915.0501393219	69214.7129285872	67802.1754458948	66246.1750983797
598	653251.501280218	296379.597804987	190554.977744258	166996.856570548	185084.629112265	380518.556451795	19953.3556536808	205347.960979086	130642.710797744	114603.55168403	105915.591032092	98686.4107886537	96928.0890428006	93553.3871637342	91176.8278368583	89467.7100805569	87462.9715036221	85776.7328071986	83212.6840972792	78081.4070148193	79867.1920653588	73226.5838354392	71905.456412357	64857.0552722804	68708.0617286766	68008.8757262842	65740.9145295673
600	656927.406062186	287295.954877402	187112.505337956	165601.305736381	176365.296518061	315334.910634932	239.606719401083	215193.658950675	135259.727745642	116763.845247139	107859.019512999	98811.982258458	96296.8715841321	95128.8365050187	91232.5225860206	90610.027303285	86810.0568505158	86262.1286539341	83093.9751710346	78306.7858303894	82045.4978546779	73266.1001046621	71668.6117212442	64932.194800172	68524.5220701517	68132.3771477824	65589.9398167996
