Wavelength	240	250	260	270	280	290	300	310	320	330	340	350	360	370	380	390	400	410	420	430	440	450	460	470	480	490	500
nm	CPS / MicroAmps	CPS / MicroAmps	CPS / MicroAmps	CPS / MicroAmps	CPS / MicroAmps	CPS / MicroAmps	CPS / MicroAmps	CPS / MicroAmps	CPS / MicroAmps	CPS / MicroAmps	CPS / MicroAmps	CPS / MicroAmps	CPS / MicroAmps	CPS / MicroAmps	CPS / MicroAmps	CPS / MicroAmps	CPS / MicroAmps	CPS / MicroAmps	CPS / MicroAmps	CPS / MicroAmps	CPS / MicroAmps	CPS / MicroAmps	CPS / MicroAmps	CPS / MicroAmps	CPS / MicroAmps	CPS / MicroAmps	CPS / MicroAmps
300	5567093.98845658	2878105.18162852	2175766.9842722	2286380.19125199	2508635.25597399	4860481.87850266	0	5340268.275954	1976107.61417989	1488370.83111675	1090216.04020016	934042.340029485	874948.62934942	811150.26205695	739303.406938064	699255.182436144	629977.701176433	608695.388127526	571624.603519471	537697.287528353	515372.821642904	475036.894371614	444925.485679085	456721.143978275	377550.821538154	349672.574632366	327957.29157501
302	5533337.81779225	2777491.5745764	2108041.90108402	2100369.00948666	2329286.39964574	3963134.10022363	0	8214294.05366293	2146690.93912307	1421027.5954889	1089452.96202071	911966.935069837	841189.740383831	781174.204397834	704909.805214076	668615.443356746	603947.274831016	580541.423146887	544037.236588755	508676.292583064	485461.632480763	451637.250039412	422515.619943775	402078.344392986	363087.363529621	331402.074997262	311576.345677436
304	5398516.37659449	2717652.41241388	2039050.21961363	1965078.98213974	2159273.56053858	3196364.07234212	0	489.941675213566	2372108.55851981	1396810.21901309	1126103.04868996	893587.521342356	810966.064805333	750543.266146121	672542.065207926	631154.320824966	581411.046312977	549771.898666688	512553.290988154	482075.582679099	455648.549414881	429860.340077004	396009.642743416	348064.208678082	368098.516228832	314641.354649756	294160.8967493
306	5364467.85524425	2667499.80886917	1967448.67022344	1865208.54251291	2058187.76384198	2671894.49203225	487723.075880868	0	2709957.81977798	1426968.89315794	1188389.40416196	874228.792473966	787989.816377351	734196.748732677	648485.128685489	599812.39735507	564265.184284196	522729.721523721	487510.074984385	456857.763128589	431280.060949865	408427.076419854	378357.787034141	326546.335365323	391285.967650805	297538.27891873	278793.162987546
308	5385578.43807535	2580244.71633111	1898064.00322295	1784789.9001832	1965737.5003992	2323676.30031449	6721657.66985374	0	3232811.74105921	1491763.68676661	1209361.12712346	867471.196398617	768131.813704947	714348.869887566	624416.404851998	577545.311826913	545418.873192837	500044.704951876	468257.465835668	438567.670375553	409539.418463447	390060.886852367	359225.820331466	309022.096877902	354262.525212191	284871.132899329	266341.794874917
310	5276396.60701559	2526358.26719188	1821007.44551769	1684107.12427903	1821960.55100053	2062791.00184747	4483276.28482539	0	4056449.3427729	1583493.79061382	1158433.32160471	861016.046526567	745796.122806584	687475.071854479	601555.422628361	554593.741513431	521800.214361605	480862.404324839	445947.182654049	416334.840405379	389018.074732927	366009.41312548	342058.939558386	290977.298605557	298723.699094761	283316.405862776	252291.786718613
312	5157214.47480404	2487092.1746602	1748256.23793274	1600326.85553984	1644459.50853339	1863456.24182507	3285928.14267395	0	5185270.48714213	1713223.55632845	1112972.99347553	881572.225015845	731027.811964324	663737.011084102	578799.711572751	532730.438200169	495317.231028776	465409.461561977	427986.761119993	397429.956419823	371285.359571763	348123.027818148	327007.184305884	277748.639269372	277894.312991821	306800.309148624	240445.785305264
314	4984599.70215794	2388283.02292256	1679929.5561789	1530198.94047603	1511715.57557964	1702122.25093775	2580978.79758772	0	64.7443809383159	1890018.34876552	1117692.90269728	932079.839405511	713909.332171768	643741.471473356	562380.501204106	509325.621239156	470582.283375761	451522.412633263	406102.018098524	377341.783447987	353222.677873935	328886.932427021	310952.358572712	263532.11341342	262080.622452907	294518.226711421	228962.741292271
316	4926159.99000974	2303378.37204804	1611312.41405208	1460910.66485414	1425183.94845433	1615084.77635023	2147800.54870727	114333.436838811	0	2146026.24677848	1153727.10845038	982537.457921305	706521.610782207	630950.569336902	553760.463269632	495394.768641054	453901.781462975	437584.639623912	389189.437852823	362801.425147693	337816.071652702	313614.075674234	294811.228305464	251548.857996112	250419.966566247	245773.606131778	227012.416741596
318	4891919.05661109	2256762.76069666	1559559.04075132	1413818.36575089	1357224.54397056	1556955.6094554	1880480.86886513	4862932.06889297	0	2533223.3807908	1219734.77981887	965149.351304128	706550.747691494	620497.385370021	541509.227439804	480581.354350404	442078.014023374	422077.091452244	381796.301419846	351089.921822643	325635.747504202	302100.28166731	283388.027424559	244358.585628031	240884.908821662	224719.665513481	246695.732148089
320	4827064.27836652	2220270.14016196	1518211.3061561	1362996.15827335	1293229.29889297	1458587.25606048	1660809.53302921	3566090.28910227	0	3075510.22233213	1306324.02791442	919598.703434832	719732.772072068	613756.222174222	523939.770584168	467073.127877906	429211.810133094	404067.837203138	372874.589030637	339715.615237075	313168.920768148	290389.844201186	271711.968151301	236821.930957074	232882.258077409	216229.728626014	252669.791412963
322	4766312.79876961	2223337.46414419	1492785.25149834	1327543.7536618	1248231.8986099	1347478.48608051	1520328.14519593	2725551.53573273	0	3571883.20542423	1447768.42229829	921211.312088222	768827.999163318	613237.039212979	525123.659716623	465223.765444542	423063.725568574	397556.43686239	372044.613703357	331061.035584143	306484.336096051	283859.718622734	263389.53194931	228443.677441639	225475.078187593	210349.884861301	218594.483405258
324	4711758.49104888	2185765.39908803	1463732.31284055	1287024.86612726	1208310.04554606	1238941.84116889	1401712.58113398	2189165.17631331	0	65.8975679658698	1630047.2648378	958718.22785776	844619.680292401	612838.978153152	521265.682422611	467142.111732154	417459.971356006	389578.202144289	364139.64599383	325094.545172185	298762.142992467	276118.588292553	255443.121376062	221512.855891232	220837.822054197	203824.947801284	195000.597091316
326	4635117.62044119	2135824.7082187	1441115.23054189	1236098.67654499	1169348.11235215	1179242.62937616	1325443.91399529	1838710.29564412	257.189957178249	0	1868738.33037374	1003615.41282662	868916.882722979	614025.549221248	516525.257016867	458074.369607016	407708.728953557	379187.54644319	351805.11025448	317151.362826453	289351.825358504	266715.857872168	248217.995980943	212951.220491462	216600.377742356	198363.512121225	187053.236911959
328	4606157.71406805	2093839.46039618	1399768.10765249	1206979.58988849	1130293.02873313	1120022.02692785	1280011.7000018	1587168.45456326	3617641.83978287	0	2175546.82350878	1063449.15423441	827057.600409517	620024.989491134	512719.709001796	446782.336721906	396941.218725753	368116.672480725	339326.003336111	313185.331768128	279192.530650799	258932.135534374	239127.544570847	206202.950510051	208201.943315115	190967.945120126	180725.676058773
330	4550588.63209488	2054924.60763491	1358323.93774184	1169830.87014858	1086982.5256987	1056547.12481155	1213954.2545305	1398500.59209419	3002424.05303883	0	2531310.24485366	1141682.832115	791811.318399351	640426.903605285	508729.70643527	437978.610265661	390618.691754071	358783.631997477	329438.736238533	310089.362463871	268449.231185948	249741.529693628	231396.343034875	197623.360353538	199604.038956152	183859.293307917	175519.811165947
332	4482390.61218475	2021738.40366698	1330631.71223386	1143938.78736349	1048422.25552012	1006866.42098108	1118521.52667743	1259362.0170376	2338556.42127498	0	2157166.08149732	1254096.86540887	805276.624142251	698557.741487547	506488.990506358	435120.927503806	390565.082445776	353805.125126986	322680.743016897	301952.703650857	262351.8001771	240614.395078745	223479.09680952	191769.876293591	191909.577280652	179797.469356774	169584.675756272
334	4416263.74732264	2000181.69694204	1300752.79956606	1101893.46958644	1005050.13570707	963597.596745922	1016388.30673202	1144781.42724556	1877081.67107783	0	0	1399098.01157967	833814.449065447	750902.986628867	504491.812416179	431918.421463606	384280.635117942	344973.494953408	314716.429106797	290663.888141719	256552.752628806	233536.084646879	216333.932217475	185269.065266081	185015.476277818	175309.607800121	163076.211049248
336	4413628.00504578	1971756.89111234	1269302.02399594	1067938.9547599	970320.80470552	928837.614728683	954041.124017207	1069651.25635549	1563992.72379441	0	0	1592545.35593686	878526.752566237	744100.757135147	507420.044568269	430920.916043885	375825.27725406	340327.616357919	307938.954624858	281228.198614186	253042.803438875	227831.488784798	211044.687333696	179197.503960535	179373.596205791	168400.895841206	158022.416737056
338	4334857.09433033	1940926.08514186	1254048.80578644	1044113.88329821	945295.975315455	900039.305233064	915211.506094033	1033083.40469168	1353657.34120675	2437215.71469637	0	1831419.36600356	938714.08640407	701948.940787145	520735.850884848	433126.265641964	371569.746861456	337680.01655641	303741.609201154	277975.948397027	254031.468751433	222691.254163465	205918.547522325	175533.523229818	175088.619277681	163892.693380545	156052.315652064
340	4302456.88378894	1935726.92643211	1231397.0269112	1020721.20064517	924727.317662676	871118.112851355	876449.333970859	996990.6058837	1196210.25199238	2441178.12379402	0	2023988.65717507	1018488.46562082	694220.705190671	552107.520936182	433450.117794676	370399.9583841	338183.624776931	300002.657678794	274031.667772268	247831.632993723	218392.16416422	200687.364044451	170612.90019861	170639.445271299	158940.778658112	152493.118232936
342	4306919.86853506	1918094.13297312	1226446.78454152	1002465.89481558	905688.403866187	848946.229741577	832479.92023643	941606.504555068	1077279.1098174	2028130.1230521	0	834176.769952942	1127291.4269189	722055.7739579	610825.539281917	437200.722885702	372492.995485164	338946.71204551	296531.344757346	269321.552329792	240804.195101259	216741.411129793	196191.408083233	168121.54567039	166760.759439255	155239.252131619	149093.687794024
344	4298192.15428865	1896027.47175318	1203718.36097671	986747.905386277	881219.519063793	822032.487101404	800414.781822382	862689.934772834	984309.791250195	1665129.06150653	0	0	1261223.21965362	756153.315052231	644457.32728296	442417.719658196	372337.861350789	333696.464856645	293477.881570572	267203.844343868	235399.236692997	216793.249283814	193018.454358371	164371.045425016	163700.805335897	151837.234233236	145235.381842145
346	4268946.8732522	1866511.25106958	1188382.52713636	970524.410166798	860659.441239762	797100.714761251	773038.276856946	799052.752405587	911196.305720475	1397998.74217374	0	0	1421301.76002608	797539.123441194	624614.751029814	446787.80570747	375426.966183974	329722.989701455	291457.337935734	264825.516191906	232831.112688676	215599.949206734	188751.887537224	161363.917654835	159867.215486623	148005.695961343	141119.351140502
348	4301995.03840532	1841657.41667325	1175580.9723562	943446.887139587	835189.263410161	769405.46817072	745142.165500611	760818.068664407	862093.368170078	1203418.10754555	1735664.82629004	0	1582852.91354748	847917.890976245	596950.081623483	462461.068227963	376401.44083661	327907.861006928	291846.909526532	260860.111731085	228500.067945026	209765.997903168	185650.956748917	156747.237655143	156458.957423392	143641.828400634	137148.895048745
350	4258530.79175119	1810545.55283578	1149533.48363065	923318.049241736	809613.546246164	746156.980950546	722727.196079725	727213.520378384	838739.802442725	1055456.1352787	1889028.99242303	0	1612584.8465836	915074.434394323	601182.449922068	501964.91108293	375642.313409147	325810.480375105	290675.70929144	256694.707977179	224020.417091167	202442.265331254	183639.995962576	152507.137657048	152747.844170366	140141.083697319	132739.888002204
352	4258033.68302408	1805525.73598354	1140132.36297157	908813.933884591	790969.467281159	726256.895093715	703390.784585864	695455.643330062	803422.328111478	945525.80434291	1654352.80346825	0	313641.869629522	1004512.54555619	624973.007541049	553870.252648926	377932.32745381	326369.898942692	286420.474487738	252810.633003415	221069.629018573	197765.159250689	183272.576551123	149506.392001097	149399.440500149	137124.435346424	130470.529520007
354	4213184.79314081	1772019.69680693	1127891.38343567	893674.303165005	775815.483065979	706748.039251215	682942.612308664	660334.049666727	746424.80581708	857131.1444894	1389758.32497052	0	0	1111554.17730262	651484.346071329	558178.89178047	381956.438104095	327865.25685835	282818.56495089	251505.809587867	220207.157591541	195317.626508589	182083.415708992	146565.343531451	146252.202112716	134677.639461626	127406.877828204
356	4162676.30246966	1751709.78928446	1104116.77924672	876230.859937083	756394.981882059	691026.907066845	661609.313203464	635966.476367401	680283.631340927	788315.817694746	1184715.15681218	0	0	1233018.26759049	687233.599067992	527087.904405437	393146.357395371	330867.040750186	282770.004887683	252302.647188183	218044.740835023	193107.654423334	178258.829665084	145529.392212352	143349.873917551	131974.690266444	124457.85298815
358	4107688.08485407	1747280.60474599	1094891.90269737	865740.53067334	744026.44434108	677141.003283091	644974.832116416	617315.573927994	640398.661538581	740725.017338005	1036352.94447816	1184880.80576078	0	1345578.92671908	733588.079649496	515619.553494191	420862.341883963	334872.856919277	283685.32878853	255208.421416661	217387.262311454	191415.714413449	173381.455330802	145567.286715455	140705.64958781	130171.119251884	123188.801732892
360	4085592.55469888	1733274.55928922	1070818.6420793	854407.092964052	728262.006999255	662193.556113625	628574.679319999	601762.855286255	615308.916744815	716604.081530105	917559.163780037	1468233.88152099	0	1301631.97870303	792240.037042076	530600.323833528	470398.297182591	336975.525070106	283482.313208085	252348.328405517	213999.067564544	189041.776304048	170649.81006212	146184.670285217	139044.906088105	128453.905601808	121517.047962082
362	4054130.46547089	1734593.72529248	1053290.04013975	839926.915747212	716664.951501341	649234.397133496	613004.368564273	589085.149375373	593043.014772571	709234.158320262	827561.142091857	1376539.77848269	0	272562.340440464	868688.660770034	554591.368519998	498092.067929357	342085.145539624	287338.943878145	250063.264064856	213558.390423997	188302.542154142	169347.505331317	145600.363583183	137872.369729712	127128.609099986	119749.975080779
364	4032485.06025023	1720327.28331948	1032706.87876453	828949.152528836	705599.625363613	635431.795731866	603380.244683083	575675.358590228	567207.744530761	676628.615480961	753791.176049416	1193145.72327368	0	0	960163.30911608	582090.902655946	479275.589101139	350881.174517321	292220.772779577	252109.570200205	214739.88159984	187969.752944682	168781.679056895	143324.123355718	137152.936531251	125634.947947932	118797.990069658
366	4020593.6495761	1708139.6690033	1026285.69373339	825435.702117511	698752.359357671	627825.067793991	594922.519942891	564821.457148873	544668.229558347	624162.876435608	696863.970433495	1038634.84870773	0	0	1063166.7654754	616489.082434816	457826.803291634	369471.963510267	296627.526986149	253181.343206995	218826.924162658	187087.487410648	167590.391896061	140203.682201015	138847.1067282	124897.502565707	117412.225675418
368	4033334.30688447	1693843.31837559	1023447.57978579	822119.005849211	690212.179070314	620537.205058497	586812.212708402	552771.758532504	530513.500742008	574905.867454853	656400.454620575	917238.07733138	874423.43800976	0	1148060.40807622	660907.973980063	465520.622489078	414616.892579568	300619.351634385	255394.603980994	219414.431249796	187227.543841002	167382.687994201	139656.527617811	140637.582042347	124002.008532203	116657.650461351
370	4002452.6360429	1679557.28412083	1012205.50930706	811250.051913652	681236.412621459	611485.430036411	578510.872989046	542186.824635535	516474.169895664	547752.299914954	634267.464653173	821821.862365808	1209158.14732779	0	1099551.15608193	715434.287137351	486974.071776012	460564.275644511	306219.355188864	259152.234320457	217260.134122072	186339.707261528	167462.231444301	139285.786667507	140502.651591869	122409.218497282	116756.402465083
372	3981164.8352792	1661272.0796808	999124.89277085	797901.409096034	671849.477516241	600454.638658963	567805.314298428	532387.308194788	508556.367246867	532500.406418884	629673.207907619	743195.964548163	1205789.14918513	0	427390.017756528	783604.755729195	510798.650220525	458267.962819314	312851.138498539	263120.62683437	219730.269766538	187883.749748238	167891.413156246	138575.318821567	138091.6441486	122781.474629586	115362.951477462
374	3949436.0061347	1645052.31187205	991935.54793243	778835.443842331	665666.657761933	593468.581451348	558169.053010263	523326.498635613	498122.918019784	511752.979148877	616632.996583341	680494.968661956	1080997.30100541	0	0	862200.338804624	536756.289599504	430495.776369304	324102.606179866	268452.562511247	220785.663234746	189809.056053247	167969.326276395	138014.520839616	136965.51507293	124235.64441017	114888.103610428
376	3961912.38417061	1634385.49241373	985597.108366823	763857.381966862	659935.953956682	591114.48310443	549860.691775333	514404.057233196	490090.885158676	493050.443581568	577461.831539491	631969.042835502	951709.427419379	0	0	944731.382584841	570791.234841147	422677.505245888	352678.402354549	272543.008836198	223451.644517062	189939.334717859	167211.422912318	137550.922860572	135800.00376017	126186.505415512	114226.646823287
378	3947895.05927426	1631307.37797006	987425.82474902	756588.208080451	655317.16481135	582978.291413469	543340.658402865	510278.086612063	481833.470950038	473965.89607619	525211.374229319	592485.581860297	846725.899192795	648232.124705832	0	1004034.24801971	611832.85661172	440763.141457913	405073.93223797	277455.468862653	226336.563108073	189426.509977846	167489.055783855	138470.402485774	136164.523535962	126176.819653078	114278.928763402
380	3935697.24506399	1622865.00773087	984268.475491311	747299.050615656	653206.130391937	577469.962030245	537721.93412968	504581.370100538	471812.821755645	462076.821777893	493988.631002202	568206.800997872	762528.800555364	1002209.47802471	0	928635.368503513	664010.142984639	462167.522136099	427843.164884712	284042.482872065	230021.284020875	190181.963118134	168591.140388307	138947.511079568	136723.747462145	124778.714600509	115357.411256349
382	3990110.33667629	1620280.51559736	977213.898772464	745436.234023168	658258.542227037	578687.681599426	532289.220738621	502178.715610301	467681.476647894	454890.843312527	483545.551273328	569198.597170824	698326.924233239	1084794.42178321	0	386430.373923824	733129.622438471	487715.284408283	411255.601064509	293478.792385571	236716.975367854	193480.171045151	173026.623369759	140305.28195399	137594.114423738	124163.321605581	117189.79043275
384	3990555.81844142	1607759.47976493	963204.431569397	738395.59285	650668.099453566	575541.829148332	528030.071258501	495177.996825812	460899.075675586	448656.860994477	468504.939590914	568532.411262577	641624.340235475	1007980.36986873	0	0	809885.215944831	518036.998390004	388396.894615059	311930.664963624	242206.458727714	195961.829223627	174200.631573575	141148.457026636	137210.089650851	124213.54974721	119195.533983794
386	3962325.5678753	1608073.28628823	953863.260518182	733709.023454828	642198.625899672	573432.602597917	527117.82159227	491825.417634663	456830.753074862	445303.393494698	453827.227978197	545439.669487135	598327.804780571	906998.058610083	0	0	891412.113404287	555283.91696278	399147.013343378	351936.147523703	248055.424252428	199346.036701262	173978.170410492	142383.50357306	138886.114945656	125373.182254706	119923.779670007
388	3994538.99831536	1617925.38942376	958213.015585258	743933.507447196	634345.657523124	574882.24727141	528234.035165663	491336.915805891	457054.298218149	443546.348720595	441622.967929658	504613.888084344	566267.457124939	822062.363755081	386193.581088085	0	939789.638868274	603541.015412972	422685.076136524	402916.292061304	255899.845656012	205137.68743884	176209.185308745	145633.901412121	142035.10156946	127021.990161603	120054.095428494
390	3991980.83218111	1631241.38914553	963388.948889754	742097.475899624	630818.668848017	576691.881370099	529290.191615695	493014.776502485	457747.23444455	441000.970158743	434658.60183609	469849.785302606	547780.228476957	751530.568974359	818250.258951955	0	829347.864022771	664385.055622499	450150.418429199	412819.48502489	266275.328688515	211965.814729027	180813.739975942	149911.33893076	144653.39505638	128925.666900129	120232.145702561
392	3996846.85872669	1653140.39626919	971213.310307368	748746.304163534	630775.474770661	585392.45902471	531985.16373838	493247.693857979	458632.884389648	437525.579149185	429678.833471351	457694.224887754	544903.186224709	688477.066934776	993745.458602033	0	181211.636501364	737185.763076641	479692.698688296	388171.227638844	277839.257565284	218553.828414189	184970.209871512	152698.350043047	146280.556511317	129976.275284137	121582.27903309
394	4061621.10388002	1689698.73245236	986954.703389852	760212.12531141	635108.273100843	594171.642716459	535036.556088946	496780.27347659	459849.935607032	435988.643505661	428288.071941768	451924.804256246	557173.070948816	640003.327477182	971247.436202993	0	0	819806.622031679	514739.693057063	381925.203778097	304940.606813647	225219.766681336	188371.813041421	154019.492643912	148631.701360669	132869.098409579	124178.135036836
396	4070928.7757022	1712044.03988568	990485.108493716	760635.505625919	635686.037514296	599156.037647653	538668.316181765	497744.065221916	459682.610942013	434374.160473835	426064.678716835	440215.924414018	548607.601107993	598943.640914503	887967.937223098	0	0	897423.726146074	553106.802325716	400670.703247686	353189.153827904	232002.994433758	193837.118530881	155507.648201401	151611.494848898	135191.251099549	125411.10790937
398	4018562.26075273	1671958.94371312	976271.087850437	744598.205633401	626465.583704769	589219.716687353	532123.124429182	492967.471416679	451130.3652848	427956.031663848	419992.051170404	423646.890947195	510633.247567659	559646.502617885	800971.722709146	272453.210682353	0	920548.410332128	595422.17263474	420697.526419928	385497.81624786	236811.727709455	197396.016409305	156607.717775696	154407.279493265	135644.928558106	125331.504880999
400	3913051.00722527	1632669.38223283	950199.597359178	727542.408027947	617933.471632422	572792.3102644	524539.981151079	488724.618315467	445831.526961794	421423.958371219	412236.500957682	407856.812045371	460790.364089724	528189.809331648	722794.021030162	701026.128311135	0	769243.037042671	646551.301127237	441459.945668447	373292.017029318	244064.226558029	200700.221386772	157792.839936611	155891.538928168	135254.362939592	124630.619234229
402	3861315.51434045	1608392.81636752	943055.734138518	718411.561693014	615416.69610591	559802.925184032	521595.352970633	485705.542153484	442356.517901633	417664.648149134	406479.971162404	398732.337816927	434590.830529199	514432.725026068	659241.910030298	904275.160954142	0	68821.4318801066	713838.60240489	466356.418319667	345966.368004897	256992.010439187	203585.758330485	159193.3232534	155034.816541425	135633.932701033	125044.377170685
404	3864414.44659766	1595429.82895516	936877.361604524	716302.728466377	611796.206450248	555048.825679031	522732.065712071	484783.959839651	439333.142300457	416018.950392884	401378.537090356	393383.604253214	425952.541982121	523296.551271659	606341.031724455	899753.037048573	0	0	791199.998291809	497387.05302816	347577.121703128	293018.193914196	208476.134216769	162320.072434237	155129.789041561	137705.588961542	126138.69947534
406	3875513.08059814	1601947.69869533	938111.71171705	716403.604578949	612509.766579117	553384.004932178	526514.157093839	486232.055299453	439866.893386674	415468.041703241	397665.691934279	391621.665493845	416335.988046564	529404.784051383	563972.876840519	826571.554303589	0	0	864010.877091646	533093.106070179	366207.032412773	336888.217832982	213913.500704721	166826.818156809	157203.164164364	140307.893361767	128087.618923025
408	3895427.6496465	1597731.67444061	934183.453534214	713962.440173697	610826.660183282	549777.935166821	531626.747844791	486991.400109852	438419.645605217	413344.719894828	394680.857099009	388204.518133342	405556.473727482	507357.131642913	529144.846441731	749836.713689148	362474.090781678	0	887691.857192492	578635.738707375	388031.924491655	341264.86340433	221255.837338346	171027.46616946	160218.895764668	144379.732368292	128652.231767455
410	3919035.00386916	1596850.48851689	939620.541170903	709919.001831403	608137.831958033	547120.831282279	530466.795552553	485691.810213047	440567.649197764	410268.453847118	390838.810851013	385945.220059806	393350.47383939	462518.18092346	502450.136474963	682937.182530984	691793.386762347	0	725867.826987389	634319.421747849	411768.428198194	317786.263226063	229806.576715681	175165.829527002	162150.475677681	144242.323689635	130376.467512895
412	3915098.12120548	1590295.76579387	931660.531789584	708107.770348483	602964.782222813	545991.023857021	523512.102825619	485057.902198826	438362.598392532	406904.780982723	389174.875581027	382816.547121287	384566.697268531	424746.552431141	480820.01054659	625323.815125773	857788.044831033	0	62020.4285034364	702020.857571077	435503.929003214	305851.04376933	250346.817767504	177704.959435097	165066.208321066	143801.960243643	131779.04502645
414	3883606.13432531	1566080.26628402	925260.027624791	700341.147989668	595588.432159971	541668.407298647	512702.387676396	483509.521987391	438162.540941523	403687.981094489	387493.24281978	376205.083768062	377822.37498679	409519.208798735	476473.764767909	574460.29181244	847874.439154136	0	0	779746.985970755	462019.683276468	315957.152916689	288809.504297079	181786.53160436	168090.143469535	144948.055037483	134288.592140883
416	3881096.94053272	1559593.29375789	926630.112963692	697092.323007175	592418.08429609	542279.631945879	505725.366664681	485312.06980185	438749.920568349	403699.524372269	386867.143798915	373894.020904443	374589.10364986	404659.779581125	491818.203882245	536946.572387395	783428.976594768	0	0	860874.398187198	496730.745363358	334461.361565797	318054.008118644	187552.834336604	173637.718239909	148508.134533424	138226.088912285
418	3951401.2536028	1597062.67251336	946074.471925939	710782.087691126	599589.793556837	548865.872714285	510285.181172685	493612.305021829	445066.411064826	408273.764381952	389600.363107834	374136.490254027	376271.952173252	399756.053280641	495081.509727209	509647.519961041	717758.883872845	354236.695714486	0	906272.787965163	544828.634085749	358974.626813115	308690.166272539	195953.080768649	180065.749028342	151869.353855765	142070.420512488
420	3836989.68935386	1568221.28763167	939035.309260621	705832.046266528	597564.294117821	547363.245332745	506280.324116619	499458.616207255	446540.762826651	406710.757924731	386098.627897602	370862.263964139	373130.078376871	386176.334237208	464751.006816736	480346.279932374	653971.093784032	682561.518765321	0	795437.156020652	594361.215009888	379365.137731982	283078.936798422	209254.109094142	182117.830417706	153817.71406604	140143.61929822
422	3779137.56828682	1557565.84205489	928709.025733351	700259.372114606	596900.447708472	545599.680007823	503024.675012574	502187.692729817	445520.621111641	404651.507825761	381258.875912268	365320.569872978	367812.97293729	373506.057648977	417703.393932363	456055.174359671	595805.728418335	852798.320003343	0	202090.346265461	656370.676175953	400372.717247069	282308.802860936	238171.769451364	183972.716758525	155145.076147499	140460.846811153
424	3821786.08468106	1566509.38697918	939314.812587111	706353.141310405	597827.973957772	546172.19993468	503161.081548358	501485.237257966	444934.720443075	403117.891578644	376817.177693754	363389.413083512	363753.036881858	365910.362492927	387837.05979759	442816.358714582	546912.22987156	838491.668241597	0	0	734876.249016705	425920.210366104	296397.924810135	270994.123749297	188914.506222543	159664.260383689	143093.925891204
426	3856220.84287076	1587538.5154912	944980.37292771	711334.388269214	601459.193335415	549502.032244954	504997.660489818	496558.090652696	445630.968006696	403248.923561527	373999.323851101	360990.468206	358892.583810607	361442.536397889	378777.523582337	452374.345913488	510091.192083486	771176.925551614	0	0	815548.639941858	456906.619434645	312887.610921082	276721.885100272	195705.225695915	163321.061770605	143738.202091536
428	3883276.66074607	1599774.10864447	960999.706100977	718396.696277155	604766.412340547	549750.114952245	507269.74700093	487771.912636166	446412.776595554	404629.755096848	373151.119961898	359559.147423605	355151.658687843	358275.617332378	372660.610287504	464916.691862051	477423.440353178	698748.038765041	374469.374003623	0	872215.884146757	494788.506753902	332461.716923957	250595.51560415	203893.060079364	166632.319332796	145591.71850672
430	3940852.02168195	1630668.75725965	967589.480833532	724257.655359857	604909.860587769	548033.562617486	508338.133461645	484024.338063057	449068.322554902	403251.165242333	372479.166334876	358578.969328246	352386.540700637	355815.106848961	363890.02731039	450672.222601291	452087.332928186	637713.535969581	683144.003853334	0	802656.54635262	543441.035091281	352973.0171744	238864.904577981	224137.505038355	169908.256205399	148229.120612819
432	3988557.84926043	1641935.65449982	973358.785086878	728308.709227317	610113.248223233	551741.540007745	509990.017064825	485527.011644016	455458.293305202	406497.832046954	373309.739064865	357166.230984238	349924.836116525	354465.826857138	354747.293923952	416118.521325885	430454.579860803	586077.593160843	843303.712128787	0	360254.021371201	607393.115291145	376524.868521952	248415.063996738	267638.224623992	174290.450932061	152261.144841235
434	4071464.54849147	1663128.26772475	976883.735586809	737160.961836705	610735.891229363	551644.452353447	512569.774236531	486708.562692543	466249.125569028	411898.087014216	374409.57993288	354737.286715405	348888.496090202	354063.177622787	347289.228433995	376874.591425159	419622.091204992	543209.736797166	829442.160212399	0	0	682199.859957962	403915.838799963	262756.33126379	299579.27835519	180343.453375101	157602.049025571
436	4169359.45200765	1686235.95787832	988747.349131406	746431.7040531	616087.687473951	555920.211414606	517468.520800231	491131.456088962	475879.83082729	416384.818499144	378260.597751653	355914.446170111	349276.415817065	352819.578264323	343675.895516256	364385.017937893	427473.501666508	510001.460404073	765581.781855417	0	0	760837.011352455	438267.96598731	282721.75165518	285659.661432578	189063.384026535	163081.861342884
438	4174081.49623626	1689751.50739942	988496.701728046	744593.470396101	619905.05047686	556228.641054463	517429.113040621	490457.13221409	477960.369488303	418581.895553302	380264.103205839	354245.304230537	348835.9893081	349109.906894753	341628.304621135	360094.421173554	446456.501406276	479870.021510178	697182.022039283	348884.718928708	0	803808.384958653	477985.380652957	300472.300030118	257360.206571147	200512.906911661	166155.875160889
440	4052133.26516448	1657877.31717948	967328.757082665	738559.866966222	611538.339164271	552623.927764345	511539.388984525	485645.234556064	469266.882452382	417754.778495111	379310.478806466	353853.682640121	347905.266408851	345692.9032105	338271.967139046	353140.325307775	443048.126712359	452206.218339654	632810.105853795	697026.778278887	0	717438.008239805	525707.014579162	318955.971708391	255058.281540548	228024.633857085	168801.493684688
442	3952578.71160482	1628498.72816859	959504.001410253	734812.632690509	605287.412801509	548610.234080917	510655.524748539	484297.164602654	459870.651306545	417325.846556451	378085.795357676	352813.509437586	347528.498834308	342811.790687291	336665.71958863	345813.702009222	413825.570686194	429629.339520144	578443.296114322	877776.94996279	0	257018.592032412	587938.92262684	341290.026382275	266880.840676275	274661.297460882	173462.209299541
444	3857196.16604295	1599650.60613481	938295.117471187	731464.848340049	601601.441299302	543507.01382626	505424.738678127	482016.974362208	452765.349952025	416533.853654583	378509.506981201	351336.458412382	346435.023642307	341402.181526284	335727.209121823	336558.059781522	371465.96132541	413852.237573179	533923.145468996	863713.035963553	0	0	660610.757070757	364308.468457475	282495.261341843	289619.957235825	179072.678242463
446	3802762.15380688	1571448.96054225	928977.241950263	726067.615060077	600345.89242517	539689.382020854	500786.885430274	479165.027154439	452391.25989008	422118.388337212	379379.216369817	351157.403587054	344239.551346911	340594.94970724	335193.393433944	330834.277047777	347595.911466761	413210.118207614	497378.919349457	788770.256947593	0	0	736297.671816493	393935.600434717	302178.392534015	260656.635155491	186004.209314469
448	4128955.43983524	1723358.6511578	995330.276404183	761493.759945177	625147.372132583	555532.161296113	514881.438311492	492494.672885138	463744.537860858	440721.109502367	392721.849441696	360984.951547831	350205.842651845	348891.050181121	343392.913600656	337613.404357422	353224.381736665	445945.826087756	484132.764782839	731890.514910189	232596.087801648	0	777309.880549313	445586.956365553	336680.880473334	250591.021567293	214435.641860513
450	4112397.81161806	1709881.54680911	993455.379734147	753489.165595953	623058.629011279	556845.370076491	513901.414389749	491704.63194674	463335.615331466	447102.011927942	394268.492243657	362247.212181995	348806.961512972	349433.450638219	340652.319333689	338146.54515464	351886.497980566	459409.614301849	460405.986899866	669440.922314687	624852.049590409	0	657814.741965479	495666.441650851	362385.805571802	258529.711768136	254553.120058115
452	3790483.94175242	1610777.82071067	940951.636296956	713740.198799429	602649.193202045	542795.307918363	501949.325444096	481767.849325375	456163.820112853	439740.827090527	386126.328838599	354485.641529892	341845.959134911	342105.263470387	332325.878959831	330029.665264466	340090.101537794	433400.658637703	429904.065246411	601949.224630791	857522.642036098	0	150523.028833551	547967.726656492	380477.55661479	265893.033618603	284862.521477163
454	3697496.30381918	1589889.45706399	931482.358948261	701573.979137499	597743.871516608	535167.523251391	498470.978786514	477105.187958677	454147.817708042	431932.56668663	383383.462848457	353452.545339699	339329.273170617	340181.202218014	328746.251840858	328487.155289812	331054.682184717	388314.385089985	410886.859147099	552002.575933509	862917.110912031	0	0	616657.900379061	406594.264763831	279953.847455302	275279.167028348
456	3860316.47955417	1636907.10504443	954190.137350417	715416.756304192	611581.292793978	545051.245342645	505391.291284152	481517.323203954	459248.505935557	426882.186764377	387737.196102622	356397.107412159	342923.167011099	341647.313527966	330216.676958484	331724.391809992	327991.811165807	359522.907211206	411275.066474207	520956.151253384	799321.687379419	0	0	687732.208209455	448890.192264946	305010.944364622	251408.423783437
458	3885082.65144315	1627127.75309395	960395.816825401	717333.931771097	618065.833890594	547351.666858234	507622.190510225	480845.755035286	460717.55259293	423274.594957777	391011.944965487	358848.410027013	342149.263434865	339422.956270711	327961.686493803	330292.858772044	323260.208568307	350867.830124037	426812.784805283	490233.157975603	724659.518418726	275549.226776897	0	709505.827015456	493958.355187842	328215.886504166	246836.881648054
460	4113027.22679182	1706518.56688928	995829.265235858	741798.896577219	645322.923500743	558389.832400496	515267.301257183	485564.057164104	465553.683784959	427601.586739825	402169.278281361	363879.753801771	346160.02312421	341051.079407087	331558.866022514	331763.487152507	326531.743229988	353705.858696057	455609.168289756	472283.28273899	667317.118516799	606499.20293783	0	557684.320667127	562550.168379555	361057.313361236	264896.158872703
462	4307670.91028727	1750775.71656042	1034183.06275811	760859.344417808	655912.56061561	566969.683802168	520550.915229965	490588.129465302	470705.808604271	431725.960171706	413822.353542836	368739.264492498	349553.987932214	341609.851856073	333630.357429145	331284.463647171	328238.025302703	353376.017350313	452963.879081374	456654.656992363	618250.657720728	803510.839861367	0	68689.1245540558	640996.601127383	394257.97778623	285779.522472681
464	4289514.15518667	1752776.57279261	1035480.91589754	758865.303965372	648823.050675518	567017.320252686	517911.966330911	488056.183238646	469827.538615917	432509.187923218	415818.578928247	368548.379058139	347265.145224819	339463.381584303	331104.611389356	327279.082092761	324910.174887931	343365.959483726	415463.462858239	435547.359558973	569143.728523036	820450.020200014	0	0	728597.916603585	424783.056120791	303352.520651857
466	5054995.28216308	2001268.83161997	1165359.19872136	834807.238811122	692383.578516331	604197.140393488	547647.170043842	512461.594451325	491299.704748285	449877.384314731	430833.22030407	381784.174122098	362632.94167377	353478.885320463	344909.970196213	338660.231640233	339799.402544669	351775.135767465	390507.996261127	446716.678745146	558568.645084484	784371.177273535	0	0	838639.863775718	489550.987357616	350042.619271104
468	5194645.25700765	1916836.38009992	1116655.34961865	810207.169573851	667823.401327976	590763.148718873	537099.221914283	503635.651151993	485161.146437572	445549.192124758	417342.85490709	375912.044927674	356910.759675338	346769.920409306	338571.637305635	331742.674205943	332573.248273539	338131.090016205	363695.282679235	438478.866138286	516330.582987317	715580.293934107	255135.958224333	0	881696.673897207	524727.805424175	366874.112084604
470	7182270.01980484	1775508.16530313	1054863.27196855	770343.224453514	635380.823618426	572735.882146103	522293.408237859	491497.59483204	473772.479564802	436734.658248005	400675.835290243	369054.997288807	349725.506510515	338633.384936578	328452.215051934	320432.018084941	321656.390751351	323329.855831783	346769.494505664	445170.280567356	469727.528361892	638768.851816952	595412.205777689	0	793045.277941846	563745.947973219	377458.661521623
472	14744624.5322628	1865939.25536389	1084255.66550649	787573.206900219	647098.623737825	587214.110655007	530266.847197256	497679.960247803	479164.161742111	442886.091453897	402353.067288409	377224.243947523	356018.105544793	341414.903451744	328562.355773215	322317.277480222	320420.28379467	324706.780025794	347024.888214835	465249.228386771	451716.369451598	592365.423927141	798950.606334838	0	214791.363705003	646483.54667463	412679.319255425
474	30152277.2132187	1693165.66145619	992934.104420344	742765.369243765	612235.033142918	571762.745426415	511566.570517117	482166.968298589	466142.7308999	432604.769756161	391344.952658464	374992.056939439	347011.472601231	332250.794997841	316418.870322026	311860.789433127	306539.4688829	309797.950020933	327646.631915876	429769.759175976	411993.183792834	524727.821824453	807248.537911834	0	0	711632.242376752	421758.890891847
476	51865271.2687763	1657442.71644095	963715.878644521	723102.849293716	606731.2120937	574725.96864451	507865.660139102	476192.428173965	460763.48998475	429593.017682052	389323.934303142	380482.598720297	345976.84706703	330077.319321695	312841.564104158	308917.503344358	302512.011877555	305155.658195018	314240.987030247	379141.330335277	388260.580843988	479312.030850387	735154.060825039	0	0	814839.210910863	448644.558931773
478	59130176.870557	1762558.6141878	999245.1153023	749277.01702003	616189.279281886	584234.519242952	516622.052964326	482138.227810402	466969.182122241	434291.175039138	395518.121613925	385522.689706779	349610.975506452	332739.323267142	314373.377081904	311800.637841669	303239.854593188	308908.835285269	309979.661086926	343917.996169289	384491.413599292	452384.102700246	669903.044850165	333156.198956064	0	935045.455839633	505367.32798173
480	41336649.4205322	1909828.11671212	1068349.33888776	788711.175597222	643073.845135006	598402.892219219	531050.034402357	494000.504807612	476460.048551683	444617.294625731	404064.001930367	389693.015362652	355574.100536503	339333.383341993	321170.498277272	317622.575485071	307962.247591275	314261.306652884	312234.352430906	340185.374422528	405784.137437394	437167.323964496	618405.638598591	607305.672414125	0	939559.140385504	586359.404651365
482	25639951.5079854	1929125.09954206	1056234.3566146	788759.662950527	640886.775437664	588254.498067052	527872.650612839	492080.849652446	476672.654966237	444534.188145274	404448.046029557	378783.952852737	355261.607635569	338894.177634513	319708.176631138	315136.683576584	306449.662802528	309048.741273451	307355.417805168	333356.077256352	429614.296044952	411732.029114397	560621.020811395	766086.355295344	0	526220.763713046	663988.072130715
484	19302694.3899827	1918566.11954427	1021079.17236992	770636.104547037	626797.944046888	567167.496745484	521547.320248465	487534.101180425	471359.187434141	440789.174234484	400674.900424708	368736.711092177	353045.667503169	337095.017027778	316606.211691766	308894.151327013	301190.218809375	300779.362241052	300177.829551495	323792.160798255	426932.751476688	384203.280159047	506337.445710681	750925.9659554	0	0	756451.14520731
486	19916859.9913315	2047016.1877146	1013510.0650043	767838.381894401	622390.987050656	559588.964699527	521576.330351323	484108.580765169	469637.426062082	440875.080853961	400696.335285103	365170.434788252	356130.723505616	336915.110222398	313698.054110751	304243.881490257	298430.413755151	296046.922783915	295667.844107069	313434.520458858	391268.792069665	363320.256441251	464752.94402839	678521.635906813	0	0	881577.956642034
488	31245743.0126591	3340594.31654622	1037930.58526316	777726.816773338	628249.406049949	561743.026329056	529897.739181938	488051.734078333	472046.571283357	441052.49735884	401325.028567212	366106.648246513	365589.710733431	340042.880705805	315172.079637194	303638.106716395	298999.248850572	294903.970293976	295619.35650374	306566.985264771	342806.678450643	352644.740517006	432911.797278332	610051.595184775	511022.596991899	0	1031726.61322413
490	58546774.3265546	9258882.78586139	1121779.04411229	817115.964427128	654066.093508595	579445.347140739	556114.618323299	498628.420583511	481530.618595804	448076.128506827	409329.099276547	373311.759321195	379025.094875513	345855.360397469	320604.848368116	307961.786230856	305083.549488595	297847.469485294	301696.760636186	305256.522907745	322617.006988583	363865.64137326	416222.70287789	559870.510509587	839562.75992763	0	1120493.11814957
492	37417522.5738728	19645916.7744922	1160381.29772526	826112.920335545	659612.880035886	584179.614264228	570393.541361539	501196.77673238	482129.036977341	450000.889692891	411164.160142342	376044.397182032	380385.34249939	346539.178751599	321956.718671894	308170.952617127	304992.402044959	296747.839638177	300801.282310668	301341.032106067	316478.766298836	394378.002319142	395667.661288145	510378.249483627	966525.049479053	0	813454.381814974
494	7349663.96301541	22684525.4543629	1177582.1032732	816119.179626629	652396.406292637	573516.556096019	565658.115482187	496148.462818782	478462.427425319	448129.496979893	407814.082776081	373145.680855264	371042.469540357	342486.606484791	317823.700856317	304300.425143971	300656.39781792	292008.880065328	292193.307140044	294566.368582418	306384.553561207	406988.494144843	368902.036828131	459481.669695877	900327.814487161	0	0
496	5416986.01144266	8928826.33865172	1220382.05103142	816945.802598168	658382.601992014	573592.921464594	559725.053822085	494851.570612348	475822.680761928	446907.203661304	408392.419203521	372352.731100799	361852.00452844	342493.442251867	318058.48384025	303399.264269226	297207.002276492	289940.116969217	286837.814323724	291422.660783671	301875.174402924	384603.246505071	350640.332222013	421359.34869258	791751.402504065	0	0
498	4825842.44846496	576933.310773891	1270078.15747422	828602.547266769	669478.756943531	574400.49034363	549099.850770996	493063.663548213	475762.364771005	447946.868713512	409863.680915592	374555.085618717	356170.417162964	343458.447363739	319679.816263198	303476.928684258	294294.101214399	289175.107182892	283675.308124425	288787.400745856	296385.871108321	339643.536238574	337440.101209596	392139.746915422	697156.903033461	503457.038258991	0
500	4566943.49535284	12400.7598123711	1328678.73931374	841088.473159913	678971.461012456	579471.22210184	540602.357103292	496400.196575643	477828.923856985	451169.404054551	410971.274216046	376456.73628098	355080.81565271	348760.632773535	322094.134030908	303295.728476482	293092.963118928	287712.701252954	282787.269698618	287989.995672761	289453.99047226	300698.904927193	333934.644549561	368568.324066527	620722.869579805	929298.915717347	0
502	4421075.88303704	2182.66270349754	1404201.13089219	859100.323854093	690378.952359508	586171.712755822	538193.705617468	504019.104087706	481317.265093428	453483.77692902	414412.328086008	378039.178753354	358822.414087459	360751.439381553	325396.200429722	304622.40402146	292699.876217997	289796.430775501	282242.297236078	290266.054572012	283960.404310112	290365.17300206	351716.334749343	350064.539427025	560142.999849822	1044607.65096894	0
504	4294458.16884006	1310.58153049197	1520515.01209774	874766.626930203	698258.178943113	591253.964238623	539794.82847984	510558.485709374	484374.767463704	456431.987887139	415273.248071367	380222.607706061	360397.422939437	367049.866377309	325593.704517588	305637.727134341	294025.037079414	290474.120995901	281261.408110679	289242.144843822	281826.784792561	286372.047009457	384291.266004165	333143.770076602	509351.9188476	958969.480223982	0
506	4230721.56831486	3890.81244931579	1739865.33194186	894937.286929599	710375.544637468	597191.721565377	545108.451031147	526715.438771073	485418.805884082	461758.771226207	417416.920106866	381998.712124627	363030.455968553	367779.942474322	326771.109992828	306820.435168783	295157.022885757	290130.702042685	280708.031363699	286534.686411763	280068.39287865	284380.27011285	389408.914995584	318732.99382722	468487.556779656	836384.849920885	0
508	4190795.24440819	52805.5619238057	3279502.72317556	935927.453100488	727397.741007398	605729.798745963	551531.283551307	542857.471148893	489573.281494045	461530.505789533	419057.576869027	384776.12670793	364665.673153919	363021.72982012	326520.30241491	309189.429345445	296049.345424582	288770.049011005	280644.905436678	283058.457154446	279667.846597942	282634.557873051	350522.434682355	306959.181518711	436540.416146656	728453.126564776	690329.22506557
510	4148780.21965211	3699302.40934839	9282797.79610648	978102.189040155	738339.966781374	615732.648060674	553407.718266677	551282.690464549	492206.734730255	464274.112093972	422525.956262338	388477.715416497	368383.793268878	355608.631442559	327848.01559819	311340.250274382	297845.618888178	288279.628950543	281801.724801088	281818.395011258	278661.565303404	277504.218493795	302325.572112151	302062.807652878	408868.340482733	646249.501992129	1159028.61997324
512	4131878.92910863	23406566.579823	11919863.2255713	1045901.40259387	758571.277257961	627937.057903794	559563.798994971	550971.166571458	494157.559193243	468485.782754975	425081.154073666	391219.757566529	371017.207612973	353715.878855141	332093.841582276	314099.407284924	298940.65730785	287762.884230979	283241.692248795	282456.749072268	280107.392529718	272868.445790102	284506.040901342	314942.986026116	387640.289402014	580163.437739153	1204264.75060872
514	4111758.67521587	5441320.67342399	3185995.00236358	1128638.50817478	778033.28858721	646554.495802685	564902.774767899	544316.88110745	496453.612328634	471785.665831231	428288.144985568	395375.637149379	373990.859884341	354146.111514069	339148.993077007	318057.095876573	300511.68858935	288829.874244739	284171.099355729	281643.154889115	280661.379094195	269962.751154352	280164.293081389	342266.65756183	369753.978640829	527524.680532478	1063522.18184887
516	4096535.53240304	3823712.27505267	32938.0731821727	1212608.32100639	790353.62159448	659746.869906245	572502.193021029	534775.241965914	499274.299885834	477683.455156113	433319.586569721	398408.114975214	376134.646513945	356197.930500845	352501.336473341	321013.408030414	302734.745855662	289080.817385819	286355.824810247	282168.033997213	280246.658125823	268519.377215387	279725.719384042	356290.975619725	353130.400681291	484049.466068897	907935.056250906
518	4121871.427851	3213794.16344732	0	1292210.9873067	808380.735599801	673533.735667249	578735.685405931	532921.559913946	504656.699592082	481984.02449383	436820.930731198	399756.83624063	378807.53847819	359802.113075242	360294.780712427	322885.084582173	304538.8851788	290330.373846793	285839.940445331	281751.95657176	278674.218783974	268766.301342314	278491.636700258	340637.684429588	339713.008448819	450471.777677329	782896.102701197
520	4086081.02478878	2867453.25768915	0	1370171.52617653	828374.12815816	687638.045893509	587915.503491026	536534.051004576	514764.718900501	487825.163532703	441091.950334778	403386.025692151	382465.651964984	362268.620163898	359410.327029212	323962.583240645	306007.766531527	291738.614349711	283875.34746736	281564.821527711	275451.311548842	267878.248141067	276361.310391537	292071.699092987	328784.903322797	422023.796449467	687032.053932705
522	4098305.95895677	2730946.45721929	0	1457643.29593389	854314.735977464	697383.594695153	594815.866704978	543149.874119313	529612.603365751	491735.791585111	444400.008417196	405352.372442205	384419.762209156	365954.110065985	356510.85972145	325026.651939428	308522.507732925	294092.873650525	282067.421061179	282630.232268141	275721.969022303	266657.812419903	269971.619993463	263377.120719608	328931.274316993	397519.146431339	610767.947075594
524	4095403.63044853	2618174.66130527	0	1590304.10202729	878852.622023363	711516.514884561	606637.966640554	550373.041326855	548461.381182195	495958.104885721	448547.137505646	408797.023895688	389275.935395274	370343.771165375	349540.018686241	326435.514052957	310826.628670176	296884.277728323	280843.789809973	282703.952953838	273985.391201085	269183.223341163	265751.639745349	256883.974535879	353121.182122549	377556.920174848	553546.62180499
526	4090918.829667	2512344.54153728	0	1836503.17905446	919251.082774585	728849.500868986	616805.692226904	555780.489043692	560484.451583328	502036.607555997	451607.547648581	413070.14262324	391112.937581685	373086.101751108	346946.390016721	333198.626535495	314563.399405164	299161.039758535	280592.046957725	284425.726017035	272458.830112496	269139.171378244	264877.760750619	255983.192275269	391719.453379287	361040.231264782	507419.906239166
528	4081630.38572605	2440833.08099897	0	2813631.14892766	972091.522612759	747688.377651305	627758.774397371	561971.854036423	564435.277814576	505479.67862391	455634.855210727	417857.830660784	398339.589961451	377352.367592053	348567.980049837	341936.562661209	318052.673829279	302685.825478872	280587.756527761	285080.356675124	274067.05761248	269042.745517831	263857.691628711	255058.933707749	389906.501575581	346120.503399794	470728.078767818
530	4085170.09435411	2374858.53815925	2770.74626104732	7461955.34644703	1041041.62802373	769282.566740573	643628.942675623	567800.755428327	560235.587869777	509807.534027189	458366.596943717	421526.259506951	401276.556906904	380494.528801659	349961.557400762	355132.509463952	321042.565877517	303110.560271618	282422.152174259	285628.550609847	272120.583505114	267638.867438064	264653.881911695	253292.790494694	347739.190561491	334053.280684617	438852.155960718
532	4121399.31906119	2323680.31684981	6782014.47068271	5834311.08212345	1134898.56368945	789501.441901827	662157.199916121	574365.977857707	550910.132877696	516340.886010678	465778.577016977	429237.792705558	404735.627614666	384074.576028733	354422.02190173	364339.840425281	321802.531147641	305159.260833506	283412.24432498	285105.389466786	272039.375854832	264111.822099652	264213.134476146	250354.287004271	299764.300356472	326652.919749268	411773.997737604
534	4168173.86702061	2280406.77230714	6676803.67404753	243495.470023276	1236420.19485419	810014.595369145	676943.985580017	583550.93927231	544327.558035136	520030.603578029	472623.482621018	432874.161983996	409546.043819257	387889.091443103	358344.861914356	365182.715716239	322862.138876994	309166.381748954	285127.648637621	282197.619502132	273953.776325221	264103.841876724	263396.924899706	246555.144187263	281562.297810523	332528.252316717	390912.719734237
536	4239067.81253813	2240507.69888068	3962674.85041881	97.5291417697456	1321977.24256451	831387.747427592	694897.814494271	592000.66790098	544884.371252749	531146.334389357	478768.279635248	436705.151776089	412603.053439655	391156.209350891	363486.436279038	359485.107423703	322966.612197274	311672.386752419	287846.425417633	279984.165871919	273158.374224584	263670.079027472	265128.233515172	243321.637793342	278733.335305362	367984.227188678	373915.063800468
538	4316860.00164797	2209131.16276539	3116428.84903931	0	1400047.07686676	859332.749420885	710176.663033671	602632.350100701	552442.18105845	549755.051196017	483316.545562704	441018.867444258	417629.636783639	395773.826060956	369037.862068459	350227.656350003	328010.372425968	316247.943930963	289322.561027099	278904.574731566	274436.077329876	264060.339232156	266260.724383034	243110.489829588	276803.914034056	403586.704866268	357250.140272552
540	4476190.07658149	2223958.5696193	2673570.24824353	0	1489242.11106527	884844.240294864	725773.688597089	612303.179425687	557368.295386744	571302.884862408	490642.235196084	446423.674590915	420773.90827058	399765.304021903	370845.722435189	347558.095406357	335152.36890991	319795.959229868	290274.333919619	279806.116567371	275081.567106273	263900.80070536	266115.139715508	242576.675323797	277654.013001136	382621.043936781	343554.898567512
542	4650174.88701945	2247300.22147038	2433227.69090201	0	1608364.08767341	917282.787869788	743166.347138345	625678.331137893	567208.227829469	594374.173811768	497516.973980223	451610.493953282	426072.819601292	405846.721111263	374731.431403812	350364.104333251	347509.212835792	323976.07374322	291724.001712227	281647.299584235	277387.134653128	263868.235530401	263827.771297994	242687.881930735	275236.02752999	330926.217059892	333441.255820533
544	4766658.96543364	2315469.22803523	2307323.64694644	0	1786882.46734457	962848.255978026	762581.103997837	640971.689948824	575682.354270618	603737.329779906	503323.854423448	457172.787711635	432147.878996835	410396.300338474	380433.118334456	353334.628331313	361727.24943375	327008.482503261	293280.39744413	281983.421553952	276433.887697882	265958.256645007	261367.443149956	242539.260644674	271698.34616529	289663.498683767	332122.072794741
546	4762991.62080822	2323795.69420053	2242308.89580879	0	2137305.67237095	1019962.43544669	784313.487160598	656725.508655749	581829.936624598	604066.161210817	508575.594389576	463522.783275516	438460.782095756	415189.40053503	382158.865275787	356471.6613196	367662.653599066	328229.008234154	295333.517263707	284003.181144252	275193.051498464	267169.343877098	262587.32885216	242932.278348115	265587.49737036	280659.855066485	353526.158208976
548	4765199.46671495	2318119.88539222	2159743.79224493	0	3585194.3425296	1095781.18401238	808870.910522711	676890.446554207	591512.911222651	598953.651904069	513530.814022838	470426.138234248	441678.46621653	418955.771626414	386687.690958414	362441.835746003	365294.686120038	328564.388503818	296900.50019611	285212.764696644	271849.27637131	267344.827871749	262083.479155224	243840.96729401	263980.904647411	276248.10818813	397346.993978526
550	4730065.82703972	2295143.02518286	2087031.02834322	0	6561982.04096272	1203742.59369042	831218.794600928	696913.676494082	598527.565992974	587054.139411357	521387.864684419	477612.521648697	446577.895888178	422630.518101059	389210.910052168	365480.993799667	355639.530800708	332453.542965982	299130.719046758	284829.352518905	270610.061619389	267868.190650403	262312.252063442	244502.081816095	263657.547353306	275761.053805102	406091.946907395
552	4714135.20082287	2288930.0650975	2008666.6354481	24698.6459173139	972349.282118432	1330886.81915158	862005.423142949	715486.05250738	609802.854869457	584799.563324561	535048.80852467	483775.654259175	453207.727638178	427203.719827882	392992.30043564	370289.871771255	347680.854546683	338494.106735576	304238.433708433	287322.850284583	273067.875587408	270582.046444284	261742.574786116	243833.191573492	263216.437160505	276465.184649513	369731.849347073
554	4621971.66788714	2280607.92536685	1944165.96385548	9417117.46048035	913.043256478278	1444469.10551262	897165.562958854	742518.883262157	624554.730690307	594701.617293246	555719.59375562	489108.202536121	458868.519158427	432361.134306539	397299.133468738	374866.86954693	348171.835075671	349594.075328689	308690.992285152	288302.908085268	273694.192509678	272047.086001889	262476.634359581	242238.412627615	262924.146831639	274271.642069524	313051.74280809
556	4612919.03477892	2263660.19869746	1874253.35257296	4816099.46526184	0	1542961.87170984	943943.99779976	765843.724315476	637132.327130693	602226.380701102	583260.227779736	494755.046513789	462848.053259307	438522.969552547	402569.091320552	377549.282288665	351911.991497662	365013.027708037	311880.980321994	287329.394070522	275520.277514533	271766.155058445	264720.898972474	241229.312168889	262023.414084803	269479.773779832	288028.568488391
558	4601689.13257731	2243071.68143295	1798011.26246737	3660560.28677102	0	1622757.92375788	975657.746129366	793504.997293655	656699.613871145	612962.351743237	610100.865433238	502499.896254039	469566.589121858	443361.702030548	409268.193642267	383443.260658297	354665.943056878	382275.287162812	313635.977587192	290390.004505996	277513.186530238	270261.654194808	266440.490642677	242092.499847614	262851.676228277	264541.444358549	284139.688276304
560	4572319.86552086	2229437.51190437	1750907.26040103	3010555.68880929	0	1715701.39375403	1005794.30275565	816135.928013844	677255.134034597	623274.030731011	620960.623984618	509181.710149219	474680.399792706	448484.970867202	413339.235753302	387407.396309555	359692.205576624	384270.392341055	314109.207225623	291579.834426031	279162.516522481	268441.999049695	267386.397959852	242598.055091187	265655.63438264	262821.204240393	281702.91021256
562	4529688.2980795	2205042.55111102	1724681.97757544	2623560.28810823	0	1854826.96964128	1040096.72491716	833212.43187331	694756.425221553	635175.498104015	623830.438070873	515421.550123275	481363.150921161	455640.979335463	418949.501386628	390376.455685207	364772.497662673	378736.053308214	317125.258651267	295351.936149191	280382.401851675	268346.291969017	267860.868931896	243074.048003784	266986.929746923	262321.881936245	282629.398726504
564	4547365.30402615	2204714.24856519	1685805.95742302	2414371.65093179	0	2112102.96296928	1092040.15084426	848773.404273431	710139.042656662	643707.672174615	617335.387761721	523985.21577379	489061.987277392	461710.645495846	424653.359337748	395937.04486512	368637.665502723	369950.992388824	320419.967350987	297707.161623045	282469.387950443	270742.657809057	271177.903181046	244644.979575309	265185.887454598	261930.395176169	282650.851776054
566	4510042.4811706	2184095.28515473	1663735.21352371	2276285.29150483	0	2615951.01368665	1163814.92985851	870550.525539882	723876.070325703	649657.501171478	607345.404334722	535516.156601462	496340.14243645	468394.679674102	429456.788747182	399846.723990923	374282.992764902	361725.93377926	329056.507032939	302166.358825333	284427.665478663	272910.608598818	273729.476966183	244733.446644432	262917.528047206	262225.096343959	279473.658315572
568	4543661.53742399	2173600.7359331	1640380.07588579	2155273.57531643	0	5061383.00343033	1264659.87584704	890374.391373842	738486.864598098	654348.590974955	603699.459195263	549663.221940064	504253.779240118	472391.17965604	434342.675377871	404815.887391401	377642.995087949	362819.614236246	341221.952660779	306092.559558274	287007.229816616	273801.277501531	275470.584053262	246058.078917409	262808.623734773	262972.235081608	274344.743770855
570	4528094.11361405	2152505.94011384	1610145.5462878	2064237.04315082	0	2920588.96367062	1390032.1391724	913186.95022037	754425.220220255	664859.528027468	609544.713175892	568655.317094472	512138.647044366	477519.22949069	439303.724831005	409721.544771067	382943.268647233	367038.353800699	360324.610159764	308959.770748567	288306.138589553	275512.360026894	272428.153703298	247506.738838656	263739.752191056	263863.608213889	268121.884930693
572	4525452.96897099	2152090.66318951	1585309.40192314	1971857.44357444	12917.3569560885	12233.8467224678	1507533.72359358	938872.82699104	773825.701511619	672092.961876743	615050.506961434	594476.024667163	516661.389887848	484315.927869625	446209.22240774	416497.210556762	386553.911712602	371047.904061596	371412.128804364	311464.915188554	290655.55148743	278196.753126729	272770.512616862	249572.952871625	265708.420540614	266403.249309954	267424.381838959
574	4535938.83478714	2127491.23713076	1569250.70379187	1883068.45041215	7547370.90480797	0	1598336.88643671	966290.55086173	789383.173695705	686366.60432145	623696.545010246	616989.00178613	522779.970513564	490392.762175126	452960.081242938	421588.137260198	391567.286362174	376916.403363695	371513.669360353	312514.082869329	293811.621060758	279102.628699166	272047.016256556	251025.729831832	265682.736906237	267064.448939672	266965.552598006
576	4543657.3331038	2098308.68084409	1552155.13864983	1794035.73528744	4731343.82836522	0	1676806.23724423	993514.252182697	805980.244549402	696610.921960572	635615.765669189	624990.299170636	527006.468911974	493574.247036839	459180.008627503	429283.444254219	395463.881718255	381024.028074041	362578.72704084	315141.453885963	296774.513564731	282398.253168518	273227.471247424	253317.08022971	265397.416054618	266320.515972762	266811.191170919
578	4553271.81677729	2100033.98115297	1541699.44898393	1704044.73574419	3672439.30883875	0	1755482.23784434	1026605.42803599	825970.99346224	707290.501099204	643059.430327628	623468.48330997	530798.297985308	500812.833546813	463383.940518652	435023.177902201	401577.971205955	386107.278878293	352163.534941747	320341.190692863	301870.746979664	283574.190880343	275427.583436254	255909.174486883	266092.312626739	264498.634176112	265210.756457963
580	4576778.58622895	2107165.10240032	1548414.97345764	1649193.25576409	3073982.98787176	0	1871533.99886762	1069935.53770612	848497.963853751	724698.17970664	651159.211131065	614173.980571037	535603.31463296	506091.74666777	467617.296642171	438759.693293313	408295.909931993	391874.251535184	348567.288804475	329045.206771689	306484.668661887	286654.31999156	278293.476838091	257588.472202764	268058.238429466	263494.938503941	264676.116453908
582	4549865.75668302	2124624.19373371	1532303.25286186	1602767.51046547	2683000.95596456	0	2039892.73200124	1123450.94171983	870433.569900575	741549.37892124	660389.930970337	599259.58493848	543783.815693764	512026.268937552	470311.948784659	441296.771464533	411453.759271745	396678.101643333	352417.337253115	341021.981251209	310343.869120875	288484.659069506	280441.73005047	255923.938386522	271031.431573816	265910.152537794	266353.264094301
584	4515696.97422138	2102921.27450029	1520994.15775257	1558225.36392158	2447799.30959371	0	2362138.16175033	1196295.9470079	895214.814958686	760086.418196527	671515.521707381	598194.593790464	556891.821926196	516998.434141367	476835.160501162	446815.739660074	416163.75464201	400676.811793322	358936.115570353	360706.602536998	314413.717172615	291097.168105208	280562.670094833	255017.032763001	271536.309906546	266478.994470798	268990.568466376
586	4495120.57035771	2090501.79984657	1519479.89487473	1532231.51708755	2292679.13421915	0	2965979.83071053	1298044.18780084	921358.626101512	783009.169779991	684673.438964887	607067.782246368	573867.442579334	522629.872950328	479716.240512848	448165.818965984	420580.542113287	402404.797953587	361380.803818363	372763.187828655	315605.155297552	293186.418466028	282232.744147498	254506.063386878	273891.470809186	266780.790265692	271076.041736146
588	4482970.88777668	2115692.09757027	1508968.70596181	1505652.41557752	2190583.32274376	0	5403411.91091412	1432901.48685916	952369.346429882	802101.752944693	699648.300554459	616659.775489297	602247.660393627	528285.42789661	481311.247021695	453316.175542403	425032.888271821	404858.638584693	365397.905975834	369602.167601064	317319.709849978	297280.859257797	285309.284781081	257180.80426421	275865.688260418	264975.994104486	267201.480797525
590	4484444.90271149	2115956.30468607	1489516.4073273	1478177.93706558	2091079.13686988	0	1017749.98012452	1570700.87132361	975716.957765159	820498.810189523	710770.255488318	627631.647034054	631682.198030374	533110.616167049	486401.099342044	458064.530600722	428156.974828295	406471.743128576	369207.161659257	360397.308959694	319894.673398828	302344.2128786	286541.291623236	256104.494710814	278385.051753818	264879.235120656	265239.677377942
592	4487527.30296877	2129263.52048395	1482255.48265256	1465559.6063617	1999916.0545125	126227.282382298	251.956846358429	1677140.81697684	1006054.43911261	839540.119587181	727057.15524066	639622.756927988	641650.879288034	539001.882617111	491827.762564099	463561.686313025	432130.132213262	409378.318868119	372672.124836262	350066.783532869	322724.468275667	307522.649081476	288954.228809371	258369.747222532	279679.778097276	266736.738349609	264733.305660299
594	4488202.38720449	2107444.81587344	1474431.50709965	1436142.33497005	1908866.54237841	6221369.32197801	0	1755819.16003994	1034440.42978948	859320.484540177	743060.100789282	647077.07618271	644476.508115232	544574.931472084	500632.124445376	468827.671194283	433920.755830002	412298.003322112	379212.365407316	345180.810408014	328179.347521554	310513.283082021	292561.343780328	260403.427420553	278652.661833544	269307.665457089	265763.702185457
596	4481281.11151243	2151356.97820783	1469926.70640982	1425429.98973283	1812597.10629238	4554992.64941751	0	1826449.48291626	1065940.67675423	879315.442816738	760904.90350115	658868.177316008	638201.129223299	549786.076245331	507110.9642847	474302.838091268	439203.840389412	415997.713430144	383206.43740143	347823.547768244	341286.871114776	311882.442405981	292660.508425014	262272.610094616	276596.474055381	271472.467862199	267440.096660352
598	4547037.19177225	2144532.94679297	1457081.10678114	1417350.63778968	1718790.06218576	3640343.98068658	0	1906935.66249549	1103851.04747169	902901.422020437	780036.107368057	669260.735206822	623577.264207524	559516.993082493	512969.617428438	478569.520404208	442680.164418586	419757.058721013	389241.407587834	350331.403467234	359072.522567899	312217.45513775	294976.243056635	262869.028861454	276664.031323157	272745.48394088	266488.687222057
600	4574056.98671635	2140428.96912579	1465254.80348372	1404064.48674141	1630602.8076174	3047440.55053745	0	2023672.7478567	1152558.28509585	929607.658329461	803188.450347802	681203.258915315	619850.382382323	572936.253234621	520068.527782856	483329.877993968	446955.443719423	425872.847038461	394326.342079801	355528.931176739	370387.024753563	314068.9822528	296572.243594089	263954.756410487	276935.619803137	275872.417709902	266873.415501738
