Wavelength	240	250	260	270	280	290	300	310	320	330	340	350	360	370	380	390	400	410	420	430	440	450	460	470	480	490	500
nm	CPS / MicroAmps	CPS / MicroAmps	CPS / MicroAmps	CPS / MicroAmps	CPS / MicroAmps	CPS / MicroAmps	CPS / MicroAmps	CPS / MicroAmps	CPS / MicroAmps	CPS / MicroAmps	CPS / MicroAmps	CPS / MicroAmps	CPS / MicroAmps	CPS / MicroAmps	CPS / MicroAmps	CPS / MicroAmps	CPS / MicroAmps	CPS / MicroAmps	CPS / MicroAmps	CPS / MicroAmps	CPS / MicroAmps	CPS / MicroAmps	CPS / MicroAmps	CPS / MicroAmps	CPS / MicroAmps	CPS / MicroAmps	CPS / MicroAmps
300	7714252.61401461	3906739.92344254	2961825.82726414	3055308.48442494	3267545.04229881	6072346.98144895	0	6113566.96511472	2470770.82031901	1869874.96179577	1345911.1577813	1150347.84807811	1048854.32734168	960569.648946004	862632.113765537	806812.600173495	714945.496278067	683437.331845226	636391.871273309	596274.891998242	566242.354411345	520011.199367107	485838.889817168	488197.269606735	409769.573393482	379291.664457657	352309.34721902
302	7668537.89569108	3798166.88465229	2840267.91533179	2780903.52054716	3033093.69408004	5053287.22144559	0	8010325.49047705	2676127.90089119	1780886.18979979	1347921.72182558	1119216.33074068	1010516.99391829	922791.00953132	826163.784970592	771244.876993719	685536.73747651	654441.995648372	607486.793172953	565959.361934997	534912.637768171	490699.619448924	459553.370702793	424816.248184004	391553.816929506	356145.331605538	333840.123211016
304	7484722.65159713	3695484.91335601	2740136.53095001	2608665.44467723	2814345.58680742	4129875.1952652	0	101941.747251807	2935611.81616654	1749934.1115587	1390772.14263219	1091803.48919366	971338.055016216	888902.922104584	786760.18589987	726471.674650725	658060.471247018	620238.846510718	574931.329504139	534962.536979469	504735.958149386	469951.944836686	435589.901998125	369188.142470735	394806.878959713	339317.250199906	313213.011190461
306	7409310.03111531	3610037.31557396	2656568.19898149	2478226.52674379	2709068.06179318	3467429.42761473	2464773.80927321	0	3298891.35434276	1781972.12767437	1487821.16499879	1072604.17858118	948306.176445203	867680.31364042	751692.547946812	695052.689485622	642716.966289565	593021.058052563	548042.483361911	512347.973563622	476649.386035128	449472.384661165	412701.863137376	349285.326222164	423769.137179224	321363.429403548	300810.418859239
308	7294122.92750749	3539726.59500453	2540584.04910211	2340004.68208627	2580180.66960346	3013665.17154717	7521603.21447059	0	3831505.53990905	1858616.25111264	1512527.60814421	1062495.10524509	924498.718763712	848968.603291848	730898.207933764	671144.802347636	625225.868337677	568299.345882621	525052.131374863	487715.341551648	452437.157040376	426605.125417595	393477.190738368	331433.424614321	381662.351661723	308924.84462737	286789.446172138
310	7197918.99878382	3454391.89421384	2456643.99440245	2208577.61043958	2385521.56290578	2676214.40427792	5397290.94205915	0	4557127.28138666	1966986.31067729	1444787.11947794	1058453.91969649	901104.120353796	816630.646870305	703141.281035827	642104.59538807	594821.138333845	543887.418286964	503040.517032135	467119.703665473	431045.466842756	402711.734433856	373965.333187909	314648.112720714	322951.786376561	305716.190293789	273362.452686589
312	7049833.34937159	3346018.68071743	2338778.76250081	2107711.83130394	2156894.45530503	2409987.61972537	4086668.82314426	0	5233067.89853438	2119478.79414276	1384319.127311	1077059.27469724	886056.920861226	790834.995468846	681013.677596999	617302.91324479	566058.675184159	528909.624652493	479892.222041526	446553.47612185	412212.30132373	381893.367994851	359744.882501798	298994.824588968	302427.430604233	333504.274077219	260284.452715086
314	6805641.57873667	3203384.40448465	2224893.37153147	2008781.47369139	1969258.95660526	2190976.07259307	3252071.48225224	0	27424.4389373613	2304779.28360285	1387942.77524997	1144983.9508342	866277.573847623	769797.829272201	662947.452338624	593449.966717187	540473.489553529	512836.936247029	457016.424393726	424599.536085581	393417.529455949	364288.110956277	342809.333324021	283332.775748762	286492.269983822	318743.153123691	246945.656968843
316	6656114.967172	3138871.35474987	2150267.4070929	1909318.2261305	1860619.52845377	2089337.33465156	2717457.33116645	950381.806785605	0	2580686.63402326	1428250.89604548	1214350.64586501	854235.07833074	752429.019329314	649306.754802707	573850.566497578	523172.519698316	497610.99028927	438617.381007401	409675.010367034	377671.50949562	345869.434688615	325168.236046206	272693.482438198	275248.628394399	264350.863494692	244129.145658332
318	6622581.21895112	3059113.89258	2085125.21778054	1855162.89278566	1758235.80684799	2027540.97747564	2383500.96032599	5182423.66333334	0	2946208.24558269	1498155.38459738	1191986.43115827	854734.715104609	740628.965427966	635391.333933819	558657.484840511	506457.872718048	479309.271794137	429491.727602119	396496.88091836	364390.108185149	335774.947207214	313885.331423893	265005.196364844	263996.598135092	247133.657148571	267034.514794047
320	6519150.02005568	2980401.77813973	2035362.30111281	1788105.10966441	1678440.76042817	1899044.3352947	2123162.41971287	4123406.256941	0	3380881.58060149	1598490.40411133	1127599.44806344	866924.724436155	734158.189651323	618297.837995518	544722.116915991	491519.495481473	462530.001575714	421584.551883915	382474.918827099	350735.992720399	323056.710472936	302632.529536303	257056.475096965	256590.687463264	239510.739311958	274801.241911455
322	6428232.91135102	2946707.95583817	1993225.2994419	1733118.66706333	1615112.22642604	1741107.73052882	1932378.44178344	3286256.70412954	0	3552962.81644425	1752470.6418744	1132695.05278061	927837.951986321	734554.834986238	617234.180026117	541134.336820581	485902.550160394	452275.294379522	419862.201789139	374575.384657841	343430.989534642	316770.4517998	293685.013133771	250365.800540332	250808.143386602	233183.41117634	235740.346505937
324	6319959.59599504	2910061.67788988	1929115.29831312	1678282.12637197	1555910.8304475	1602788.90851599	1785335.5998136	2688890.80742178	0	29782.5699176435	1954778.19045559	1172560.66997501	1025686.04296313	734461.49286783	615540.940030785	544540.070605641	478253.765739982	445781.228567952	412590.520299241	365476.32512927	333878.556698582	308629.933494897	285359.174460974	241452.141354275	245183.548758249	226827.669292506	214313.112480826
326	6286977.98597205	2836156.5383165	1884441.47700983	1622406.67287916	1516635.68296715	1521868.74258464	1681457.80088572	2278676.29328677	13202.6322494487	0	2185589.14863671	1224024.18804676	1055572.61662978	736071.734682299	610919.029965543	534524.229738617	467992.910101267	434973.01333012	397629.78988635	359304.598509934	323985.243034226	297841.599977261	276676.358263419	233113.234392296	240046.052781965	220419.86277986	208230.934854981
328	6163949.41499516	2787779.10853921	1830611.77263819	1566818.25784435	1462368.60594684	1441259.29587177	1633895.57643079	1987378.30502584	3547738.96033449	0	2447396.42833105	1286901.04076335	998979.562329412	741038.359815779	607341.715221533	521384.189973052	455987.590190818	421842.220778453	384062.298084142	353259.965288356	312660.974141072	288643.778572359	267366.851935081	224569.79834748	231547.932814379	211603.953593263	202032.700643896
330	6113552.69316747	2736116.1920284	1787160.13249289	1515681.64091421	1400889.03698283	1361522.63001547	1552720.7328337	1756169.60619236	3281802.5545216	0	2659856.85359781	1372841.29014259	959328.187395153	761808.224726456	601525.353012325	511107.888871266	448940.898677268	411693.301356216	373570.283992639	348369.643934694	303687.26707992	278168.142234699	258269.299754709	216073.085285262	221587.244582185	205351.661734429	193533.816583772
332	6009584.63200218	2684004.98351942	1739297.29468767	1473335.00877478	1344670.63463074	1294430.36710878	1431806.97911283	1579411.15018502	2720339.05285843	0	2303661.51096894	1494420.58882167	979978.787070279	833919.554269518	598583.431194493	508504.008499741	448188.626155941	405432.217205432	368614.171798297	340532.362168147	293844.688035537	270222.602113052	250441.006173777	209532.500160083	213526.180384286	200489.405625812	188319.185321917
334	5918019.89336131	2639408.87779642	1697759.41876248	1424457.8833892	1293100.99273178	1233595.50519012	1293800.19244757	1436442.02477551	2247370.29911854	0	545.831259616358	1635216.24170937	1008733.93775705	901490.657308283	597836.767507649	504393.264075692	442722.861581947	394461.727761282	357975.921370757	328268.065898164	287624.846185302	260731.649561055	241927.458255924	202530.638427162	206423.18310955	194982.237903618	181333.146350413
336	5816841.82188097	2596418.19403502	1659110.55392283	1379126.02628156	1246777.00853462	1184584.59606056	1210574.69502694	1336979.10190936	1906966.51646255	0	0	1805126.35825812	1052927.2838207	889325.133544183	601309.137253398	502251.05077957	430644.537148722	387595.985204624	349010.933119414	318805.856917201	284294.780564944	253997.944420256	234956.179117184	197079.512304549	199380.912692194	187162.119743423	176352.950981097
338	5750323.96482796	2565904.35204772	1635336.38974924	1345116.26144323	1208308.14483992	1148434.0536657	1162766.38657086	1293132.37080629	1660541.77782395	2110663.33459483	0	1980748.25616549	1116118.57210902	836861.497804193	616061.268305271	506008.947970671	428392.117249256	386103.027989175	346784.293779426	314738.830391858	284604.155478281	247939.757932482	229863.729392593	192522.446419851	195223.964093227	181736.282822527	172380.879162438
340	5732187.44241935	2517652.03935249	1595935.09961975	1308692.53505214	1173787.69119863	1105856.42028212	1108860.96969463	1257986.76369097	1475115.14395575	2484464.91365394	0	2025406.75795411	1198634.89522115	834213.946452313	647524.596175852	506963.002497196	425995.709374023	387492.86853805	341607.151631008	310120.694829679	278332.533588868	243224.126873781	223909.513952455	187681.203963821	189642.727160555	176843.393501267	168986.428471758
342	5677136.63426713	2509698.79202274	1575961.68943369	1282582.75989982	1144953.40905887	1077243.17650573	1056236.8944892	1184080.79112499	1332804.90747291	2252452.54251916	0	1282465.83400134	1308627.67669684	863297.042658376	721199.045039833	510138.792308802	428275.997818002	388010.898670168	336789.037865873	306891.692172729	270127.806102537	241296.734876663	220139.044634835	184573.737060333	186548.54451599	171927.943636578	165096.26302096
344	5605962.67543725	2476673.85309683	1554789.20888127	1259701.29587047	1122800.94638876	1043086.05784429	1013248.13643728	1082929.06850454	1218058.13893428	1929091.01184221	0	0	1437081.2745785	901150.361707	762018.436751975	516439.198974232	428679.682737402	381548.915460161	333356.450795302	303708.786829206	265318.156998784	240971.314972454	215533.384615754	180713.572128536	182952.911952344	169317.130161734	161795.832116353
346	5621456.11878491	2445856.37836826	1541535.8066179	1232254.90716792	1087735.59471974	1007677.08060382	976294.1065602	996065.972086143	1122967.97057874	1655131.57085826	16.2274813011266	0	1567748.92054351	943096.886375434	736800.25042364	523608.636776609	433662.039793186	378245.452981289	330651.311600623	299214.590151589	261728.214121423	239988.643292258	210881.962045967	176991.056239857	179045.183581299	165061.112377847	157061.314334157
348	5598187.88163493	2405747.30694761	1509460.49700153	1205325.54121233	1058983.99077124	970407.011158288	938670.167161413	951649.391619532	1059015.60445891	1439816.13889307	1374461.78408318	0	1653434.68479405	993148.55224353	705685.971803896	538300.943378247	433692.240479459	375687.579025127	331856.289419274	296291.305095281	258732.201887032	233254.284808693	207124.638183082	172391.708811168	174163.964187152	160047.048833861	153005.404896626
350	5557485.64867857	2353333.46386443	1478798.9004315	1178808.33307558	1024885.94655649	937957.049394543	907534.498062052	906038.783401696	1035652.41330525	1271330.79790614	1839468.63310894	0	1551066.62536033	1060485.6238465	713730.125299723	585343.333773849	432538.286114627	372538.847692038	330712.981889761	291400.57801775	254622.245095791	226080.992005637	204026.825716574	167470.466990948	169732.12578401	157011.957728631	148862.020574733
352	5500416.41222622	2303261.36451582	1458104.56251429	1150874.61515813	995422.512025758	912312.069626348	880936.352666919	863815.38836021	993639.391112957	1143603.5060651	1785298.44420213	0	704542.469684341	1147734.58774474	740583.231392367	646049.391443459	435703.963914723	373250.426696654	325285.035203835	286876.837269995	249827.364668684	221264.154755362	204759.772773111	164704.705668399	167097.073173967	153882.31851432	144958.332695106
354	5391930.76617739	2287434.16508831	1431415.54742655	1122916.16017827	969151.374092669	887281.386012353	849397.48641631	816027.506099849	918734.262985958	1036895.75613627	1572077.48386253	0	0	1241388.43883156	766808.180618205	649995.585259654	441875.422893939	376530.74143017	320628.042674128	283983.775885048	247723.838537146	218690.442187417	202796.080869568	160940.28388046	163972.84855617	150402.127828953	141333.837632583
356	5318053.04326162	2240283.79662353	1411795.16316399	1103856.11395563	949786.448398353	862560.707028095	820881.024728699	783661.39204072	829819.510209284	951666.006826874	1371307.35966731	3.1110495877707	0	1330696.2864336	800745.528839805	614294.376429599	452161.304882834	380230.565274164	321284.72195581	286154.015619417	245975.368691157	216521.943905944	198580.786235068	158409.411920074	160590.768702727	146858.617057403	139124.403996975
358	5206546.92515635	2225837.93202286	1391984.1187052	1089805.43435548	924241.709174758	843217.260152739	799109.435595711	757443.554419144	779001.529246496	888331.600164976	1214277.0231856	873385.715822588	0	1372938.76321582	847074.120473533	604036.014058018	481705.04625502	383926.415593002	320808.691251443	288043.00706202	244840.048549255	214255.458622896	193347.799455887	159339.029870706	157659.825188297	145233.47663159	137566.990891692
360	5205560.67922292	2199751.05458979	1354455.0807709	1066208.77758644	906599.65373876	820937.177626293	774482.526289532	735756.781412807	746920.871859754	863055.661374124	1082573.32987358	1371943.57369406	0	1218929.78227744	904880.257050436	621667.056675686	540944.397603054	385207.870813458	322485.592071484	284232.919996218	241407.549478458	211121.691964257	190618.297207629	159929.268066879	154741.597540775	143311.155187102	135392.493048565
362	5141467.53063995	2184743.87919975	1322407.90464661	1048573.65329734	887373.351754279	799743.320035824	753310.153479525	717429.279656116	720978.580386085	852896.201640744	980585.904019494	1435769.00831127	0	499094.07740541	978697.455170782	646925.554970592	571914.464440444	392134.920303599	326150.85675093	282775.229313416	240438.722795931	210480.9274279	189541.529526684	158694.916762149	153168.77707041	141952.364449615	134114.706634886
364	5103746.35560082	2162972.84083566	1294557.56416737	1030908.20471415	874595.215641077	780281.648005557	737406.908279562	698882.382278562	683428.960429615	812104.421213389	891453.980760946	1314526.35216854	0	0	1058350.1476672	675001.322836611	549653.03733932	401037.0625754	331534.417366355	284944.147793925	243119.241392537	210952.247615134	188621.643748986	156566.061763605	152665.689592194	139978.652797944	132483.305823634
366	5064441.315545	2138062.38635179	1276323.57724304	1022515.01039207	853779.889217664	765472.020955209	724388.935265588	681720.93947597	653246.791621444	744318.710468888	823426.435496491	1170474.85230936	11.2112185245111	0	1133350.25190084	707797.730155684	527531.955431949	420830.078167132	336530.877769132	286428.543067875	246726.155277316	209231.574366133	188209.636005374	154032.307118964	153941.762138681	138795.05823714	131450.371371436
368	5039959.17158546	2116744.64571784	1268908.62909682	1014319.05673827	845420.031641123	756423.620694921	710594.498760439	664301.737749381	632080.29738524	678901.272600437	771044.034778207	1050384.68307101	597959.363661952	0	1161400.40595295	752687.276126176	541676.26710216	470625.126726021	340163.904883157	288581.72125767	245889.910065868	208328.055405496	186480.021266235	152799.338064138	155627.526842777	137694.741108301	130172.938793037
370	4981343.15216032	2082467.02194199	1251418.76981979	1004321.02246582	833555.407224448	742531.737675891	696860.273153368	647992.330462696	614467.09635957	648002.543086173	741361.169581839	946033.055348531	1085870.37656222	0	1026399.37266833	805823.793654312	563131.732559045	524865.331755278	346617.452320994	292418.43827274	245447.7522216	207659.241686866	186781.927220065	153046.650342712	155916.726259086	136851.612304758	129552.307035798
372	4926819.02380299	2040421.32813204	1237564.57724242	977786.617774021	818230.330258371	729860.252740472	682616.251286935	630109.175598511	597802.536063041	625151.939115954	739799.255924985	858003.240110798	1222136.46473563	0	478799.675148479	871220.311818958	588494.980531276	522687.973658231	354684.136656112	297694.926125061	246697.211919571	209113.432108028	187691.700531809	152693.349702691	153490.334046785	136574.805675541	128331.985802274
374	4874814.75180965	2031452.5799216	1224183.80168127	954128.493866091	806325.980227871	714570.344474984	663604.319910458	618170.910879241	583215.681858745	597435.960877939	720371.533569256	786607.461169955	1159124.78473733	0	0	936339.973893074	613929.908453112	488935.383157443	366203.254867629	302139.037425266	248862.947807202	210818.495822051	187639.200895714	151943.290653348	151147.549723146	137341.567350249	128521.277901085
376	4831149.04635442	2014148.52141702	1206319.70612023	934699.633317459	793742.680939977	705141.487238465	652998.083694184	607494.535194603	571083.513145979	569638.063955036	669868.887163273	727803.421641802	1050777.30955039	0	0	993991.219309149	647414.507551944	487245.178427709	396976.547676059	306509.435924569	249678.893222832	211473.362376787	186039.693207212	151095.974905249	150335.95017709	139087.747661117	127782.945377258
378	4800736.09709256	2003997.22763537	1205099.83315875	919807.284523727	791229.011646282	697872.368694255	642120.425260769	597523.466638446	557872.057510618	544910.078415488	602973.846009933	679181.488538267	950238.697671285	426060.192938643	0	1003470.03668526	689293.909568767	506966.025226782	458508.587960825	312230.695064738	253530.39519	210625.811282352	187022.264539122	151598.803008204	151797.546402688	140689.111483115	127905.311727208
380	4805775.39884762	1981388.52057907	1191505.79580553	905784.382023914	786577.174173752	688485.0551349	631556.257458932	586354.713514287	542424.957965708	527844.155565174	562739.75248036	646304.918671883	862040.401433322	869197.345158605	0	860788.097390124	737725.265920306	531518.915196399	482934.875759564	319399.732459941	258431.295329344	211460.911286942	187784.51746688	153124.14664001	151842.214476911	138626.800353257	128022.558948995
382	4833428.29665299	1968883.82411332	1177419.03187144	897689.219846908	789932.918976298	681265.173258289	625697.884736999	578425.142203413	532373.43109932	515566.196591408	546882.783432082	649249.783631823	789723.916712369	1068067.07303809	0	400533.544285404	801398.328613887	557267.994392068	461916.021289257	330132.8698117	265076.953268625	215422.965443134	192309.129829601	154041.719446965	152885.56225001	137227.32167555	129959.384558776
384	4837037.07850367	1946618.37708087	1154157.22288408	886024.050717687	778344.328890455	674728.182059468	618240.330601839	570129.792692173	521453.536544174	504344.531508299	526283.547956022	647610.191591564	726024.204493983	1056989.15527978	0	0	868657.173402002	586387.01219766	439733.389822122	347223.77600706	270162.984663608	217658.43474245	193840.088418797	153902.404329744	152496.504641728	137149.770119786	131671.342666093
386	4812673.78605757	1930806.34792038	1143710.49284964	875898.39856036	762217.970536309	671771.396549216	612000.692295052	561568.340239857	515018.209827944	497443.07542577	506144.326050238	621661.381950051	675968.358006139	981635.082709219	0	0	923551.089879149	623099.431307452	455468.508515806	394191.134959959	275930.766062356	221555.661000522	192431.308908792	155206.840825815	153838.505534084	139266.142806977	132421.949549624
388	4794978.40459032	1936009.12092692	1138184.15409139	874322.899087236	750499.469402303	670501.280506035	609970.27212588	559137.07966652	512010.252839439	492356.510354486	488718.962195655	565697.518034314	639309.855813176	903956.565953267	283379.329764711	0	928209.524815526	672116.40726846	482547.362889578	453805.21912067	285742.939568413	227485.06409315	195953.831052045	158586.080544428	157267.223208727	141352.812852111	132115.227940767
390	4787957.46647605	1945660.33882407	1149246.64088386	875097.878504281	744406.734909266	673097.450426203	608906.188957089	557796.801501889	512140.474009729	486818.373334975	476964.869551832	518515.633068733	610116.676304523	834071.354855932	679234.72682473	0	763944.570659324	730947.681433137	511676.984742698	463147.233667735	296181.097860262	236142.160381125	200584.545727075	163528.091148687	159955.79087899	142623.606831937	132660.593228817
392	4768324.74851394	1970756.92788546	1151519.08764801	881594.353764633	741156.831329644	678466.152551364	609648.979822607	557220.416180653	510869.6520575	480020.012654077	468789.928280972	503707.274857802	605095.281969625	767651.605801301	945571.970823497	0	267724.07745051	800290.833900581	542402.848859649	435541.829550252	309332.15630807	243006.311971725	204646.709441982	166787.541247364	161076.390654919	143654.317704036	133730.145167193
394	4838734.95934827	2006780.00684753	1164884.4560148	890967.409374674	744354.304710846	691779.872859361	612173.639568585	558933.340907884	508286.574171298	475283.74610426	463158.708883451	493825.380564833	623809.784497436	714231.623652408	992091.784602616	0	0	869907.726587014	578778.224644999	432302.024907286	336494.50855364	250327.981775729	209127.181489699	167560.246110053	164101.611264251	146779.61740045	137279.210684478
396	4885617.67657344	2028572.50486692	1162266.21340191	889080.516538539	743857.728783206	693681.325930841	609930.372138785	557618.077857446	505306.932028476	470513.445886976	458008.430879969	477704.554557345	612033.533575619	666252.036251018	942163.561869554	0	0	918665.47154012	617782.715735364	456248.502088155	394199.723445251	257406.867059099	213700.969149598	169181.998059261	167105.177828165	149089.867985377	138772.780725169
398	4721472.73972105	1976714.49469539	1139973.89387599	867694.88202168	727768.565368791	681797.620831247	601771.806472687	549696.201157409	494221.486354937	459402.577154791	447162.830900846	454746.72299461	562081.835305474	620389.503469442	867074.009783215	215449.389132941	0	901101.480029631	657801.137034405	478321.375943521	431905.326920216	262548.35335318	217992.970727718	170456.082316836	169749.126747824	149835.842724482	138385.510472233
400	4592421.30134319	1904652.55060619	1111485.69294067	844397.270766791	715909.525637072	657149.28312945	593120.818954548	541357.192022708	483042.524898688	450096.550156375	436954.027805005	432867.50639699	498865.881786764	581770.264389003	790726.720592549	583036.211509033	0	710116.590032844	707363.836262683	500756.675659927	414673.097309147	268994.379766474	221625.978158163	170852.427975685	171676.624222216	148968.896529343	136662.321722042
402	4537186.44046811	1873895.304302	1091860.42795657	830835.075614162	709309.450698141	638695.976318326	585143.663881244	534679.715579157	477625.246846153	445368.362052792	426362.999440424	420812.113761275	467795.617438566	561262.641942907	723610.854254597	854234.632459554	0	193247.138077605	770559.293878678	528155.042638233	385257.572297013	281162.462064621	225331.481703529	172332.517202499	169959.775070458	148794.944776246	136898.827482734
404	4506224.20294509	1872571.21175725	1076982.93371749	826875.724980467	700749.902924247	631832.446110881	582551.154985536	532562.399547942	472523.511494306	440730.586932012	418928.181818492	411622.180474076	454446.077984369	574449.959427782	667388.194916711	913489.68123252	0	0	836560.080953549	558015.831041358	391909.603774908	321184.788851122	228887.920493774	176109.395978925	170406.909345821	150137.233201724	138788.204709138
406	4532442.84386606	1854479.63069944	1078162.98121931	819037.792690574	700439.387231879	625848.845471125	588669.371163242	532128.383508067	471618.198699048	437191.062921099	411678.35981249	406545.167763114	442231.023684585	582593.598535266	620640.990398523	870840.902809176	0	0	885851.918312875	594363.926874756	414213.99430697	373393.284701298	236035.999426212	180698.737136433	172940.393429541	154762.254682801	140297.556943061
408	4555791.73382011	1841553.50016218	1072483.12001341	816186.432668076	695721.0000686	620461.683399843	595278.082978706	532710.219288514	468358.305833445	431860.272351908	406472.281661349	400527.674147554	426077.455508701	554226.642319242	580943.298838629	805492.817627462	234495.437580823	0	866204.163390396	638787.246251728	440108.085990189	377087.795969508	243106.338495859	185253.324885482	175821.230846525	157709.552879672	140959.159112084
410	4544204.70569988	1839132.21157358	1074421.45542823	812409.376350915	690802.557830511	617553.630621748	594249.288943185	530005.855752215	466706.00296625	427912.042341194	401162.689159457	395438.489529814	409603.380879046	496957.496814954	548278.014822011	740673.558684307	576036.964217969	0	668441.710451457	694475.340717409	465222.785299812	349562.206349766	252068.859031577	189578.579731178	178187.000997913	158656.664416968	142234.265597359
412	4537855.89378828	1831799.43671277	1062794.69523768	801343.141972701	682320.666780031	613194.221216034	582586.884463911	528927.644682487	465604.678477676	420411.416300036	397905.926238313	389215.678242472	396608.025764435	449180.880957685	521666.722149011	681233.649866849	817262.137592428	0	172614.75355701	758110.095758724	490239.879631946	339638.395352979	271432.78941733	192213.779362236	180329.896315963	157123.971336492	143797.778972066
414	4476484.10111531	1797780.72220716	1047177.62974364	790985.494793817	671699.725874255	607090.666035094	565898.92377301	522693.57034209	461571.311057649	415430.92790115	391799.969325707	379676.410794305	386739.914996918	432372.736340583	514233.73466303	627453.985595094	863275.581718807	0	0	826030.863948531	516832.879059772	354301.181468919	316082.242425121	196857.103668569	183933.106453866	159328.755930078	146480.169390124
416	4459575.38630128	1781112.41212182	1049370.32589758	789523.89017884	667084.197552379	604796.441802262	553144.857123541	522975.255723789	463096.229856836	414367.693857972	390901.763470541	374905.44278344	380956.384281801	423275.525890886	534713.280523773	584710.006366831	821358.895105969	0	0	886635.856397179	552233.979474908	376041.145069941	351086.380335392	202578.111386212	189542.323745879	161871.705264274	150752.667948808
418	4535464.72403047	1823360.54598465	1067462.62455755	798308.895507633	675424.295102033	613589.848522866	557841.216725514	531338.474009687	468300.252339531	418118.203773471	391278.688327497	374386.360940479	380383.832246316	416382.947682815	536396.310234369	555142.655419189	766125.739446455	222537.16218655	0	895456.0609613	600319.535288485	404009.733697548	340387.234530372	211970.465709292	196922.669209954	166352.102246344	154227.039427253
420	4392221.48938715	1771769.69872182	1057508.11738654	788463.00593066	668883.88290418	606839.829816015	552636.314525766	538625.932503811	466855.417510296	412843.217950035	385191.498222464	367542.652467801	374669.136391925	397979.016701094	497139.941716149	519661.641313048	702344.609409387	579128.757595842	0	745345.414450025	648935.082388966	424787.07832721	312084.496002628	222897.538813606	198521.495296308	167163.338828872	152160.674045498
422	4324194.86744927	1761249.14279984	1049926.79448488	786361.201257961	666411.234917759	603616.616811516	548705.289960617	543588.39982048	466623.349284511	409201.03779429	378742.126255015	360701.884988348	367187.269578393	381844.341713622	438444.425085318	490248.963402628	643053.815648994	816410.542888822	0	284889.907206642	708638.96292097	446676.18015453	314677.999955894	252051.455141471	200886.534096515	168986.300899195	152739.700307842
424	4365076.08346986	1774566.53466763	1053659.36591476	786811.511685709	670590.798238206	605141.484020204	547259.278932643	542392.411627973	467844.183705871	408892.484034108	373250.765361438	356944.85320014	359922.775053375	370263.159789551	404491.874398441	472433.877385172	591713.23118881	855142.748595105	0	0	779110.142492083	473002.710655616	330530.126851279	291404.306481445	206879.577858027	174089.752950516	154926.43844224
426	4413352.48577675	1798734.0368553	1067049.01754149	793373.505340977	672495.502611165	605565.520234564	549430.267190098	533090.54799479	465569.606657738	407128.51429478	369080.583492601	353673.641268792	352118.738869542	363469.321976433	391658.227123914	482345.902317923	550064.277675586	808846.940539137	0.568208143575159	0	844071.328030617	502419.679490437	349927.801481977	299656.506434595	212732.051206516	177594.723737978	155871.843606299
428	4489743.0981045	1828112.52992156	1078288.97077046	800112.757707329	674731.902892376	608476.349510304	550656.636809847	523025.047926431	464299.336593283	407325.906857744	366915.410860065	349984.720796171	346860.906670933	356976.020766222	382574.012520117	499323.673548355	513752.892669568	744738.487056434	244283.591513953	0	870179.888929055	541639.558264922	372017.732315823	270287.785574226	219929.071936791	180393.042121511	157007.442153258
430	4509831.93712763	1832634.62000076	1091209.87333328	805490.086495985	674058.720191979	605085.61349813	551514.17314237	516240.731197891	466802.407456477	406559.458410675	364558.212972658	347066.20388625	341768.387165476	353398.9685935	370864.85368376	482243.305156174	484041.549562355	683706.729506022	588871.997134111	0	763661.492688951	589404.918541531	394940.240880358	260396.109001513	238903.910835097	183127.950902169	159551.7466455
432	4571283.53192048	1851191.620124	1094308.58709883	816337.118011704	677620.433127009	605624.243930227	553898.747297075	516929.398792642	474577.747917426	410539.42157782	363926.873367421	344866.805673361	337671.883747802	349035.636825619	358862.102182602	437821.154753038	459041.375489546	630363.44114822	814316.163194303	0	370146.729500768	651414.46950549	419682.395461772	271380.752400585	288523.262544093	189183.183477518	164528.765572213
434	4640517.69159803	1887455.05415107	1093463.48844113	819267.477692012	681155.40539639	608570.538187387	552584.484595008	518270.810055332	488664.425883355	414802.914085365	366379.855512561	342712.471348212	336535.934191979	347084.975704352	346731.459487213	389674.492720456	442803.064886552	582919.059016945	845091.121799159	0	1.14813544818542	719782.714192332	447681.829866363	288778.017508648	324325.000020946	196150.397910257	170098.411600619
436	4763091.13446249	1919698.85260159	1104114.5923214	828924.662359427	684587.56538044	611804.271667067	557792.555825487	520735.178671731	501051.742453898	422921.1928605	370262.777717017	341142.113998004	337258.401523637	344473.393747081	342976.767872711	375389.581615396	449468.899291644	546552.611537714	799538.319693467	0	0	783056.33623909	481726.547261773	311200.889734008	309054.17651864	204566.490114023	175969.288299771
438	4739318.24912619	1904113.9758568	1101274.92319095	824005.823196833	680559.27490168	609233.78342108	557400.080949264	521377.845677726	500658.950304991	422924.268613303	371293.882816967	338704.566694718	334956.428942154	338376.311061906	336888.090619308	368624.893253354	472967.645164042	513316.828385176	736416.725478431	245504.999125875	0	798658.367614976	521237.761735931	331777.637308476	281258.680125953	214884.216289639	178581.577684889
440	4617268.48495768	1848442.84785947	1078197.77248026	811194.813384958	671689.371065719	603148.303643991	551107.702259045	516875.790563708	490661.730276165	419404.516478024	368131.343067709	337088.836694546	332225.462485062	332924.857686902	331869.752942353	358115.323502734	470320.644160189	480707.334424966	674055.791995381	606367.775648646	0	679645.412094068	568221.539035427	351121.786948559	281886.707326594	242650.142589234	181363.377793847
442	4499694.45420167	1810151.90733224	1061198.34497394	811913.764130388	663561.918687679	596762.30096823	546298.139365083	513014.282651978	475572.925662173	417743.416779145	368588.96021049	335954.53956188	330516.332850199	328513.38405041	329561.578300953	348143.744225568	433077.334699326	455844.290566864	618495.662834073	849155.826169317	0	288060.557649659	628393.166813522	373979.416244584	296059.584370067	296060.004925284	186540.825903886
444	4358051.99542462	1772652.04904701	1037759.1699846	806982.328279069	660510.100359146	593022.277716691	541341.946473021	509306.102733797	468737.253389522	417559.401050924	367457.163494419	334378.57105966	328570.512746445	326661.220920544	326644.642202486	334811.851650603	379098.494769765	435761.933767357	570815.225796983	878021.163165499	0	0	694271.762108661	398494.283222583	313347.634207452	309778.323409079	192620.869631721
446	4261023.79026651	1753639.4171471	1025257.96918356	798244.574600585	653739.787485617	585536.373904256	537200.818725117	505504.752170796	465444.352220274	421958.418979117	368714.234856227	333887.512021098	324851.077274282	324511.719727806	324256.934194199	327087.424656266	352289.990436641	429481.079194143	530523.910121072	824063.075986964	0	0	756186.65812061	427658.522011788	336120.299789246	278825.286143596	200315.333045975
448	4693331.98680143	1912524.26700734	1099052.42230476	839573.857504333	684523.161769612	606610.709350759	552200.797107427	521197.280547649	480834.588165277	446479.531762849	382502.896808147	345776.027330594	332579.411333281	334471.757656391	332555.726607982	335246.886858813	359165.822654465	469634.386423853	515059.190961774	772370.627298519	205841.946005872	0	765021.17479391	480877.502911736	376429.290302426	274840.147342148	227400.122899359
450	4596087.57551493	1883840.42991625	1086318.98885752	819573.206780287	676347.478984071	599390.674945553	547680.152602084	516677.813028275	478245.537341538	454361.162823873	382333.618381697	343049.807068362	328197.769411898	331739.603726923	326826.687563267	331305.979198996	353316.155139358	484502.773216128	485243.587039275	707944.429761921	545444.537623488	0	620228.513652414	527480.419989469	403006.326464652	285713.614594692	269787.668621024
452	4196512.4980907	1769563.22415691	1027162.19632261	772582.773550093	652159.912203165	581419.068190855	534527.192448887	504480.92990821	469289.226610038	444617.058529554	375559.022104612	335252.804055667	318783.542569071	322650.629453442	316262.643856563	320740.843644064	338742.29270447	453813.076143848	452085.026412094	638674.688461912	826252.386492857	0	223694.099363533	577054.652613669	421596.309670085	293201.152123301	302891.197229738
454	4136530.68314826	1752781.5228892	1008241.25584095	764361.354127835	647968.322000854	578262.984663213	530547.517947247	499942.150449844	467066.912923107	435667.934465993	371854.578583431	333418.257934166	315771.49127536	319205.204964013	312325.036417419	318538.460179469	326754.401825696	397942.723017734	429874.915903881	586420.617396009	873259.141306172	0	0	640778.496687052	449366.55641597	310746.723348629	292578.753010116
456	4314427.3602994	1814520.00189274	1042681.87199795	782900.975134611	663358.76728923	589019.55722623	537351.770578036	505029.98129707	472977.653956071	427611.354229778	375869.825780085	338547.685425525	320271.869153062	321737.831583342	312320.274013211	321651.263920034	322493.873905706	364108.59767423	425749.450299351	553074.001504662	828819.186941914	0	0	698551.45820284	492782.875065459	339906.143193711	268350.660898469
458	4295531.16707471	1802174.16387233	1038258.55331596	776459.24835726	673739.197622485	586782.987102054	537769.30390228	502035.46363204	473021.197477318	421280.501647221	377375.691814704	338002.411882202	318784.233276812	317198.343520549	308338.616499839	316901.822101191	315226.424737662	352806.589974692	441643.082578077	518507.547862619	760333.991765013	204679.93603015	0	699617.292439044	536910.458611078	365626.050095964	269226.147104781
460	4644678.96959373	1889808.12204396	1094021.78556175	804357.482030353	705107.360837516	602931.424651756	547873.438796616	509557.813450759	479765.584901795	427417.363586774	392253.181015518	346893.199218359	324611.097356936	319497.960556057	313862.415185076	318324.359894204	318682.512790692	355343.086643462	478011.79114305	500813.405677793	706205.230879081	526642.789507681	0	531904.468663101	608471.255186826	403634.378419624	293949.318110133
462	4781268.56165357	1934547.42293813	1122371.82683792	823312.085506542	717703.168732324	610144.691829647	553319.117837362	512321.246723824	484416.319108096	431905.484047205	408819.387666863	350908.553136255	326958.277078898	317871.140074409	312462.706027499	315340.768119582	316882.87244856	352774.210162072	472950.973609463	479984.76312869	653792.456230707	770038.315404765	0	139525.374783512	683983.120271922	438134.548134633	315358.641192052
464	4819780.00412311	1927789.22620795	1134320.97236307	824415.736205831	713229.700865161	612679.021673908	549932.483175699	511560.524303005	485490.825921514	432235.596401502	412655.456532589	351108.031924481	325336.054516531	314905.437169119	309995.768427193	310887.221442929	313351.862568646	341745.942301724	428833.745102036	456460.415429865	602166.109804729	826536.387611335	0	0	766881.480725421	470474.723511316	336393.3057172
466	5701494.84096561	2215996.06851061	1283493.41299859	913104.388178893	758137.430826736	652522.773928769	584349.219847645	538260.955491345	509429.089592872	454533.190304592	428379.435878399	367698.417263216	341708.469759006	330981.416279542	324789.162665846	323403.846199853	329092.955143649	349946.365353731	398031.277191877	466441.566332676	592434.314631117	807760.876793554	0	0	858017.968955332	540522.085234489	391338.225406973
468	5418320.5141423	2082309.86927133	1212299.73680594	876526.112232982	718397.172996798	632087.424837903	568696.725115166	525634.30000744	499196.511321812	446653.343723514	410854.161900098	357748.238206682	333832.281443679	321023.154029477	314649.642699635	311725.137329043	317698.013577628	328658.708356525	364834.30491633	448329.433570717	540882.115714347	744061.685731315	168951.178009791	0	874341.263040878	569613.276054953	407033.911791099
470	5912606.39478862	1956614.8118022	1142084.73331104	835541.675822407	684155.476842498	612655.292276183	554135.527921227	513853.085861633	489013.443773524	439482.179656416	390909.138243774	350806.802039445	325947.743776568	312116.456320058	303291.252721989	299024.352083799	304982.656529324	312429.742562247	344376.447122775	460593.040597633	492028.83026654	670273.286968199	517763.712127562	0	763566.477140403	609249.473527725	418996.215174697
472	10556993.1307809	2052071.20752686	1182258.54128213	856870.295207814	702908.086344962	628995.130569191	565403.484494233	521930.161533786	496310.240102192	446564.135310775	392979.666758905	359763.788543316	332869.067784951	316243.130078067	304163.856730538	300746.741861915	302604.948326222	312235.859505279	344200.969811901	484894.588789756	472873.064545261	621744.327640301	765364.447989794	0	321864.637573104	692188.472973085	458417.068828696
474	24964683.2356247	1860880.13580183	1078644.89721575	794468.910313838	661767.576552642	615511.051852213	543636.494778767	503994.715610195	479407.831436372	432575.00457067	379485.520918113	358196.309033915	323565.579120643	304656.130321411	288564.719409543	287142.985605974	284504.347878846	293652.095201659	318324.052633643	441876.404815174	424976.917938362	549502.390925356	817244.353054142	0	0	752038.471941731	462022.302311654
476	52045446.1363962	1852022.41428028	1061223.08284516	788101.517185186	655969.14391446	626675.227989672	539569.448374607	498238.246331985	477487.484052509	431429.996571696	377774.24387914	368092.16903889	322553.143941992	301254.625170204	283466.114816831	282977.454433762	279780.016462338	287519.752614268	303792.28626793	381103.405169457	400163.554927404	502638.208182325	764392.875055744	0	0	848126.734690535	489546.742247539
478	53796010.8741883	1985984.72496239	1101003.17463074	821952.435203646	674019.472071755	642927.445165774	551827.438514001	507654.189074411	484854.680116076	439236.092157199	386073.059317106	376426.595484696	328094.257565079	306179.549126912	287672.338795184	285278.018358508	280922.812775306	291481.239779611	299139.942729261	341491.094846176	392455.182317904	473974.444381642	703072.632596219	235410.848153816	0	946097.936496498	547797.79475745
480	23434591.7961254	2159708.36083939	1178782.73234039	865189.504950996	698955.312586642	656750.34640851	567733.080107	516667.553211771	495928.86781522	450195.233384574	396854.475221066	377502.600234534	334866.947662789	313502.157163215	293380.546301351	292459.761604167	286145.016878814	296673.913684484	299656.423093689	337327.180724281	412631.258878466	455191.925041522	651072.670891533	541741.65359344	0	920324.663528733	631910.997361563
482	9389588.42813859	2171823.17056416	1162675.83811019	862648.846119342	698741.088669991	641281.388331293	563502.225090379	516378.163792009	495150.794169366	450138.935365981	396083.069140574	364556.049145753	333155.288704018	312889.884687073	291053.466698676	288712.876318906	280884.445539738	290387.147614224	292296.031247453	326042.359844988	444467.49344061	426334.523282203	589633.82624517	747928.857883365	0	562598.680416752	710804.165996877
484	5056982.63791405	2169576.86308028	1135382.83083703	848983.719699644	684367.031003091	618751.67534014	553818.449338281	509479.800459053	491972.3554816	445790.40219376	393181.015110238	352114.66390761	329868.862053543	309967.598324178	287389.109746304	281191.168192625	274835.805426815	278157.78319487	283001.059798193	314475.293231288	439433.084949242	395409.510155691	532242.321848639	760765.7288867	0	21.396883457782	798957.378890347
486	4978380.38564796	2260018.7952958	1123956.96950087	847431.45452675	681265.397359443	604553.842284243	555061.562777411	509850.537662582	490614.42340579	446463.367251106	394115.016204486	348880.891743735	334785.044975397	311150.573432223	284662.95862389	275783.539417648	272887.926903095	272791.138537783	277790.232454433	302950.177351089	397217.320808716	371392.20896851	486772.909891626	700051.930330335	0	0	917776.599464377
488	11626536.7973479	2735369.0769468	1158510.63409493	866279.884344512	689329.296605903	612038.668821657	565308.392929484	512173.550535043	494217.193231146	450752.759649186	396469.950434266	351414.954005138	347222.314774283	315390.716601199	286859.235597071	273714.855851773	271629.33514571	270225.367477068	276085.094540678	293668.82487137	338214.774939333	357496.600947698	452561.918964066	634328.133255131	380023.668942768	0	1052805.3741138
490	46809799.255059	5316982.3859046	1254412.75297899	913897.882317428	715411.983110063	633344.085990327	599082.999886066	525826.136389915	504163.757754527	458903.800945522	405660.516517138	359821.553552708	365729.925890745	323062.26860138	293565.936501284	279238.853621293	278895.248243526	274586.570602308	282884.019131545	292770.67299475	318038.727664914	366049.445360382	434824.241149728	583923.233450561	767380.693550942	0	1109645.46835587
492	36585371.1269409	13903948.1791093	1307483.85758528	920902.015660297	729569.504782196	634078.726015714	619528.170964203	529448.945140396	505586.843856953	461739.018518162	406971.862509063	363039.717889488	366252.611931499	323525.181799583	293992.038900959	278902.784072901	278446.641710924	271438.591023939	278963.359392968	287035.831933078	308000.3205339	399475.75288214	409653.903405641	529674.149885372	956774.528296335	0	828411.54723099
494	8420501.50845781	23556972.5361666	1338386.40319706	911424.323860651	719778.395971514	628502.188898396	617555.895967721	523622.09283027	499905.236655597	457889.493003883	403505.369997954	360472.659085537	355931.324492001	317567.650613865	290233.453562705	275549.733808307	272506.958444763	264905.061924849	269355.997522425	277828.768832435	297080.455590612	415813.938180622	380631.525988587	476377.155010174	922857.957047877	0	624.04389662536
496	6490997.57659557	8512005.1456551	1407543.58994306	915597.378633142	731012.43976682	626317.976566428	613259.009160826	524004.996844853	498926.50186197	458943.399697885	405958.20363239	361443.393973117	343434.480664748	315564.846391747	290809.915144467	274486.068478063	268934.967164942	263188.919023427	261880.46904387	273679.009959995	290660.158244527	389897.672044816	359702.702800144	436025.025523663	822300.282228874	0	0
498	5750646.1559101	116321.783485751	1471684.11778551	936379.218758105	742017.190300046	631044.275458001	599693.865745662	525075.546479998	499871.686284988	460452.053181746	408145.664020906	363193.658577126	338084.327252953	318543.516385029	292080.179423672	274792.368501049	265052.440541634	261384.761601328	258819.700978512	270023.715095133	283304.874634717	335855.612062735	342851.9550576	404071.96873744	728388.015240858	455398.433507456	0
500	5375011.16665334	327.776499990113	1546830.13103137	948396.898849179	755053.881526792	634620.011566659	587330.725165072	526803.730515867	502447.506973762	463960.311899249	411451.379530916	366326.18886554	338891.881334857	326383.336989128	295217.818777571	275265.265920313	263572.007941178	260779.738300284	256672.483793675	268204.980879372	275083.732698298	293690.540686161	334694.945628097	377750.551585554	650011.075078217	873420.114270761	0
502	5225838.18254722	15.7747908091597	1634461.32948332	975451.442819759	775807.564720218	646949.546634503	584940.786244094	534610.291326458	506718.947497158	468783.917446592	414781.590226939	369690.900696737	342719.597073382	341175.721938871	300019.127032885	275686.224588845	263849.902170424	261750.647533493	255994.968571872	270025.006394284	268565.503975902	280809.565854193	352968.120127539	356778.138619912	585970.330694352	1042017.76050688	0
504	5053983.46074194	31.8936186454929	1751872.0336046	996396.848155721	786341.843101123	654042.911590686	586412.791793799	546382.754356376	509684.345301356	473573.769073088	416946.930503557	371418.032560975	345213.803175707	351809.870685138	300875.441826834	277426.770825158	263892.577358054	262128.157144658	253482.780821659	268254.565563748	265719.080871857	275841.930812163	393535.348042623	338456.622636915	532654.347253567	983988.257448246	0
506	4979083.10593932	64.4600773590667	1969256.87891722	1028171.48247398	803889.729533477	663321.299510403	593235.151774523	566260.392782673	514502.851303248	477447.195735311	418718.650376449	375956.236277218	347629.318788107	351631.031006834	301889.925075204	277612.710435106	265884.873953381	260915.86090186	253318.088079057	263995.460360537	262675.079353238	273347.458564373	398849.770785267	321473.174529513	488982.06129746	867652.452236021	0
508	4901064.29086697	2182.74416730508	2591577.31966738	1071104.31290643	819799.11170922	674179.337809591	600140.313935494	591342.683979315	519902.48074195	480503.435936689	421283.639854202	377875.673136781	352643.826080251	346001.508212682	300738.197444304	280814.952152418	265928.101104592	259969.33427041	254294.653323729	259343.046754921	261934.640090739	270268.754727936	351913.307980315	307163.016991864	452833.127590155	760087.442742013	670516.857692047
510	4850498.16262316	1480955.87751295	5474204.02403098	1129038.64243543	842766.172174854	688910.463617651	607252.853540182	601073.669316515	521706.359408831	484635.738937011	426303.283309145	381355.929084216	354893.013516382	336506.283997964	301542.1698734	283553.908690414	267941.378924193	258137.671011601	255004.106152782	258068.561898524	259762.42903147	264153.031521034	295129.772562173	299391.257963054	422010.723063267	672151.431759748	1118514.7034778
512	4866556.39009993	22478056.7434494	11938623.1662758	1221630.60994355	864612.052737836	707045.049493428	615081.967501866	604806.214375759	525856.266097897	489534.638206301	431504.393912754	387311.471914523	359791.085155172	335499.192549889	306635.061358901	287566.45741688	269025.613207348	258182.578043656	255122.805000944	258403.475736882	261112.260045886	257423.804141795	276854.191223457	307578.609848636	397773.83914315	602545.563698915	1209724.71903939
514	4804863.88061913	6608181.1456365	6220636.3452571	1339534.93144765	889040.929885163	727648.544826347	622802.117001811	596251.118837158	528738.007103391	495646.72060386	436217.201249239	391821.592980228	363153.226620574	338306.581878189	314946.292207304	292793.281059197	270787.967159891	258624.757821089	256280.478474913	257050.951718962	260814.837430456	253217.021870769	271180.076367955	340522.421215625	376824.924389852	546898.609177744	1088904.75565679
516	4793758.13372468	4847946.03234795	32212.5564312203	1450167.07830274	913634.731543962	747092.343185343	632065.563828595	580954.522895465	533556.571621155	501156.242676585	441116.670671749	396679.323573771	367865.571249275	339600.469167264	332086.315241674	296137.583306627	273480.188070256	259592.219625652	257121.962531552	256589.354247213	259198.045426504	251546.296552239	269330.608787955	359442.992134026	359054.150757851	500770.837221356	937006.426997969
518	4827689.79066127	4036057.02940492	0	1550840.95462333	938924.207226627	765893.42827865	643148.291658236	578881.89824335	538012.612947702	507045.383554723	448763.499490865	399623.608569543	371253.542631367	342226.792722884	344227.800810483	298078.967606557	275709.173283614	260950.40960103	257662.241664467	255459.668616398	257035.30357355	250640.113737514	267121.199601099	340617.407915703	343776.179539198	464413.485650888	810510.857995456
520	4834596.27815601	3623477.58386344	0	1649268.17736089	962413.562575902	783995.271717748	652702.317204974	586470.780515756	548592.337796721	515376.399544408	452056.32561935	403614.591653955	373260.979878036	348116.239814228	344893.039037013	298772.523974478	279125.356358268	262886.15781351	255965.832484477	256102.505810829	253324.064008752	248499.722920313	262981.333469274	282303.530660132	329344.763580497	433090.030319878	707584.934193743
522	4863228.36916122	3373344.13207146	0	1759623.17516387	996394.199306643	799644.799221304	663513.809943619	595137.416148222	568809.617401569	521216.577208572	458681.81150618	408423.312710809	377889.16350178	352605.102745468	340015.445865042	299958.664235338	280743.419552624	263820.471409451	252541.423218658	257472.512676517	252028.719274576	247970.944928319	256672.361659704	252402.113192682	324830.220265694	406195.456424155	629331.381593797
524	4835848.27888018	3230386.13097779	0	1900005.20003563	1034769.74945252	820294.160099768	676623.258424977	604308.130881072	596664.218395634	528254.992290459	461579.015277173	412439.912750123	382816.024347895	357702.813619736	330718.227434578	303571.105807959	284356.717871354	267468.990861507	250768.198748247	256223.997441361	250657.944048168	249183.695556472	251762.698768736	246006.826165712	348770.361031957	383953.119117351	569506.975209638
526	4852784.89959734	3119010.09269362	0	2145387.75025475	1077192.03590595	840727.485696313	692144.886290537	612112.490118509	615931.831964559	533430.954007856	466863.20920249	417261.065357469	388046.668681354	361423.433628675	328646.384407869	308345.436218143	289212.542719257	271610.796314662	251149.545349778	256402.462075935	250034.975618074	250261.732358068	249545.295489425	242471.838088387	396844.421192894	364363.277098191	518608.801573247
528	4806647.84667402	3021128.54917165	0	2683163.45526387	1137817.02276547	865376.652762604	710871.673977776	619428.480619984	622165.636118154	542179.808035073	473531.740257114	423384.566033362	393902.600117041	366862.370011107	331375.112812321	319474.419748021	294378.341839455	274267.633231179	251526.285502881	257799.550330638	248435.864928171	248839.469973569	248129.757619827	241026.927145428	393204.268527852	349980.534169319	479951.369182732
530	4829298.04768738	2927765.55961957	247.128780389901	4842270.25115535	1239007.63266718	893614.328989302	730681.963094899	627236.365122086	614976.416785988	546871.928844733	479452.956480067	428937.134845409	399585.85832069	371392.813065881	334799.880578813	337755.281809574	296065.37550652	276639.638633187	253017.964951565	258380.27482452	247754.908616113	245625.854359441	247827.920289875	239735.478193547	344200.308906256	334180.715406426	448170.764365528
532	4854822.18575056	2851279.83606731	8243178.0891196	8552411.4538408	1363634.71276056	924213.952624122	752438.942974143	638989.913991631	603825.465189176	553460.175054799	486909.731436626	436049.86044703	405725.215521773	377524.698230836	339296.646594221	350392.080583113	297380.924530386	279480.131908042	255377.028722474	257254.509835128	248027.91152196	242493.380876637	247226.353328478	235882.688518395	288323.019925618	321138.250644507	418727.575937447
534	4941025.81470386	2782947.08884839	7233576.56720331	1603315.41370242	1504580.14732421	950845.972863365	777443.86306902	649925.0464592	594002.488733636	561139.403069251	495644.40262124	443820.76354225	409756.062909368	381256.961573162	343745.676203407	351386.356986591	298767.792702224	281826.141279888	257120.517128717	253866.330445673	249247.501387664	242391.010067518	245738.092181606	231064.839992192	273170.961148234	324589.841210171	395285.751428594
536	4968973.79014234	2730525.77739022	5001375.26081464	252.332131184203	1616864.17284406	983349.188842851	798856.23905466	663939.756850026	598191.565747072	570507.839606258	503313.38787467	451883.73147026	414660.713314887	385443.523447759	349620.54757171	345467.017825208	301056.756991566	285429.768324511	259504.521657008	251775.357038234	248546.876993198	242514.659141321	247507.758656497	226690.222564174	267214.401141349	365750.317191828	374230.149606795
538	5100916.09810441	2713032.43328627	3964823.27642281	0	1715687.46846439	1013621.32990232	818732.442645016	675783.610321953	609022.897244925	592684.069605613	511958.747226582	456892.661194217	421274.303096585	391543.853673597	355884.951711779	332438.154009935	303247.409014469	290174.202663646	261060.715812872	251647.514026482	249177.54395815	241222.710675906	247686.003114858	225511.013082852	265121.44007068	407771.201787435	357081.177384091
540	5327735.72260804	2709841.06782544	3413779.04968826	0	1827892.28248223	1052078.44551234	840319.471534177	690455.32892041	618003.270939394	624143.145084551	520060.362295305	462505.208903088	426888.739759165	397801.224053491	360544.985359696	331292.98460458	311017.803978065	295648.955854239	262877.154617377	251592.114345104	249759.292567956	240978.754840371	246818.419515549	224797.845964312	265361.286990488	382548.931475553	342289.248778911
542	5529427.6191527	2751508.18643395	3120848.67264768	0	1947611.54678317	1094848.9071533	865652.081368809	707121.134302643	628582.755695952	657854.65802348	529427.188187275	470019.853558663	435206.400868554	403711.441777355	365997.047889812	335146.445928186	327798.047766198	301489.340046521	264858.963854208	253648.531769099	251992.792268135	242003.295217853	244194.131180708	224422.062064132	262550.016437669	321736.138323077	328790.730473415
544	5596061.47488997	2800777.51408843	2952546.08712515	0	2140957.06551916	1151024.9296802	893096.953547119	725139.455113999	639268.125089082	673955.387825444	537500.215859413	477295.586334592	441715.690968727	411233.850594533	371364.911598281	339466.682381188	347284.319919246	305399.217311663	267123.15169746	255313.831972074	251072.499297891	244139.155838403	242765.2035581	224211.450332355	257086.472781569	278026.966899331	323107.227269018
546	5658800.6719338	2840760.61333304	2842586.7237208	0	2486618.25953746	1217068.93340704	919164.930852438	749998.743051257	646436.742581006	674067.661936867	545867.27185387	485979.267650246	449694.706049784	417591.872227887	375426.369981436	344872.19343463	354103.633077583	305655.440511414	269776.225176998	256896.566555017	249637.609250165	244021.972660061	243310.292194233	223962.081587639	251876.59068441	269037.457457834	344941.929570752
548	5659461.15534124	2814458.27154081	2755595.12098764	0	3179144.96917525	1313653.59634077	949518.015546206	772049.143977252	659943.16838049	664562.133046016	552522.015545507	493579.066403969	456183.145247025	422145.385849924	379770.145572046	349470.673434895	350930.241377664	307854.928893085	270133.375034689	258701.207064814	246701.062576218	243797.217797731	243093.836617142	225173.773522943	248639.720688145	265302.823194377	394797.550124664
550	5647466.48766551	2813303.78959217	2649033.80679408	0	5532640.64924359	1451073.42238555	983308.583351366	799748.020512264	673271.154182669	647315.135355395	561638.578585018	502747.003381191	462595.427661116	428258.094899121	384037.920841601	354483.363757563	340525.312334329	310985.326516629	275507.918487709	259581.06027404	246201.688566142	244691.319973499	243132.25855467	225917.736542522	247600.966756807	263667.370781228	404966.1811868
552	5605227.83521275	2803411.13175497	2563028.75278521	30832.3798890598	4887188.89449287	1628051.76056094	1023532.02131944	827140.556382359	690415.820202416	648897.591979455	576785.405283189	511397.242248641	470402.654239934	432767.460901863	390202.044673073	359809.694864512	332538.443136575	318107.830465943	281252.12635822	261990.548565293	246933.448943459	246920.631908902	243036.407263352	224328.717609869	247742.851050765	263869.785977583	363112.580130169
554	5552985.13207956	2781117.13941752	2463473.7651351	9050484.93999498	37269.0764717475	1771367.07065852	1066896.51543077	858146.666467158	705422.772456575	659821.998226031	602577.926064724	519918.43313266	475472.520679231	440510.750658238	395639.633560869	366091.010370682	332724.80957154	330495.494904849	285700.368788539	263162.095324116	249926.124854063	248907.851973781	243245.139180603	222135.027598765	246690.470524217	261121.662732936	300688.678495513
556	5553650.01127236	2767929.59146892	2356115.95171396	5983238.11913128	0	1891487.48206583	1126752.18980313	889774.203031447	725580.689630484	675410.224569164	640213.236399388	529102.76636421	484079.341241653	447632.858809627	401719.706135099	370615.256063043	338280.761607748	351578.128053532	289975.318047997	264096.351767783	251942.512335831	249183.163532332	245610.498471269	220844.882552109	245836.913768204	255516.855209632	276438.179693204
558	5515247.95309541	2736591.27054366	2257651.50893326	4660398.6452289	0	1997653.2646262	1167160.16295331	925545.403315863	747707.291865007	687604.120104703	675304.515532443	537346.56551097	490037.263223429	453289.821454854	410879.232618264	377736.330529701	342682.340331009	371729.531014637	291736.510614748	266022.661729393	253418.257073762	246507.585776705	247453.375674344	222756.956065238	245858.267985965	251248.49200251	271502.430734457
560	5548263.83622539	2735514.32674848	2214498.76102758	3881236.81180333	0	2096913.99318403	1203467.11794193	956739.234829549	774970.711336421	698880.31794662	691970.223394837	546143.665230229	497320.205090104	461925.174408182	416078.579606015	381359.043546079	347992.719435583	377529.309371741	293160.107278681	268760.718523794	257407.171332974	246212.951793081	247248.211999077	222765.730539602	249330.348489762	248188.27183449	269455.267113455
562	5492358.66339347	2733682.6756116	2168381.31373685	3395683.62628646	0	2231955.61304247	1251420.46927579	977294.810720001	795770.292141726	718631.356971388	697146.004705576	555154.528913419	506881.88194317	470439.911861886	423595.964996651	388162.662484119	352034.226488722	371667.623102196	297194.637193981	272942.43467482	259440.018915964	246528.968521689	248724.12163911	223927.747165731	249838.791894115	247425.05050026	268822.084178106
564	5480018.12248576	2716790.86212607	2130212.14155177	3141269.20549665	0	2499267.21052884	1308852.22779648	999860.492114024	818001.688992409	729181.180756086	688645.939535683	566596.906776054	515976.479451913	480526.564979163	431349.196460265	394008.081586631	360622.063209576	357965.769274148	301623.713051332	276703.407887854	261160.102126855	248982.60322277	251857.466147438	223776.85271998	248461.359750102	246386.880814732	268456.783716608
566	5537356.97183965	2701394.83579504	2100259.08043395	2952726.63964938	0	2948950.11132713	1395652.7224555	1030031.20157374	838208.347543541	739676.591865777	671970.155031766	579443.585708459	526466.42021334	486203.056532722	437355.756204977	399273.770575737	365860.275542486	350896.024815354	309790.727510976	284111.733870092	263974.319192696	250698.434627549	255541.85863654	225436.762372181	246464.813427513	247872.594298707	264490.876881253
568	5574113.33961549	2698492.77290093	2068994.13856355	2807564.3245444	0	3957226.98672217	1527695.69445703	1062900.91979369	859819.218715217	748160.96092703	668297.76843625	593253.458070762	536748.703748546	492732.293051099	443630.383795482	405005.691561948	371470.764864492	355310.170837904	323215.93473187	288557.623027586	265240.242381108	254443.254653382	256172.290716699	226924.025080926	245260.239775396	246838.395504272	258066.204721542
570	5557893.17936187	2688487.13321924	2047938.73291387	2681074.00047955	0	5849072.04290692	1700362.85925383	1093590.58496089	881708.862434361	756933.48854292	677224.796223103	614733.066841325	547530.071357178	500472.993037337	450137.825256553	413139.352683627	375394.598628357	359060.924269957	348209.147324222	290858.573754677	268768.550840698	256574.125353019	254862.696223411	228467.465073419	246096.154764242	246688.681688693	254839.653693031
572	5554125.32743102	2651919.08833038	2021757.49820759	2565166.40576702	13936.3252663917	781768.461765205	1860527.54894629	1129478.01929585	909495.726693696	773323.106675384	692772.42143898	650230.748320328	554888.965748024	508598.272597596	458128.679632277	420334.494566832	383584.344364902	364359.083965045	362464.256891846	292855.602472643	271247.581228874	258083.878376613	253313.224743143	229430.49697062	248392.582058767	251621.322614748	253781.204257234
574	5583166.81262711	2650154.29124113	1985550.51140264	2460629.53495397	7546994.34989756	23.7996177899963	1964538.20561767	1163285.64007012	928314.874647156	787482.501845071	705311.300215958	682899.277363597	558820.896528585	514248.675205282	467341.10938273	428801.085293321	389404.426738676	371200.160464818	364675.756761569	296259.84744569	274371.893440713	260600.858580347	255163.648450316	230609.773215419	248817.592865202	252518.903299483	252095.346354612
576	5607899.32912152	2635382.1051506	1981022.9602105	2335187.53526198	5819108.92260097	0	2067485.70532251	1201034.14988126	952327.276878611	804763.948923016	714406.953497238	695786.22511313	567167.042345366	521633.755565644	474502.374571425	436819.894174602	395929.460310935	376543.950582321	353136.909665828	299409.964989522	278731.679415305	263931.315327784	256949.230312249	233961.296499836	248447.25429466	251432.036678647	251656.298755589
578	5622949.23299882	2623168.9587659	1962367.011858	2212478.84134981	4691043.6176431	0	2163838.69176459	1241762.7002777	980808.060847716	822915.010565104	726612.646871484	697055.125855621	573048.099815299	529839.853235055	481926.373137016	443124.539236932	401695.690741816	382249.33769142	340617.093026581	304226.133756195	284674.790250825	266395.048316474	258667.528231205	237697.730391226	249930.162822883	248292.993267518	252675.753282946
580	5706200.95088738	2658337.95487658	1977185.58815896	2132322.67401145	3979930.11054045	0	2276634.4930018	1298549.05438579	1010934.95631569	843077.251843067	738307.09342953	683964.897079191	580404.746853073	537894.326914205	486644.633541942	448868.828613679	408027.813992908	389473.918119617	339963.008176691	313034.425314005	290804.279850696	269892.98952264	263363.306392599	239594.263889234	253536.451685631	247833.350027787	250929.927233021
582	5656003.06014212	2651594.04991242	1956067.82562401	2080011.16675702	3501302.16230122	0	2452893.60230628	1353210.49681843	1038012.13453185	863987.547528403	751077.755292751	665563.283556389	589527.171585931	545506.290868967	492439.036366189	452674.160378687	413640.267132932	396452.201680122	342850.280968553	327565.740128267	296099.024874789	272198.72867945	264095.00624249	237903.097272451	255937.442493838	249405.071999433	252785.68970741
584	5584906.0800001	2644054.76941067	1936993.90008487	2029018.56397008	3194962.29256213	0	2772800.59822994	1438861.89094497	1065992.54019797	887702.227447333	768140.759082812	665678.50781492	599817.610638064	554819.308076098	498271.007211621	457986.436651272	419351.910512911	400317.064292287	349504.601654438	350999.936301305	298145.736346764	274965.370899292	266397.831815063	236526.619040463	255061.060750521	251156.873118046	255174.571132686
586	5621778.55314813	2639385.35904021	1930675.48193362	1981414.33325064	3000137.07507589	0	3274111.07814784	1565725.83302829	1108237.45902166	916870.174597754	782549.57287841	676556.773453765	621120.95051493	562010.17509986	501739.816256598	462652.360205255	423919.619788516	403811.708131639	353695.64489498	367035.937017572	301395.835886669	279231.736497045	267430.646658571	236931.04171305	257131.341644276	251850.941044504	255408.709843018
588	5617418.32994273	2654626.30661364	1917847.33436952	1944425.02648218	2861627.91846111	0	4426333.82236938	1745295.20364799	1138866.99854883	945240.560858622	803872.400141782	692759.414749724	660774.801842641	566898.932979706	507200.054732443	469269.276943377	430870.649493464	406525.214433336	359046.770094733	369044.87381274	304784.182690078	282959.938286898	270153.547565495	238747.476543921	260426.264624862	249504.114164334	253015.281412698
590	5618241.27152213	2674969.36400305	1898151.64277839	1916009.4244928	2736512.87495731	0	4893258.14308448	1931882.31792345	1178748.6182144	970563.335911794	820971.424856522	707456.706873549	699124.099118874	575180.778338369	512895.380118689	474912.630869613	435329.366942529	410503.991304946	365188.153090257	353791.045071914	306127.206725774	288437.917822339	272435.581387055	240170.022030415	264645.651086813	250822.042693406	250278.358955794
592	5644914.44894461	2674043.61048503	1896675.44366721	1885587.76151724	2613626.96596539	210676.318213075	102267.960838518	2061397.70234746	1218655.686168	995810.115151657	840643.69742794	720149.664855144	718044.930415964	581442.610790253	521735.623526642	481053.922312878	440451.497755451	413727.162928692	370152.125370168	342427.382983318	311007.275635621	293038.112621259	275764.186954866	241320.608915238	266057.049411967	253283.078962886	250213.783321752
594	5625927.05464036	2696364.72447225	1886734.10126446	1868286.58248973	2505577.1730444	6690759.57871405	0	2165839.97869772	1255437.24809091	1021402.44562085	861923.565469342	732618.472823894	721228.724684817	588752.175040968	530632.465988196	487950.249290004	444624.762676173	416593.375436491	376598.554747289	338049.025407936	316284.866962733	299774.179077768	278533.422586333	243844.648858175	263695.355296925	255055.505382674	249960.480035504
596	5716230.86276812	2710326.92234099	1882813.88047551	1841942.47807127	2378151.82940152	5547292.62403888	0	2247917.41805659	1296555.68575645	1050568.19491127	884204.037199316	746509.870288025	710079.827839789	595203.252575331	539081.54476697	495686.97577997	448986.968384696	421245.160530281	383594.785111163	341832.353895974	330148.274094051	301262.424890785	281201.656398692	245619.747207075	262975.173298475	258110.041720041	253740.626160288
598	5731184.50936117	2715966.8391503	1867582.71716517	1826599.21231294	2234911.04588536	4587438.19540045	0	2315812.08041542	1344159.24798735	1076781.26533922	911683.400217318	760912.075416674	691338.785731297	605234.682218266	546455.21105487	503966.468497026	455305.629964472	428496.833847021	390373.813172246	345640.702187003	353600.613623485	301269.72448979	283460.609792465	246793.852930755	263597.284062717	260060.603689219	252083.862847942
600	5732954.06902148	2727824.47621334	1863676.40466022	1810931.05881822	2116718.20696553	3908687.72206404	0	2439896.13929277	1399818.24927353	1109068.02437359	938207.52544927	776559.31930297	690048.138199274	619438.702567653	556305.54653097	510749.983373875	461044.963745277	435069.302697245	395994.110262008	350877.71655226	367054.297020625	302149.379250483	285803.260357244	249348.198372996	263714.023119304	262889.824826668	252026.623444647
