Wavelength	240	250	260	270	280	290	300	310	320	330	340	350	360	370	380	390	400	410	420	430	440	450
nm	CPS / MicroAmps	CPS / MicroAmps	CPS / MicroAmps	CPS / MicroAmps	CPS / MicroAmps	CPS / MicroAmps	CPS / MicroAmps	CPS / MicroAmps	CPS / MicroAmps	CPS / MicroAmps	CPS / MicroAmps	CPS / MicroAmps	CPS / MicroAmps	CPS / MicroAmps	CPS / MicroAmps	CPS / MicroAmps	CPS / MicroAmps	CPS / MicroAmps	CPS / MicroAmps	CPS / MicroAmps	CPS / MicroAmps	CPS / MicroAmps
300	61555.8728920042	65931.6815404375	57875.1440361483	182065.880936528	42105.8818729677	23621.3995078727	1318183.85564752	11810.9182492606	15086.5813261381	16203.7863352073	9493.77016448191	6243.8540405263	5253.25912124945	5080.8574631218	6301.78774010354	6420.11743071674	4198.03438363036	3440.64639452759	3335.62734574947	3739.24118345381	4424.54557095857	3573.00482898086
302	61252.0713671098	70566.3555899029	57884.4560015224	136810.915362908	60404.0716410398	20512.270229874	16117.6539648201	11810.9182492606	15086.5813261381	16203.7863352073	9493.77016448191	6243.8540405263	5253.25912124945	5080.8574631218	6301.78774010354	6420.11743071674	4198.03438363036	3440.64639452759	3335.62734574947	3739.24118345381	4424.54557095857	3573.00482898086
304	60497.213786334	68801.8886596078	57727.2179976293	91688.1233687513	90741.0911693078	20345.0623656872	16117.6539648201	11810.9182492606	15086.5813261381	16203.7863352073	9493.77016448191	6243.8540405263	5253.25912124945	5080.8574631218	6301.78774010354	6420.11743071674	4198.03438363036	3440.64639452759	3335.62734574947	3739.24118345381	4424.54557095857	3573.00482898086
306	60305.2687523642	64815.1957049841	57337.2562540491	64135.4786681857	130293.196782822	21192.3182681972	16117.6539648201	11810.9182492606	15086.5813261381	16203.7863352073	9493.77016448191	6243.8540405263	5253.25912124945	5080.8574631218	6301.78774010354	6420.11743071674	4198.03438363036	3440.64639452759	3335.62734574947	3739.24118345381	4424.54557095857	3573.00482898086
308	58117.1094233539	63222.5384378115	54081.9964248416	52190.4417876633	162250.811969329	22815.8898593562	16117.6539648201	11810.9182492606	15086.5813261381	16203.7863352073	9493.77016448191	6243.8540405263	5253.25912124945	5080.8574631218	6301.78774010354	6420.11743071674	4198.03438363036	3440.64639452759	3335.62734574947	3739.24118345381	4424.54557095857	3573.00482898086
310	53981.2130662346	62051.8094648979	53577.890968344	48572.7627178716	171778.146851712	24336.0705372682	16117.6539648201	11810.9182492606	15086.5813261381	16203.7863352073	9493.77016448191	6243.8540405263	5253.25912124945	5080.8574631218	6301.78774010354	6420.11743071674	4198.03438363036	3440.64639452759	3335.62734574947	3739.24118345381	4424.54557095857	3573.00482898086
312	52492.2528092219	60028.6822557931	51590.2357849125	47416.7717120811	148179.237284217	30656.92743104	12216.7136896342	11810.9182492606	15086.5813261381	16203.7863352073	9493.77016448191	6243.8540405263	5253.25912124945	5080.8574631218	6301.78774010354	6420.11743071674	4198.03438363036	3440.64639452759	3335.62734574947	3739.24118345381	4424.54557095857	3573.00482898086
314	54052.3019549818	56751.8946540089	48969.2040012319	46193.2990563075	111208.713235017	44686.4336584904	11777.5973428093	11810.9182492606	15086.5813261381	16203.7863352073	9493.77016448191	6243.8540405263	5253.25912124945	5080.8574631218	6301.78774010354	6420.11743071674	4198.03438363036	3440.64639452759	3335.62734574947	3739.24118345381	4424.54557095857	3573.00482898086
316	51722.3380242714	56450.5162264795	50226.2650315832	46945.4785582621	78925.234129698	69988.4295465027	12126.5739838013	11810.9182492606	15086.5813261381	16203.7863352073	9493.77016448191	6243.8540405263	5253.25912124945	5080.8574631218	6301.78774010354	6420.11743071674	4198.03438363036	3440.64639452759	3335.62734574947	3739.24118345381	4424.54557095857	3573.00482898086
318	51867.8552829845	52196.1086179916	50808.2965349435	48792.1265630939	59033.7779539548	100529.466442174	12620.8282087126	11810.9182492606	15086.5813261381	16203.7863352073	9493.77016448191	6243.8540405263	5253.25912124945	5080.8574631218	6301.78774010354	6420.11743071674	4198.03438363036	3440.64639452759	3335.62734574947	3739.24118345381	4424.54557095857	3573.00482898086
320	50256.5812267173	53336.7893727306	49946.9869589007	49871.0372126197	52186.1547021166	123791.095197673	13483.0728367492	11810.9182492606	15086.5813261381	16203.7863352073	9493.77016448191	6243.8540405263	5253.25912124945	5080.8574631218	6301.78774010354	6420.11743071674	4198.03438363036	3440.64639452759	3335.62734574947	3739.24118345381	4424.54557095857	3573.00482898086
322	49432.2876707757	52527.6962424388	50547.2725691535	53120.4137114883	50796.6375593533	130761.178441293	16160.0968667898	9238.99162828121	15086.5813261381	16203.7863352073	9493.77016448191	6243.8540405263	5253.25912124945	5080.8574631218	6301.78774010354	6420.11743071674	4198.03438363036	3440.64639452759	3335.62734574947	3739.24118345381	4424.54557095857	3573.00482898086
324	53787.3298295926	53987.3353034291	51454.3606785507	53826.0770452276	51820.8468173717	116618.835247919	21861.6161693075	9525.47654327245	15086.5813261381	16203.7863352073	9493.77016448191	6243.8540405263	5253.25912124945	5080.8574631218	6301.78774010354	6420.11743071674	4198.03438363036	3440.64639452759	3335.62734574947	3739.24118345381	4424.54557095857	3573.00482898086
326	58705.631566971	51944.0892711544	52330.9460355703	54110.0371003442	52952.7926984743	91231.6712583867	34541.0469016117	10874.9164340757	15086.5813261381	16203.7863352073	9493.77016448191	6243.8540405263	5253.25912124945	5080.8574631218	6301.78774010354	6420.11743071674	4198.03438363036	3440.64639452759	3335.62734574947	3739.24118345381	4424.54557095857	3573.00482898086
328	76243.1361424808	55046.7406825968	52989.8225649085	56758.364134548	56701.9937544342	69679.69704293	55660.2580326969	12924.9957862951	15086.5813261381	16203.7863352073	9493.77016448191	6243.8540405263	5253.25912124945	5080.8574631218	6301.78774010354	6420.11743071674	4198.03438363036	3440.64639452759	3335.62734574947	3739.24118345381	4424.54557095857	3573.00482898086
330	84951.333357946	55826.4946978473	53909.1851871117	58363.4647597078	59150.3676719881	56380.4110649457	81063.3775881268	15680.4311355407	15086.5813261381	16203.7863352073	9493.77016448191	6243.8540405263	5253.25912124945	5080.8574631218	6301.78774010354	6420.11743071674	4198.03438363036	3440.64639452759	3335.62734574947	3739.24118345381	4424.54557095857	3573.00482898086
332	96894.5861216522	63468.5372868912	55118.3333044627	61064.3104204844	62887.7063100969	53746.191999651	103304.338244564	18401.4545150967	11960.2949357849	16203.7863352073	9493.77016448191	6243.8540405263	5253.25912124945	5080.8574631218	6301.78774010354	6420.11743071674	4198.03438363036	3440.64639452759	3335.62734574947	3739.24118345381	4424.54557095857	3573.00482898086
334	106502.227562293	65505.5967513922	57783.0499262183	63007.0446389642	64801.358102322	54166.4145105146	110223.629079203	21089.5788668499	12512.3525993413	16203.7863352073	9493.77016448191	6243.8540405263	5253.25912124945	5080.8574631218	6301.78774010354	6420.11743071674	4198.03438363036	3440.64639452759	3335.62734574947	3739.24118345381	4424.54557095857	3573.00482898086
336	112343.999984729	66214.3700763614	58537.0774369811	63796.8840868252	66909.2790900861	55314.0810658819	101188.933940205	25278.6563041494	13427.1634097103	16203.7863352073	9493.77016448191	6243.8540405263	5253.25912124945	5080.8574631218	6301.78774010354	6420.11743071674	4198.03438363036	3440.64639452759	3335.62734574947	3739.24118345381	4424.54557095857	3573.00482898086
338	119438.381390449	67773.6856582815	58348.1847291698	64468.4509653324	67428.9107281697	56935.0253946226	82379.1279354842	33307.8161973536	14142.210696385	16203.7863352073	9493.77016448191	6243.8540405263	5253.25912124945	5080.8574631218	6301.78774010354	6420.11743071674	4198.03438363036	3440.64639452759	3335.62734574947	3739.24118345381	4424.54557095857	3573.00482898086
340	119738.639030889	69738.849895447	57999.7014717003	63586.0944014624	66712.079119339	57073.2340737571	63652.1883719547	46726.035334121	14398.1175965855	16203.7863352073	9493.77016448191	6243.8540405263	5253.25912124945	5080.8574631218	6301.78774010354	6420.11743071674	4198.03438363036	3440.64639452759	3335.62734574947	3739.24118345381	4424.54557095857	3573.00482898086
342	123582.520065811	69122.3912290366	56935.3553926638	62118.2836972175	66837.1719508356	58391.7177096558	51276.7135610136	64259.5314243016	15061.4157706566	10967.843826744	9493.77016448191	6243.8540405263	5253.25912124945	5080.8574631218	6301.78774010354	6420.11743071674	4198.03438363036	3440.64639452759	3335.62734574947	3739.24118345381	4424.54557095857	3573.00482898086
344	126550.198906956	71978.1893870847	57415.7400210179	61773.124384208	65561.9873831955	58189.3830152659	45354.6915959122	80065.6423379575	15429.3511341232	10657.1600923328	9493.77016448191	6243.8540405263	5253.25912124945	5080.8574631218	6301.78774010354	6420.11743071674	4198.03438363036	3440.64639452759	3335.62734574947	3739.24118345381	4424.54557095857	3573.00482898086
346	131948.949257288	70091.4013995936	56458.1158718297	61181.8824564211	65690.2949751507	58502.3619664248	44842.3406522383	86846.9389381892	16478.2749616195	10990.9471372731	9493.77016448191	6243.8540405263	5253.25912124945	5080.8574631218	6301.78774010354	6420.11743071674	4198.03438363036	3440.64639452759	3335.62734574947	3739.24118345381	4424.54557095857	3573.00482898086
348	130072.618079069	73168.419644958	57063.5799589175	60475.1727467542	64716.5492036557	57943.9840797661	44330.5182888375	81829.3280479669	18564.6772464719	11272.6345475012	9493.77016448191	6243.8540405263	5253.25912124945	5080.8574631218	6301.78774010354	6420.11743071674	4198.03438363036	3440.64639452759	3335.62734574947	3739.24118345381	4424.54557095857	3573.00482898086
350	129853.200363131	72906.5113188969	56324.1840378019	59633.4149506304	63688.4568451302	58214.6435940644	44330.5701134264	67715.6904983396	22938.1424695608	11626.3039228683	9493.77016448191	6243.8540405263	5253.25912124945	5080.8574631218	6301.78774010354	6420.11743071674	4198.03438363036	3440.64639452759	3335.62734574947	3739.24118345381	4424.54557095857	3573.00482898086
352	128486.686703981	72643.5331636531	55691.0422656165	59020.8848179493	62514.7708967541	57324.7297357026	44115.9504247667	51760.7416043278	31180.2147720544	11956.6883558758	5465.92624915983	6243.8540405263	5253.25912124945	5080.8574631218	6301.78774010354	6420.11743071674	4198.03438363036	3440.64639452759	3335.62734574947	3739.24118345381	4424.54557095857	3573.00482898086
354	128792.709853602	71574.3449804303	54637.0021448364	56840.8365585726	60324.614172351	55471.9956884915	43877.7236914347	39863.048750709	43257.4208247565	12264.2036569636	5200.0796986304	6243.8540405263	5253.25912124945	5080.8574631218	6301.78774010354	6420.11743071674	4198.03438363036	3440.64639452759	3335.62734574947	3739.24118345381	4424.54557095857	3573.00482898086
356	124162.629716036	69180.7638530521	53343.7664186449	55263.2483041935	58136.9961985311	53654.0750822594	43119.7921375956	32998.8884455303	55934.1714954702	12433.2636103066	5171.66040629095	6243.8540405263	5253.25912124945	5080.8574631218	6301.78774010354	6420.11743071674	4198.03438363036	3440.64639452759	3335.62734574947	3739.24118345381	4424.54557095857	3573.00482898086
358	120494.488707114	69371.0168839854	52951.1235437423	53430.2143955092	56767.7547241009	52499.9392615686	42219.7077885011	30457.3078806621	63888.5210625706	12945.4228640885	5549.23703118138	6243.8540405263	5253.25912124945	5080.8574631218	6301.78774010354	6420.11743071674	4198.03438363036	3440.64639452759	3335.62734574947	3739.24118345381	4424.54557095857	3573.00482898086
360	118133.277647302	66989.8896541758	50933.4383250184	51291.3050414878	54186.031541491	51039.4531650858	41390.7027042215	29489.0485075498	63650.8252711037	13722.6375576678	5792.65146939871	6243.8540405263	5253.25912124945	5080.8574631218	6301.78774010354	6420.11743071674	4198.03438363036	3440.64639452759	3335.62734574947	3739.24118345381	4424.54557095857	3573.00482898086
362	113972.047424489	65155.3245426619	49690.3910791603	50557.9720636686	52883.3609127091	49372.3622289108	40712.2649431754	29344.8890360288	55425.5672517579	16024.528247642	6069.60309183311	4094.0770308393	5253.25912124945	5080.8574631218	6301.78774010354	6420.11743071674	4198.03438363036	3440.64639452759	3335.62734574947	3739.24118345381	4424.54557095857	3573.00482898086
364	110110.893473217	64753.8834576559	49749.7156816751	49323.8776004953	50681.4802610219	48619.2646697803	40038.2017609848	28982.3211127129	42899.0778071105	21367.4411335145	6535.95823422718	3905.96849511418	5253.25912124945	5080.8574631218	6301.78774010354	6420.11743071674	4198.03438363036	3440.64639452759	3335.62734574947	3739.24118345381	4424.54557095857	3573.00482898086
366	109412.790030362	65284.0731447541	48256.1604656554	48261.1423004295	49558.0504851113	47276.0237432904	39724.8200662338	28832.7709061746	32092.3486067839	29590.1247570097	6798.37202173466	4050.61555869676	5253.25912124945	5080.8574631218	6301.78774010354	6420.11743071674	4198.03438363036	3440.64639452759	3335.62734574947	3739.24118345381	4424.54557095857	3573.00482898086
368	106880.569954384	64367.6599143093	48301.9334090005	47282.7144563858	48427.7866136271	45910.5958161224	39294.335537316	29031.255863567	25239.0596121287	39907.6813660757	7328.36977474891	4352.24179856491	5253.25912124945	5080.8574631218	6301.78774010354	6420.11743071674	4198.03438363036	3440.64639452759	3335.62734574947	3739.24118345381	4424.54557095857	3573.00482898086
370	103690.592429632	64749.7338109699	48416.8413390959	46689.5762921503	46997.5238175989	45245.1756367693	38690.2555987051	29335.7643355204	22658.2243078581	48935.8208582704	7871.60262155354	4681.21627100197	5253.25912124945	5080.8574631218	6301.78774010354	6420.11743071674	4198.03438363036	3440.64639452759	3335.62734574947	3739.24118345381	4424.54557095857	3573.00482898086
372	100724.765553862	63982.6285295057	47400.4611375792	45441.4421985132	46026.7935504342	44236.4723903826	38652.5989750246	29483.1610762754	21701.4256252505	52198.5762796592	8896.61482894951	5015.82052780549	3581.91267711766	5080.8574631218	6301.78774010354	6420.11743071674	4198.03438363036	3440.64639452759	3335.62734574947	3739.24118345381	4424.54557095857	3573.00482898086
374	97103.8988755406	62779.8100184125	46956.0131706744	45512.6871055671	45269.1191979604	42653.2342237061	37953.5537300833	29417.1711741572	21942.7053932252	48549.8104242552	10786.5854941124	5336.56812522379	3378.67222686981	5080.8574631218	6301.78774010354	6420.11743071674	4198.03438363036	3440.64639452759	3335.62734574947	3739.24118345381	4424.54557095857	3573.00482898086
376	95858.8232467786	61391.9227662792	46680.9531941346	44077.287371994	43401.8622524447	41872.6234505333	37591.4754523986	29386.2909470475	21943.0858881449	40329.3843315012	14530.9794913168	5643.72197265923	3428.58292873465	5080.8574631218	6301.78774010354	6420.11743071674	4198.03438363036	3440.64639452759	3335.62734574947	3739.24118345381	4424.54557095857	3573.00482898086
378	93352.1968106088	62289.4571827694	45791.8763863452	43221.8393194197	43016.5973541764	40985.8787602666	37020.692119572	29693.0098620193	22240.0299931658	31042.3747175414	20777.0687218813	6140.98416666546	3678.01758235258	5080.8574631218	6301.78774010354	6420.11743071674	4198.03438363036	3440.64639452759	3335.62734574947	3739.24118345381	4424.54557095857	3573.00482898086
380	92028.7965858062	60923.720658824	45896.7123689965	42712.9450415873	42108.6008353583	40383.3428371924	36915.9334055502	29831.4184794292	22716.5904877909	24193.5672388843	29086.779100274	6654.68716009075	3931.26927842699	5080.8574631218	6301.78774010354	6420.11743071674	4198.03438363036	3440.64639452759	3335.62734574947	3739.24118345381	4424.54557095857	3573.00482898086
382	88897.4542469381	61720.3911666722	45953.4839182116	42582.9289742139	41435.8827143051	40037.4180708332	36636.6052053857	30056.8189948152	23182.6614426737	20692.6363642048	36622.0923932559	7050.60974297655	4405.54452389145	3168.59775812746	6301.78774010354	6420.11743071674	4198.03438363036	3440.64639452759	3335.62734574947	3739.24118345381	4424.54557095857	3573.00482898086
384	88267.5495471563	61316.8291334085	46327.1064147129	41774.2602257773	41085.7620688515	39343.3942709692	36340.2764321848	30424.0082788392	23675.0807078581	19426.2103428426	41243.3248308083	8039.58791866592	4617.64480528798	2996.62643895522	6301.78774010354	6420.11743071674	4198.03438363036	3440.64639452759	3335.62734574947	3739.24118345381	4424.54557095857	3573.00482898086
386	86732.032302487	61696.0997978564	45746.7223127882	41853.7171717952	40441.618571706	39276.8165184925	36679.6699501873	30859.2698888978	24328.3725322803	19538.9179915808	40488.0924272848	9459.44864948715	5039.5942741839	3027.88067557229	6301.78774010354	6420.11743071674	4198.03438363036	3440.64639452759	3335.62734574947	3739.24118345381	4424.54557095857	3573.00482898086
388	86939.2047348335	62289.9486189788	46824.4250288671	42229.8899228861	39865.0467831243	38709.3303022867	36442.3656104579	31160.4338960782	24991.0075119536	19758.6678237892	35690.5907133959	12358.2293315748	5382.65397801931	3200.61771199896	6301.78774010354	6420.11743071674	4198.03438363036	3440.64639452759	3335.62734574947	3739.24118345381	4424.54557095857	3573.00482898086
390	85706.0015296902	63211.0888092458	47270.7678548928	42385.1796579212	39921.243132262	38932.3631449949	37069.4105643631	31851.5794038673	25464.9735154242	20396.6121704268	28508.7871499991	17228.523418506	5942.31981899862	3574.08915940284	6301.78774010354	6420.11743071674	4198.03438363036	3440.64639452759	3335.62734574947	3739.24118345381	4424.54557095857	3573.00482898086
392	84358.2325937974	61863.4127499921	47619.7719867919	42111.7711251355	39831.3273877457	38167.8751330558	37016.9239745376	32259.8678241073	26144.4446451873	20745.7316930115	22359.6253897284	23901.997633889	6471.83106123624	3891.16556111767	2918.76183309568	6420.11743071674	4198.03438363036	3440.64639452759	3335.62734574947	3739.24118345381	4424.54557095857	3573.00482898086
394	86108.4756383833	62414.854309198	47560.1461024018	41959.9107443212	39258.3441186188	38633.5220858984	36828.1828657169	32575.5624756762	26877.7223576016	21474.9553942522	18643.7450881964	30591.2089840767	7031.87947793059	4262.66109182334	2731.35998937308	6420.11743071674	4198.03438363036	3440.64639452759	3335.62734574947	3739.24118345381	4424.54557095857	3573.00482898086
396	85030.7635165947	63332.6555023233	48326.2664782393	42028.2962205813	39418.1365930619	38348.3761748519	37107.7429782684	33160.4254543444	27146.9961452759	22033.4899565606	17200.7162797178	35379.4336499887	7568.42095481463	4515.51499784324	2743.20918890746	6420.11743071674	4198.03438363036	3440.64639452759	3335.62734574947	3739.24118345381	4424.54557095857	3573.00482898086
398	84009.1211755585	63805.7935753462	48404.0529903925	41952.0969776039	38994.1345145269	38157.8372130359	36956.9037104711	33800.3810874381	27663.7576302951	22595.3694369517	17136.0650628301	35876.3345224847	8740.41789238274	4891.35024524527	2874.24071670719	6420.11743071674	4198.03438363036	3440.64639452759	3335.62734574947	3739.24118345381	4424.54557095857	3573.00482898086
400	82008.6497486095	64865.6834899414	48731.0777008655	42117.0870843902	39416.664503915	37933.6566861989	37322.714246287	34060.1148229521	28317.9043965972	23260.0045807276	17662.2423387834	32219.0621008239	10740.4473149042	5268.07645817059	3068.86869073817	6420.11743071674	4198.03438363036	3440.64639452759	3335.62734574947	3739.24118345381	4424.54557095857	3573.00482898086
402	82816.1092200114	65053.003462812	49655.7317878682	42334.2944496596	38817.6002501528	38241.1231881719	37584.5590740915	34199.1605347618	28990.9339181761	23772.4216133928	18013.3667779491	26773.4887494301	14234.9870292734	5757.52890312565	3296.42895338588	2732.23550973843	4198.03438363036	3440.64639452759	3335.62734574947	3739.24118345381	4424.54557095857	3573.00482898086
404	84142.6514040091	64619.3913141358	49287.5403862466	42872.9682327636	39000.3851729438	37835.8330477471	37577.0497293329	34320.8139149355	29463.8003374523	24388.2526073513	18732.4698239367	21649.5304361537	19286.8499410093	6208.46117682918	3626.27590890168	2506.04109451347	4198.03438363036	3440.64639452759	3335.62734574947	3739.24118345381	4424.54557095857	3573.00482898086
406	83294.030887191	65078.2391081379	49503.3341501632	43084.9884233731	38995.9750026895	38082.2130289178	37457.3563320254	35034.8964693899	29956.2909357785	24950.403878435	19118.8771555094	18338.3730928026	25083.4234417988	6642.54731309984	3952.61234582595	2517.80011468873	4198.03438363036	3440.64639452759	3335.62734574947	3739.24118345381	4424.54557095857	3573.00482898086
408	83331.4343674406	66218.9760428351	50964.6983159537	42840.6187018863	38759.2769660914	37762.4174416747	37346.5074473832	35173.0352837277	30279.3884387219	25452.9906867129	19894.9036559188	16633.6758039291	29770.5246133264	7067.24307499474	4187.35570088225	2518.54987603109	4198.03438363036	3440.64639452759	3335.62734574947	3739.24118345381	4424.54557095857	3573.00482898086
410	81040.3708826914	66549.8866556435	50843.5320022198	42812.4185060093	38777.6138019241	37734.1258802438	37539.3513245724	35175.3928870733	30546.0540193204	26008.7185066553	20471.0644242905	16371.8185583789	31476.408970718	7743.83807069407	4584.49060228497	2652.40882355003	4198.03438363036	3440.64639452759	3335.62734574947	3739.24118345381	4424.54557095857	3573.00482898086
412	81782.6685347991	66297.1066387763	51501.6422927624	43309.7008269913	38298.7839401302	37446.1030214141	37182.8893699712	35422.3519027013	31149.6813180634	26715.244829432	20939.2813391813	16695.9342681496	30348.4228941175	9066.83634547856	4868.11653154985	2889.95395007392	2435.171409324	3440.64639452759	3335.62734574947	3739.24118345381	4424.54557095857	3573.00482898086
414	81023.6351678212	67891.7243773368	51322.9801415883	42913.9287022024	38619.5661199937	36962.0258556143	37249.0847420267	35253.2978101844	31161.6764565311	26951.8368192912	21530.2866794485	16985.97170289	26334.5161684711	11273.7794648517	5254.59597526048	3152.16199777188	2189.46851466007	3440.64639452759	3335.62734574947	3739.24118345381	4424.54557095857	3573.00482898086
416	80492.5680526593	67054.6777519602	53031.809365278	43800.4520833063	38166.7674612665	36777.1429649288	37069.9940071182	35515.2494143731	31484.8934224718	27389.1754557063	22261.1620525791	17450.0865624835	21899.6301443841	14897.3469188445	5593.01640954727	3411.84471609528	2151.20118346775	3440.64639452759	3335.62734574947	3739.24118345381	4424.54557095857	3573.00482898086
418	80434.6430560115	68349.2481085757	52835.6948823751	43116.2255841639	38226.7633167803	36573.2064257447	36627.1830656464	35424.0708529976	31856.8365867539	27936.1110343636	22837.7862651654	18111.0374123078	18238.1856679486	19381.4588676008	5899.19763686521	3626.05815718199	2217.31758692788	3440.64639452759	3335.62734574947	3739.24118345381	4424.54557095857	3573.00482898086
420	80183.3407490104	66845.8507729901	53742.0090606939	43765.0484780077	38015.7435753202	36485.5200355537	36690.1220555584	35436.524518574	32007.5476331857	28313.0207744886	23517.5241156146	18598.4711975284	16293.301103562	23795.8428087245	6315.36785066337	3848.95919394664	2283.08825882973	3440.64639452759	3335.62734574947	3739.24118345381	4424.54557095857	3573.00482898086
422	79251.00692179	67286.3226573075	53236.9399708325	43606.56460673	38093.0038457536	35834.9187241754	36689.0755678088	35226.9087537728	32213.0044356223	28562.7792744684	23875.6050719982	19134.0412186021	15421.03276998	26794.9845774964	6743.64248865223	4044.24810862332	2457.10206633121	2089.39588851598	3335.62734574947	3739.24118345381	4424.54557095857	3573.00482898086
424	80299.4777343714	67505.9347585126	53659.4405865647	44074.0530135269	37622.6703521165	35910.2446531566	35914.9900047749	35121.5398403604	32064.6401739277	28823.5412492516	24223.2838630361	19396.0842796271	15441.6669558055	27117.9556019805	7383.31044871895	4337.74110172427	2643.2219035335	1873.36693943421	3335.62734574947	3739.24118345381	4424.54557095857	3573.00482898086
426	76419.0975582164	66560.6520638928	53156.2290658635	43964.1835119114	37648.2370400177	35065.3338790254	35985.4610276027	35008.2234284462	32203.5221215185	29079.4141912675	24558.3893807254	19918.1681940895	15745.4504274829	25067.6009199749	8696.09023675685	4577.72431072038	2875.21997523018	1874.67614344332	3335.62734574947	3739.24118345381	4424.54557095857	3573.00482898086
428	76402.6183067771	67923.3047559261	53876.8930926021	43990.3855467023	37593.7907857417	35002.8996436593	35112.221856181	34457.5262034036	32174.2891214067	29265.4875074131	24920.7636891513	20155.0440535192	16053.3535551539	21661.1854628728	10794.1683263631	4868.07155450337	3041.00785650579	1885.34047289419	3335.62734574947	3739.24118345381	4424.54557095857	3573.00482898086
430	76362.6208510352	66654.1029401463	54462.3034038184	43708.9979902206	37275.8492657289	34594.7409490819	34619.8034596727	34593.5067594392	32195.9154242063	29334.3955519666	25163.9906403503	20716.4044848734	16297.732986143	17945.2747050541	13751.209858497	5142.09006271047	3267.37977183468	1998.12692690301	3335.62734574947	3739.24118345381	4424.54557095857	3573.00482898086
432	77251.4123863111	67574.7154882256	53557.8973993111	44195.6509208251	37284.3298395001	34551.2681009266	34219.1579563571	34085.344713106	32039.4833343267	29614.5004197509	25454.29700416	20993.0413585799	16734.5989619137	15353.4368361287	17323.0703373904	5391.19580521268	3459.63963822315	2082.58679428194	1885.75163596292	3739.24118345381	4424.54557095857	3573.00482898086
434	73806.1807104994	66695.7308824427	53845.7005537253	43529.047706444	36645.7753068333	34206.9946782966	34583.7018205826	33936.7909539421	31890.4637588672	29709.3589629127	25727.4716678599	21358.8409304763	16870.741784569	14109.5038905922	20560.1744422404	5721.49113234248	3606.27064181657	2240.10064747371	1728.46822139922	3739.24118345381	4424.54557095857	3573.00482898086
436	73348.5521919727	65753.6037897276	54622.5974884568	43903.1446344865	36534.6486386569	33656.3427818087	33822.6862989595	33670.5446553116	32000.4228749518	29805.3878184098	25967.780552711	21708.5498102845	17323.6724032174	13576.4740647257	22361.8026360726	6080.57161382503	3919.2960402329	2388.93086150564	1688.55357783707	3739.24118345381	4424.54557095857	3573.00482898086
438	72871.331169158	66266.3904318291	53962.0883343353	43824.538257627	36241.2835287579	33266.2821520858	33305.8287819714	33238.6065468983	31953.8405268461	29686.0364313555	26090.3275632516	21886.734725924	17571.4073972376	13764.8924389728	22162.3678576569	6839.81412425751	4069.496841221	2587.85295254629	1677.44526166822	3739.24118345381	4424.54557095857	3573.00482898086
440	71070.5296145192	64875.8304880618	54633.3737603568	43485.9616339252	35931.8609607836	32868.2950917785	32937.4635175157	32889.7057536094	31700.5242586988	29723.8903971639	26294.1013874858	22211.0609945828	17766.8538709943	13885.5248344468	20381.8495165358	8022.07590218791	4300.81262828856	2744.42681890301	1699.75218086079	3739.24118345381	4424.54557095857	3573.00482898086
442	70084.5726952639	65239.2785747721	53806.1591712259	43616.7296950955	36116.9898615232	32567.2578900927	32623.0647035988	32508.962916131	31472.8330196106	29582.4298246544	26477.1905276956	22283.5325241387	18156.742854409	14007.7626480856	17450.4040313424	9879.49738795997	4515.27533856568	2897.50298392765	1820.3446095888	1715.92529533383	4424.54557095857	3573.00482898086
444	68716.9163805657	64123.2383362392	54437.8164944561	43369.4780710367	35533.9694111343	32036.2695537373	31855.1040339799	31906.7393032274	31189.820202781	29612.4268241135	26377.0403559501	22452.6129127257	18362.1797463824	14229.0722688874	14577.0151686889	12495.5349260693	4696.77623053805	3084.28832402746	1869.54041149377	1569.25195020424	4424.54557095857	3573.00482898086
446	68751.1465898942	64302.8483865998	53708.939550835	42932.8501227241	35457.3655230537	31646.234945931	31466.6158078945	31504.5756334492	30749.938221801	29455.2335682668	26469.7696845359	22514.8727920537	18356.9112764708	14486.4776934201	12528.6527115837	15231.8622987816	4908.04496885568	3222.26375511498	2057.48075347567	1509.34107753881	4424.54557095857	3573.00482898086
448	66382.6089722539	62898.834025613	53160.2564386951	42849.854309717	35231.325406692	31405.3535746936	31048.7012826564	31221.7262848771	30397.3023099658	29220.2251745105	26282.3283805765	22552.3759943402	18541.8464983271	14596.6576842005	11555.8891974868	17619.1469125265	5231.25760188632	3423.44062023523	2203.40258037424	1528.68562423332	4424.54557095857	3573.00482898086
450	65812.5408126435	63543.4196970807	53030.7227526232	42679.0938232272	34845.0593387358	30922.8522507805	30475.5086178716	30682.3876619478	30022.1965634422	28788.6202882372	26445.688548508	22587.5138102013	18732.4109235209	14782.2905113261	11213.6288926709	18657.29838094	5653.05886380296	3559.70439565854	2375.00308487847	1557.28993666461	4424.54557095857	3573.00482898086
452	66678.4772082953	62016.788167207	52827.2626341228	42631.6762993014	34519.8401668311	30960.5493199057	30217.1177544085	30288.7298975673	29627.1325641863	28816.6687316797	26383.7899025446	22451.5462136225	18767.865091672	14813.3493476264	11227.1211343988	18217.2579421836	6629.88992990825	3686.57817290225	2450.10140751969	1551.82967015937	1657.27348658693	3573.00482898086
454	64989.2855424243	62347.5890264676	52849.3774295225	42401.7737893345	34088.8010262515	30364.2237095434	29756.5196598909	29544.6404067818	28977.0891764975	28546.5656133178	26120.7751081142	22641.7154602462	18809.6992029636	15066.2510573208	11365.7125480557	16121.6988438371	7860.01471185589	3884.00344972982	2628.69806332893	1656.36320725668	1447.35726518805	3573.00482898086
456	63515.037103042	60639.6371772062	52137.9663658518	42405.2858007351	33944.5912643679	30063.0685837519	29470.7288171615	29287.178032717	28927.8935143653	28110.4134064943	25968.3971968708	22469.016080934	19020.4079468856	15158.8244741749	11349.6149416738	13782.2794911108	9880.76520663623	4043.1333783379	2714.34006782631	1814.75850820697	1370.45800276915	3573.00482898086
458	62780.3310285822	60247.8027332058	52275.9648583109	41820.3761018694	33765.9002080283	29943.1924111013	28660.0892251466	28998.1377130277	28480.5823379043	27866.4793450851	25939.0070302819	22384.2805954698	18779.8327557148	15308.2330525695	11533.9710290377	11569.7921893247	12077.4446762979	4177.63976127307	2860.90390505369	1926.34744316563	1401.60133162118	3573.00482898086
460	61089.3629797133	60212.8948586379	51835.6760721569	41565.206232569	33148.4358560154	28989.6159283438	28076.6867383505	28295.03189714	27915.6721239435	27595.8250257891	25507.0991166033	22395.547143814	18916.8602393468	15421.888054394	11629.7111156614	10199.990794164	14180.6782770227	4425.06870260269	2975.13626485447	2106.0193644671	1395.50891324109	3573.00482898086
462	61089.3629797133	58396.6937697556	50743.7031008671	40741.2315248809	33207.2423914212	28619.9576367542	28096.2405574681	27939.4360556972	27601.9543703888	27212.9632946411	25254.4638933928	22296.8429965504	18922.7644479549	15276.4407896425	11716.5670920779	9353.11895421577	15372.8470241695	4732.22552727274	3121.87018679333	2186.70430161391	1455.46864482688	1477.58825967888
464	61089.3629797133	57817.73687269	49976.8175458754	41214.2098876371	32806.546170685	28582.0934781726	27152.663354256	27195.5923576637	27099.4244214301	26873.9003259916	24964.2471314807	22057.7987923304	18846.9138572037	15409.0185727603	11814.4592429807	9051.35072726627	15508.7161801493	5285.8045449818	3268.54142702402	2295.91445543305	1470.49949477522	1386.72915673836
466	61089.3629797133	57768.6826388958	50477.8986590305	40561.8164018246	32411.4009210766	28331.6558665776	26878.8398685316	26760.9583978144	26647.5452859301	26437.7565806704	24682.0942946029	21891.9960604025	18752.9714773283	15298.3141098844	11917.9961826863	9087.17097494244	14430.8523013945	6133.90198843613	3365.29916972953	2369.81433884138	1566.75714638007	1291.21120065543
468	61089.3629797133	56259.2252816823	49116.0763655566	40449.2842188098	32305.5426111489	27927.8725915843	26378.229710954	26173.0601398033	26338.6617842496	26204.7589750586	24521.4389275291	21639.164633148	18626.8241715064	15292.7751371158	12023.9973960388	9099.67320749909	12448.3615355555	7440.29868157131	3502.47019035612	2424.58931277955	1669.78722282825	1271.89791496943
470	61089.3629797133	55955.132896312	48550.3801465506	39810.1725899269	31679.1029906164	27399.9909566085	25918.9125838267	25746.3142253096	25782.3106043636	25667.6014126809	24027.290170222	21546.5023682661	18627.1436091697	15265.7315829015	11925.4801097027	9127.96804591194	10610.5044112389	9201.02841187875	3578.33061025218	2562.43455496619	1728.23680683785	1273.62522067448
472	61089.3629797133	55786.6976049153	49103.1126449101	39510.0539610217	31867.3644953252	27206.7171480785	25610.2477506044	25485.8017645678	25359.3703070502	25209.7469660037	23765.057337428	21201.8226633075	18492.6350094267	15355.8891898295	11920.1556358837	9145.8250936173	9002.78683142577	10968.4283604245	3751.0097585839	2638.71826665248	1878.84666624645	1323.86574569938
474	61089.3629797133	53589.3078893482	47693.5242126782	39519.641523802	31253.8175956171	26753.0214299289	25354.1137310605	24954.7517496921	24898.2632598352	24601.8896190608	23564.0842284253	21002.9938923864	18469.5369133786	15378.6613522767	12055.7265561938	9231.63511582786	8083.74520001392	12459.5961980947	3939.53678925171	2769.17668279749	1939.72806684239	1363.25403100117
476	61089.3629797133	53816.2238656607	47385.461297987	38822.0200889698	30708.9615216451	26276.9105528496	24754.7373628322	24433.2603154958	24359.047714866	24227.2914390355	22996.8431848198	20776.0675078813	18083.1581766396	15181.9912564386	12076.719254267	9291.52983325336	7592.35801641646	13239.5964817645	4235.54484183884	2847.6541658046	2006.49461726185	1441.73150856992
478	61089.3629797133	52222.8875675339	46679.4800161602	38097.0643229784	30626.669328045	26109.3380544956	24194.7457264723	23609.015664703	23714.5523235693	23655.8621703275	22703.4666013381	20474.6342037414	17932.6990565861	15099.8282660548	12018.51555778	9280.90089405437	7524.26867952721	12781.9469689036	4711.11927032486	2932.7562989263	2114.7610234503	1480.53316531558
480	61089.3629797133	51876.610224122	46124.0720748539	38229.6488401121	30209.3195892474	25565.0219890627	23879.6709273627	23306.0339441594	23326.8421094632	23337.4211464362	22293.8345385727	20368.2626086087	17730.4953362563	15008.7568707789	12043.2173179106	9283.34407288596	7449.6034173025	11681.5142712395	5505.45095642042	2964.74658193414	2180.15626225018	1527.53489938141
482	61089.3629797133	51876.610224122	45352.468954817	37259.6715346496	29713.0195526831	25021.5956931707	23177.537296773	22684.7479312581	22551.5809448665	22689.4389627987	21765.0011395185	19965.5921138379	17499.8692141098	14752.8788092711	11943.4498654088	9306.22978306803	7482.01269354459	10039.0721259211	6716.3248750417	3075.11030720336	2274.68716076326	1662.50369877994
484	61089.3629797133	51876.610224122	44871.1425076348	36379.5959195115	29225.0134607147	24628.7140931695	22805.6307287107	22234.6634612018	22139.2268268993	22381.207353667	21185.4391490562	19495.3979440181	17236.9122181612	14744.8469243864	11786.3758965685	9363.30344796218	7461.35369878425	8340.28389801557	8147.45423255581	3167.92767223848	2343.47367156135	1746.54829141198
486	61089.3629797133	51876.610224122	43456.6032365331	36187.4629700275	28916.6327324977	24368.1506488234	22233.1011547014	21635.3881715442	21777.1165257039	21663.8304608058	20877.2813817192	19224.1861244176	17090.0314584373	14614.2640926737	11801.8797868145	9293.01188608203	7468.71848510383	7077.2193746031	9505.26445814892	3213.37532704556	2431.97959801723	1844.06688269724
488	61089.3629797133	51876.610224122	43071.1760205845	35953.9824669946	28199.8117972012	23727.6156732324	21679.0036509044	21132.8071801514	21237.6610195993	21277.4216900658	20447.5623668765	18913.7765913685	16710.0048782741	14284.2068623874	11669.1085135785	9308.17733412966	7428.64189091762	6507.12009766949	10607.9940212165	3399.23931168207	2451.39775531525	1838.36517088538
490	61089.3629797133	51876.610224122	41635.4238790847	35263.0517292887	28024.4455759867	23612.7416918825	21620.1715921687	20926.815923666	20602.061661192	20892.0308315417	20110.2242553639	18434.6060945025	16711.6686565992	14114.8864677038	11521.969091175	9269.02183634443	7483.61503570948	6164.1968690099	11068.4471694625	3659.30056973392	2561.03774501921	1862.44841307528
492	61089.3629797133	51876.610224122	41385.9636650033	34537.382606776	27557.9598417305	22924.4178067234	21154.7871714479	20397.5124499011	20235.0555370642	20296.4383806743	19592.2537176987	18034.9896752832	16207.9594086395	13979.3438186116	11395.8891451175	9177.76402303032	7311.7414028704	5976.8132841655	10699.707730283	4092.15425771871	2526.50467832758	1943.53193222608
494	61089.3629797133	51876.610224122	40841.7629560721	34290.0269898125	26940.0286441165	22875.8570822593	20812.6465048766	20009.9772127806	19872.3694004012	19869.8436171422	19214.6562890577	17865.4975761136	16135.7236903102	13979.268174363	11389.4244441656	9178.17028237685	7449.59112031891	6090.75043308218	9542.88136401757	4736.68964021404	2655.46094528586	1995.42284710701
496	61089.3629797133	51876.610224122	40530.9986740539	33618.767294045	26624.9955582892	22373.8060797358	19931.9527931081	19246.4432608577	19218.1069649668	19331.077000754	18817.8403964419	17513.0193527737	15755.7213115661	13618.9824022509	11296.5133644975	9113.06870186663	7440.32206365434	5905.89087875641	8240.70098881283	5710.65464853344	2677.64489031285	2049.62814752702
498	61089.3629797133	51876.610224122	39851.1788951321	33621.8927052249	26413.8246383153	21837.2733454264	19862.6368957391	19212.0969634699	19086.500194834	18983.1797226474	18409.4409337836	16958.4804519757	15499.4108901023	13566.2508718033	11182.2141335998	9039.87638202142	7362.42340945243	5981.96360771843	6788.56337248508	6798.8108880645	2724.0220624647	2147.84989655355
500	43339.7942260755	51876.610224122	38058.3564435745	32082.5035551784	25949.4832408492	21504.689920639	19190.4358832076	18532.1267063674	18458.5130329284	18340.2396398318	17900.4225599507	16698.023493037	15021.331204673	13277.2959011764	11031.4961849091	9024.10445126021	7282.39155214649	5869.73820974908	5787.33602007447	7940.23299846006	2828.3523747042	2179.53978065416
502	42511.14988594	51876.610224122	38058.3564435745	31810.6207931807	25315.9733416919	21058.083867449	18659.7615167073	18108.4997455544	17924.9481230708	18092.1160650261	17546.6216569326	16225.4865408897	14923.3663776215	13109.2500294018	10775.4482229421	8764.63628582249	7173.69201344165	5819.54997112719	5258.33696041949	8839.19749394469	2961.93225526244	2145.4684559884
504	39125.9543987966	51876.610224122	38058.3564435745	31071.1399499832	25167.937756242	20894.6445679516	18239.5320451061	17647.7250181005	17494.8015967387	17405.8600969273	17157.6968236541	16054.5678307202	14565.3115754983	12876.7360957567	10627.8471852104	8821.30512823703	7260.49229927849	5837.93922851598	4919.49058290189	9079.36215635198	3050.69361925546	2230.39633690763
506	41076.2446527642	51876.610224122	38058.3564435745	30644.9901317184	24375.5867343857	20171.16809919	18021.31447668	17165.9364810761	16861.1952428849	17100.4223908666	16728.5764325951	15529.7513430421	14242.0303691974	12532.3786885059	10547.1355195904	8656.17961850446	7098.22410223209	5715.97648534838	4788.60538050739	8940.48376884123	3506.88699644938	2236.86439039738
508	38259.3144868093	51876.610224122	38058.3564435745	30068.9155106242	24116.6802641586	19884.9750929186	17812.0148198217	16753.5674899239	16476.1551286699	16825.8005710858	16264.4635682297	15165.3702670651	13816.3614027252	12327.0592182592	10505.5249132579	8618.01062714656	6994.95089771771	5753.34716636262	4796.32347713697	7987.33774568087	4073.68797111658	2231.29940481313
510	39838.5730175055	51876.610224122	38058.3564435745	29769.1782065818	23957.2863018639	19586.0513899613	17247.4322404631	16355.4693253996	16208.0780906836	16074.4412331324	15783.6657572428	14955.9715831853	13751.3517197759	12008.5325451611	10324.4741267233	8501.25347125083	6971.66977102974	5749.33352753785	4679.35893224184	6770.88309142843	4815.09615199549	2356.60695623032
512	41802.0060919452	51876.610224122	38058.3564435745	29247.8861921892	23226.9265133687	18920.2504071493	16885.0448012687	15920.9722384204	15780.8081348679	15801.6571344898	15442.4655197452	14563.7928222875	13494.574126194	11961.0508807894	10035.8114566721	8401.69001499585	6968.60255833544	5617.05919453595	4653.45830840206	5709.49653555474	5727.32740929426	2363.28884378812
514	46007.6766347312	51876.610224122	38058.3564435745	28677.476106671	22654.390329616	18886.1878155551	16559.7358150334	15554.8310223716	15370.3298203487	15399.5581946613	15096.9713780354	14299.1575455182	12983.2945998833	11731.8003799413	9927.44371107979	8286.0712623124	6810.87199632356	5586.08940552693	4632.37535600927	4724.91340829446	6628.45432082508	2369.50130576374
516	51285.0468765353	51876.610224122	38058.3564435745	28318.6994997255	22493.287299472	18501.7891417632	16057.2971094599	15435.3280934076	14899.780124986	14915.995039243	14689.503030043	13929.5412632561	12780.8367079161	11430.6881880477	9747.008280252	8094.52036629972	6697.39947867408	5583.04562429467	4537.91661864396	4190.16868982315	7242.36599632279	2485.42128832559
518	60783.0985891216	51876.610224122	38058.3564435745	27853.5971511639	21760.0898349972	17612.4548916375	15680.4661900346	14882.0700358342	14675.6079482825	14539.463009712	14444.3201072384	13646.1140416326	12442.6486659212	11304.2039776871	9525.17010471809	8003.10951971779	6616.54408955785	5518.67636904177	4566.72237924905	3889.18741968798	7527.71400857716	2694.95693539115
520	69752.9783244731	36317.9662537669	38058.3564435745	27217.953376462	21330.5477734249	17604.1543402571	15501.9531722131	14470.5983510069	14142.454745585	14177.1387779642	13982.3941653339	13333.7385227321	12245.0241486501	11063.0511419007	9453.48737740256	7808.69256140355	6612.97196099442	5528.84877072601	4429.22757132338	3818.25992609773	7211.50322076156	2963.26199159348
522	80368.1707315736	35563.3977236115	38058.3564435745	27217.953376462	20842.5977157262	17221.0700442071	15166.1050989094	14046.2145998205	13785.7645532418	13695.704984779	13643.4739683083	12814.4080930699	12073.8072275229	10792.553836505	9133.96359527907	7682.81461059235	6491.60454803272	5328.07591271961	4454.49663426269	3725.58844584618	6582.02721020102	3493.58717991945
524	89044.9680611643	33491.266276237	38058.3564435745	27217.953376462	20704.7016208289	16995.5460636822	14618.6089896625	13572.13301667	13448.5598843949	13513.3650245296	13127.3338487925	12574.5545167227	11556.3949576114	10493.5109603333	9045.25277545734	7534.516804756	6253.64357090146	5264.07258106773	4390.64433529343	3708.5267671762	5631.35143579169	4164.96679784379
526	89392.7805324895	32042.0849009907	38058.3564435745	27217.953376462	20228.9823078357	16675.3440212742	14608.2088072766	13400.3038570164	13007.6128979039	13043.1402647117	12948.4461586402	12135.2794776609	11242.8515678895	10272.6798860781	8743.13342069591	7425.71438943322	6237.96370348394	5266.01494819168	4376.73983752962	3656.48161471053	4709.6060707356	4920.96579974846
528	87257.514453871	31939.5107417055	38058.3564435745	27217.953376462	20036.1806475894	16299.4321392676	14264.7727801237	12996.4043632586	12881.0813542964	12713.0941091043	12494.906716658	11798.6969703354	11106.6661896957	10021.2845458729	8592.91487104705	7347.47907739469	6179.33068265407	5146.77201227939	4345.14824413853	3589.32291472313	3954.14944822378	5616.09708050551
530	76475.3260588155	31872.3853425893	38058.3564435745	27217.953376462	19727.944161848	15638.4348387677	13707.508722136	12773.2211917104	12278.1280850234	12348.2168338806	12198.9851122043	11524.1369873881	10745.8580935755	9711.21031257064	8364.69911232171	7184.39813929012	6024.69237996861	5069.49910751699	4270.45460350072	3538.34697234145	3429.59624032125	6122.96572249775
532	66633.1798274128	32816.927695104	38058.3564435745	27217.953376462	18656.1690463613	15431.4153272057	13320.7046544452	12433.9147927959	12015.8687048639	11912.8731791183	11751.0634250563	11329.0349078983	10546.502243255	9567.6390336171	8137.81424321298	7012.21854428863	5953.06873432782	4998.84858403686	4159.0513194139	3431.89737071788	3155.35648617083	6280.99438272582
534	52210.3688558875	34832.9905247183	38058.3564435745	27217.953376462	18809.3348991486	14952.1429005858	13097.758174853	11995.7744072884	11717.4163228634	11553.8209979332	11686.4981265439	11049.0627383699	10297.5190548457	9375.28024475008	8073.03289097396	6746.71868679703	5889.78600431873	4988.94780174887	4223.35973591256	3443.53998152941	3026.88966974024	6016.51192307548
536	44831.0433803756	41175.7765531628	38058.3564435745	27217.953376462	18497.6717530458	14819.99503944	12693.2144400155	11867.3637321118	11525.8790667901	11321.4608241175	11169.223774923	10568.0917305906	9898.86936996917	9139.80032822	7736.99945795514	6735.34228039561	5763.99104342416	4778.235540933	4048.39253924703	3431.87503587173	2920.67569716608	5447.36474446649
538	34427.6560261017	49806.6982408789	38058.3564435745	27217.953376462	18018.5849866881	14397.7124517922	12482.2000025514	11414.265380032	11009.0937512623	10983.3778932549	10846.3598410824	10266.105903762	9580.88715476507	8911.59673360576	7661.29148630646	6533.51585514381	5563.24369802892	4737.08064348613	4004.87911518075	3384.15841198055	2910.21207428471	4620.5018595463
540	30798.0553507591	62583.2652252417	28940.3533737088	27217.953376462	17177.7449049341	14134.3216553595	12058.2815606506	11042.0959053492	10735.4750503106	10667.7318579535	10488.3207493079	10043.0745601849	9505.94585436388	8609.02369249183	7449.38683799969	6408.41043038715	5488.08520111202	4653.4546422957	3962.36419330622	3310.26289696552	2856.34910880359	3887.94987892244
542	27227.6325641449	76167.6888412225	28531.3757158742	27217.953376462	17177.7449049341	13588.5842120624	11817.9734582473	10768.3725964603	10379.3135768318	10318.8227646123	10266.2468962747	9746.51918087553	9139.654450956	8356.35300648239	7327.01288762404	6234.64153358237	5345.5379035653	4570.31927425792	3832.35086017653	3258.28466012249	2738.73745566065	3202.82963716805
544	28320.0013102839	90475.2049598075	28948.0763334208	27217.953376462	17177.7449049341	13509.0282379541	11628.7517430848	10591.6953881431	10067.7362957937	10198.1790295436	9813.63919239774	9510.36309608721	8820.00916211439	8054.35943269946	7059.63839475021	6096.35960164769	5289.40258176212	4446.65446233654	3827.75923003274	3191.40835666336	2694.98678686466	2739.52482952596
546	26840.5742153298	103473.464515038	28273.737880671	27217.953376462	17177.7449049341	13164.37520023	11110.5912435118	10117.7595481878	9949.39861985408	9886.61356134753	9653.1206023445	9125.76249932944	8650.3574006548	7922.05412135596	6908.47454762545	5981.4990426343	5140.58740478072	4341.67191299897	3751.34243363436	3110.48704564815	2734.16384544701	2458.33647707305
548	25362.0501632502	109917.795969642	28226.1088822516	27217.953376462	17177.7449049341	12747.9464000991	10970.9197680753	9991.60691667171	9503.75619929936	9522.51733340774	9253.04376280407	8912.27464434774	8439.66019323939	7624.29361687341	6850.95571801799	5777.74204450373	5071.11718817666	4319.02646797568	3617.83781691639	3139.81265996839	2632.91891084846	2377.43848891895
550	26839.572800426	109388.359067477	28209.9780239306	27217.953376462	17177.7449049341	12524.8351831759	10646.8376849851	9607.1174267931	9224.45643875193	9214.86385983871	8984.34996789715	8648.70318512803	8243.65898542749	7569.00844814785	6508.46007588434	5618.07584640136	4938.39316961124	4205.18859594541	3615.86619340945	3015.79376275502	2510.33729981323	2248.16905422765
552	27104.7452276867	103309.065579578	29077.2238208923	27217.953376462	17177.7449049341	12298.7536436842	10414.0973104663	9537.4217397201	9046.27883456938	8826.46893547312	8658.72257918954	8453.16038447087	7881.78116541601	7153.55265538065	6414.11063710399	5384.5182416742	4816.86712437067	4032.43123820124	3441.95400635479	2953.42348720988	2520.16509663486	2273.59925789479
554	25538.9603503205	90919.8068193477	29457.5052083843	27217.953376462	17177.7449049341	12307.9368997928	9938.76903044993	9345.36331564199	8950.18514137375	8736.86815592283	8504.56185820347	8177.48218603211	7728.79810530517	7210.14872837297	6291.4278463493	5376.85808346631	4665.41328999546	3917.8554085536	3428.80505543698	2929.9246219032	2459.38093867754	2165.23612739759
556	25530.0604483426	77022.4260539134	32056.3544635134	27217.953376462	17177.7449049341	11931.8741873483	9999.6123489822	9050.65262505921	8618.21733442912	8416.00591589108	8262.48015327862	7924.85774560445	7429.68102262071	6856.20821051419	5992.36208919994	5196.29402452558	4536.71626143675	3930.82369611351	3372.06562547005	2844.33243280588	2449.41088973784	2168.02478530563
558	25505.4476816771	60916.3241852508	36345.4051991843	27217.953376462	17177.7449049341	11653.0817823563	9768.07278648803	8859.20903691722	8129.72126311738	8125.13602525946	7975.26546579031	7598.85871421435	7298.59147258657	6706.67028879018	5908.03666292312	5163.02840757442	4411.75683584942	3806.52368068993	3261.76151467573	2782.15899989632	2417.1794561376	2083.62735941613
560	26775.0365416662	46688.020977347	44544.2270136855	25242.9381584194	17177.7449049341	11469.7576587633	9530.656005835	8499.07683733088	8123.77246148005	7896.32455468646	7807.76309209724	7425.9670399553	7058.4285391512	6603.57483343379	5719.98247366418	4969.45252180367	4285.4919606701	3755.89172296027	3213.66293168672	2800.43079377607	2302.04846216311	1977.44752738492
562	26611.8686664958	39485.7252036574	56444.1103248367	25274.3670354518	17177.7449049341	11469.7576587633	9141.14751097649	8312.84224818081	7868.8773180378	7740.11066286774	7657.15536383406	7257.22560357923	6810.85294956408	6309.80777552378	5555.08917024772	4731.23205687479	4131.87558855543	3662.07262783112	3103.08364646079	2639.80665427659	2268.3285493898	1980.02256999977
564	26325.9139991827	33270.9842142205	70508.8042597807	25291.343662413	17177.7449049341	11469.7576587633	9064.73949654018	8155.33627778959	7527.12074207179	7551.66931234118	7292.42545004009	7007.69527200964	6628.23591587005	6098.78802517613	5442.66821613823	4687.20084476164	4086.00478211615	3583.84070686236	2997.90476433839	2615.91869627036	2339.36293595506	1948.39901833653
566	28271.8249073218	32311.8802211424	86707.6057200188	25388.9352699596	17177.7449049341	11469.7576587633	8955.12360444268	7831.51346779994	7321.03466679817	7293.62293272693	7100.7664033352	6822.38424458916	6449.42493357483	5884.83960644789	5373.02130126039	4529.78796217483	4006.42705257627	3510.19547640662	2950.35571877547	2578.22815979653	2190.01974397469	1932.91322612669
568	28073.4540287124	30293.2857866316	102935.84637205	25403.7364175131	17177.7449049341	11469.7576587633	8983.79961993692	7638.4624592057	7284.21598838054	7229.58209850615	6760.04868343449	6645.37786968668	6165.84689939043	5771.3075208495	5047.77948006645	4391.85681832805	3867.56438766503	3338.36147845177	2909.87714504481	2488.9984765528	2150.07831862891	1871.05571713486
570	26781.6053425738	30080.2039991854	113234.757456812	25191.1498201619	17177.7449049341	11469.7576587633	8610.50127185885	7356.07903450655	6959.63876340236	6800.15765767974	6670.22099487918	6472.96361118405	6021.35604065554	5599.75359827857	4874.96503043824	4349.29568167229	3735.44723404533	3289.82816238998	2837.81988969358	2463.87198741006	2043.06354487071	1837.05273505688
572	29146.8643176465	29892.2942349443	120688.193323686	25440.591263034	17177.7449049341	11469.7576587633	8251.92726679417	7321.00822067083	6796.95413232603	6657.52021707487	6455.44427414504	6133.08730530054	5832.61358562742	5400.43834644267	4661.77450218384	4174.17024302721	3737.0117904877	3126.78988598602	2785.59935637686	2367.05428242143	2060.01568843763	1790.51071261844
574	27066.0384401707	30991.9614748419	119361.172854917	25845.3675921876	17177.7449049341	11469.7576587633	8119.48593457122	7006.4106116147	6498.79715890873	6342.30386527058	6128.5440402489	6025.38888204411	5736.52657652525	5240.81742364086	4698.64853935799	4033.727657253	3572.30228658212	3089.06085126525	2701.98206932348	2327.33028830466	1941.81170019117	1718.47322663637
576	32098.5958890147	31902.6122237141	112005.221817453	26053.2958001783	17177.7449049341	11469.7576587633	8156.94991915265	6961.88362352569	6446.58562278245	6308.00223729009	6029.49185669232	5845.96202117304	5335.70709981236	5076.76712222522	4534.65094114887	3891.55068447388	3424.79399170154	3037.40220889134	2653.08629852144	2290.2414111651	1910.89381795124	1719.0028932592
578	34674.3824592797	34658.127139761	100281.614377403	27804.2122647457	17177.7449049341	11469.7576587633	8044.15840146505	6576.81254604113	6231.21824449873	6035.34132716984	5843.67669666358	5672.06527595127	5353.25811454482	4961.570929118	4401.07246891229	3805.89855224101	3357.07822489436	2959.57318734185	2500.63611369495	2203.29986718985	1887.48560195751	1715.24172972688
580	35484.431307843	37621.9073473686	84366.4682729823	30480.1551380182	20742.7902237896	11469.7576587633	7960.69945596893	6657.70659347087	5976.95124827378	5862.80388135612	5720.62633315043	5436.85479357939	5197.0543432298	4784.16290956503	4285.90520224101	3702.34151067499	3243.32846759328	2890.25083429448	2502.25259216282	2161.35131022187	1851.16338175762	1612.4236969775
582	37669.4485301585	40531.5575288056	70767.9457441652	34737.3215341942	20282.6738447688	11469.7576587633	7960.69945596893	6475.43171623973	5799.06903137987	5690.81413113835	5486.05249794635	5306.87663154467	5101.10228115912	4610.51709867736	4120.0358003405	3674.17429489078	3177.19097395191	2793.95611151651	2365.03419169095	2121.44096514144	1749.44636378111	1599.46291265142
584	38986.5087697618	41960.0023496931	57671.6994437304	41486.1248970288	20754.8989625757	11469.7576587633	7960.69945596893	6446.33333059185	5756.13829253707	5573.05963991392	5351.84761300217	5113.6556647291	4883.26107983679	4478.46008580349	4053.29430248982	3453.16098740194	3043.04951423886	2733.41347738881	2334.99143732918	2091.53680206678	1755.95615047561	1527.80240480994
586	38298.7422561428	41446.4906364355	48689.7789474283	52274.5205232383	20903.3936776176	11469.7576587633	7960.69945596893	6415.51798692739	5477.45849794144	5419.64564636452	5193.05063547667	4955.03252219819	4813.40091579595	4473.7998187194	3793.69459486512	3455.09984688978	3012.39829526272	2614.38414081368	2302.80723607811	2062.80866449811	1714.75709382818	1496.97616210539
588	38197.4436227947	40643.6223733856	42090.2052150549	67108.2085881103	21172.8332414781	11469.7576587633	7960.69945596893	6269.1233713516	5547.42927202633	5173.98508061657	5090.12807949422	4633.14577768641	4631.34226297693	4181.51615950738	3735.89129065096	3243.07560658697	3001.84621412623	2516.08233237321	2256.99483310311	1974.39009699765	1752.60174582172	1473.9136584756
590	37341.7239212835	39172.3471263922	38316.9829894492	82557.1998247726	22238.802599385	11469.7576587633	7960.69945596893	6037.94476830483	5286.59938208735	5070.49232626053	4843.60274038575	4598.63506524024	4473.22752531429	4055.65579016845	3614.87532487618	3179.54759300798	2761.59733073657	2479.67043390234	2168.74529551377	1909.94154520919	1697.00764377555	1482.04278022324
592	38762.9432616663	40101.3551097112	36899.3460709987	96474.7513282161	21669.9446520544	11469.7576587633	7960.69945596893	5856.73827111985	5098.50783289437	4906.37362022084	4790.52717058854	4459.06537171752	4261.66120285844	3930.40326539004	3458.64405316902	3069.11364473923	2751.99911092431	2430.67267745948	2142.34620786173	1817.97416324519	1611.75482804783	1401.37961581727
594	38302.9810490955	39250.0316429026	36146.8001181949	109433.414817205	22095.6438629076	11469.7576587633	7960.69945596893	5810.90704845023	4953.4491489909	4732.64005473934	4574.82897640293	4529.71151928885	4240.77936328107	3804.58288687342	3346.79989758521	3006.40386354885	2688.97526395653	2342.07411489188	2039.92035402242	1834.09787042732	1565.23788634135	1369.08539878101
596	40032.8788162222	40249.4736123686	37783.586876231	116263.266455857	22992.4765862654	11469.7576587633	7960.69945596893	5915.97233365987	4831.56281886428	4705.97891676138	4453.57154556582	4288.00029150502	3961.71924380336	3625.72095126532	3309.17652927287	2878.21824312969	2584.91526286808	2288.25128154568	2010.0685107786	1753.76750374843	1416.22297809176	1323.75476013306
598	38759.9933283712	42418.8421890229	37680.4798672881	117928.079312128	23884.0403105484	11469.7576587633	7960.69945596893	5752.00109854053	4749.57928163736	4446.50922211558	4236.7819744084	4082.99122136495	3891.84731859868	3574.08820107741	3139.29827986215	2832.30912738664	2479.3504705098	2171.55282028702	1937.91909473672	1642.48589202632	1450.95393141821	1279.44038900499
600	41659.7240397316	43535.3892353191	36413.6383024982	110349.683127311	24286.3362378603	15256.4247573559	7960.69945596893	5831.94344453437	4601.36373741023	4410.02012387226	4130.42217839167	4061.2353116142	3741.53965405967	3507.73522111043	3035.45988549264	2759.87734193182	2452.84944259689	2169.42678997332	1927.06100554255	1607.73028777562	1365.75720885405	1224.35192870072
