Wavelength	240	250	260	270	280	290	300	310	320	330	340	350	360	370	380	390	400	410	420	430	440	450
nm	CPS / MicroAmps	CPS / MicroAmps	CPS / MicroAmps	CPS / MicroAmps	CPS / MicroAmps	CPS / MicroAmps	CPS / MicroAmps	CPS / MicroAmps	CPS / MicroAmps	CPS / MicroAmps	CPS / MicroAmps	CPS / MicroAmps	CPS / MicroAmps	CPS / MicroAmps	CPS / MicroAmps	CPS / MicroAmps	CPS / MicroAmps	CPS / MicroAmps	CPS / MicroAmps	CPS / MicroAmps	CPS / MicroAmps	CPS / MicroAmps
300	4483.61925669544	3741.70738781923	4327.27560032089	154157.096074128	13803.2846921597	7729.48478918157	382093.747736752	4878.24447587729	4481.12514790951	4111.57155946212	3096.30741827021	2308.05211882385	1905.96828914651	1836.11305599545	2048.36897803738	1919.08889458139	1435.59053294888	1197.56742603163	1140.06486602023	1292.10431725195	1554.52538840104	1223.90696700326
302	4503.31946033539	4003.25319355855	3617.83087688499	101641.39588451	30882.7863877765	5944.51777258426	6128.52321373745	4878.24447587729	4481.12514790951	4111.57155946212	3096.30741827021	2308.05211882385	1905.96828914651	1836.11305599545	2048.36897803738	1919.08889458139	1435.59053294888	1197.56742603163	1140.06486602023	1292.10431725195	1554.52538840104	1223.90696700326
304	4334.31776950865	3706.50862429843	3747.42806344498	51290.9872456998	61896.1444646068	5311.45107498831	6128.52321373745	4878.24447587729	4481.12514790951	4111.57155946212	3096.30741827021	2308.05211882385	1905.96828914651	1836.11305599545	2048.36897803738	1919.08889458139	1435.59053294888	1197.56742603163	1140.06486602023	1292.10431725195	1554.52538840104	1223.90696700326
306	4510.88268815186	3878.92161298129	3556.47685984775	21775.4938746137	102987.399256744	4729.67664158649	6128.52321373745	4878.24447587729	4481.12514790951	4111.57155946212	3096.30741827021	2308.05211882385	1905.96828914651	1836.11305599545	2048.36897803738	1919.08889458139	1435.59053294888	1197.56742603163	1140.06486602023	1292.10431725195	1554.52538840104	1223.90696700326
308	3771.85728670423	3338.46291473938	3325.60555422242	9501.29267109498	134398.621577368	4386.91061912748	6128.52321373745	4878.24447587729	4481.12514790951	4111.57155946212	3096.30741827021	2308.05211882385	1905.96828914651	1836.11305599545	2048.36897803738	1919.08889458139	1435.59053294888	1197.56742603163	1140.06486602023	1292.10431725195	1554.52538840104	1223.90696700326
310	4569.93522433412	3255.19447173516	3363.41782286526	5458.11998690422	142197.265895218	5020.60166108453	6128.52321373745	4878.24447587729	4481.12514790951	4111.57155946212	3096.30741827021	2308.05211882385	1905.96828914651	1836.11305599545	2048.36897803738	1919.08889458139	1435.59053294888	1197.56742603163	1140.06486602023	1292.10431725195	1554.52538840104	1223.90696700326
312	4313.61422909514	3044.30477961693	3125.35150619335	4178.62686188737	116800.096940441	10759.411408565	4212.14097615016	4878.24447587729	4481.12514790951	4111.57155946212	3096.30741827021	2308.05211882385	1905.96828914651	1836.11305599545	2048.36897803738	1919.08889458139	1435.59053294888	1197.56742603163	1140.06486602023	1292.10431725195	1554.52538840104	1223.90696700326
314	4429.55743244035	3176.25483650473	3189.18819639994	3839.99647566986	77331.4267324993	24918.7544352694	3570.38012300107	4878.24447587729	4481.12514790951	4111.57155946212	3096.30741827021	2308.05211882385	1905.96828914651	1836.11305599545	2048.36897803738	1919.08889458139	1435.59053294888	1197.56742603163	1140.06486602023	1292.10431725195	1554.52538840104	1223.90696700326
316	3874.073968608	2946.16010435208	3336.28309624468	3448.08420976441	40766.4848348013	50650.3441154795	3409.62056554923	4878.24447587729	4481.12514790951	4111.57155946212	3096.30741827021	2308.05211882385	1905.96828914651	1836.11305599545	2048.36897803738	1919.08889458139	1435.59053294888	1197.56742603163	1140.06486602023	1292.10431725195	1554.52538840104	1223.90696700326
318	3938.81676401035	2912.57596615114	3133.04623080695	3177.35659970057	17813.0940391738	80942.4525032225	2916.25436514793	4878.24447587729	4481.12514790951	4111.57155946212	3096.30741827021	2308.05211882385	1905.96828914651	1836.11305599545	2048.36897803738	1919.08889458139	1435.59053294888	1197.56742603163	1140.06486602023	1292.10431725195	1554.52538840104	1223.90696700326
320	3752.08118952373	2705.53789063369	2879.11282881124	3091.37247863261	7552.01498564939	104444.604308577	2731.77244472277	4878.24447587729	4481.12514790951	4111.57155946212	3096.30741827021	2308.05211882385	1905.96828914651	1836.11305599545	2048.36897803738	1919.08889458139	1435.59053294888	1197.56742603163	1140.06486602023	1292.10431725195	1554.52538840104	1223.90696700326
322	4780.60312150911	2691.73612113418	3069.64055024201	2992.53706052604	4363.63999735426	105745.596739522	3585.60917615261	3369.8126820278	4481.12514790951	4111.57155946212	3096.30741827021	2308.05211882385	1905.96828914651	1836.11305599545	2048.36897803738	1919.08889458139	1435.59053294888	1197.56742603163	1140.06486602023	1292.10431725195	1554.52538840104	1223.90696700326
324	4154.65828961372	3057.73219270379	2629.94922620387	3003.42651692608	3620.94496449384	87575.9761937136	7754.08470692017	2994.099348825	4481.12514790951	4111.57155946212	3096.30741827021	2308.05211882385	1905.96828914651	1836.11305599545	2048.36897803738	1919.08889458139	1435.59053294888	1197.56742603163	1140.06486602023	1292.10431725195	1554.52538840104	1223.90696700326
326	4430.11068267698	2813.39933019441	2618.47048970773	3075.62398889046	3030.15296764511	57959.5913215468	18410.1661023741	2724.61584161576	4481.12514790951	4111.57155946212	3096.30741827021	2308.05211882385	1905.96828914651	1836.11305599545	2048.36897803738	1919.08889458139	1435.59053294888	1197.56742603163	1140.06486602023	1292.10431725195	1554.52538840104	1223.90696700326
328	3601.20476565685	2407.63869695523	2782.53001943757	2938.99148714004	2833.65858233427	31033.3606395466	37132.1446645943	2391.96413456665	4481.12514790951	4111.57155946212	3096.30741827021	2308.05211882385	1905.96828914651	1836.11305599545	2048.36897803738	1919.08889458139	1435.59053294888	1197.56742603163	1140.06486602023	1292.10431725195	1554.52538840104	1223.90696700326
330	3866.59811106015	2623.53960626102	2586.77776404813	2879.21523139811	2654.20290048522	13432.0671812928	59647.4308582128	2196.86935412358	4481.12514790951	4111.57155946212	3096.30741827021	2308.05211882385	1905.96828914651	1836.11305599545	2048.36897803738	1919.08889458139	1435.59053294888	1197.56742603163	1140.06486602023	1292.10431725195	1554.52538840104	1223.90696700326
332	3920.95982174871	2735.11933643271	2381.54625810584	2777.61784261937	2515.32855182553	5394.32374476449	77859.0581171017	1947.47941851451	2991.59040562204	4111.57155946212	3096.30741827021	2308.05211882385	1905.96828914651	1836.11305599545	2048.36897803738	1919.08889458139	1435.59053294888	1197.56742603163	1140.06486602023	1292.10431725195	1554.52538840104	1223.90696700326
334	3786.37488867992	2400.1594027537	2452.07936218579	2831.77012910767	2483.82910104497	3092.58916595867	80264.0931149043	2437.28442688842	2461.48445043511	4111.57155946212	3096.30741827021	2308.05211882385	1905.96828914651	1836.11305599545	2048.36897803738	1919.08889458139	1435.59053294888	1197.56742603163	1140.06486602023	1292.10431725195	1554.52538840104	1223.90696700326
336	3344.03635806562	2305.59704286837	2291.80474869287	2719.41922645253	2427.52576480792	2410.4297147317	68617.3229408224	5016.97798892373	2203.87891619606	4111.57155946212	3096.30741827021	2308.05211882385	1905.96828914651	1836.11305599545	2048.36897803738	1919.08889458139	1435.59053294888	1197.56742603163	1140.06486602023	1292.10431725195	1554.52538840104	1223.90696700326
338	3438.8266348184	2289.50816804062	2036.21258535844	2716.36895305023	2324.70288692227	1997.4585510063	47281.4216084836	11685.0179321538	2019.88181739927	4111.57155946212	3096.30741827021	2308.05211882385	1905.96828914651	1836.11305599545	2048.36897803738	1919.08889458139	1435.59053294888	1197.56742603163	1140.06486602023	1292.10431725195	1554.52538840104	1223.90696700326
340	3306.29667833355	2312.49239874523	2260.54662506192	2458.52181238377	2375.46838820423	1866.78220596256	25722.5141009885	24832.4926164184	1813.02548390092	4111.57155946212	3096.30741827021	2308.05211882385	1905.96828914651	1836.11305599545	2048.36897803738	1919.08889458139	1435.59053294888	1197.56742603163	1140.06486602023	1292.10431725195	1554.52538840104	1223.90696700326
342	3428.43368177191	2325.24111567854	2147.57367701103	2407.70721259376	2312.88333437726	1790.58190515054	11661.0001355122	42556.0334016073	1607.89112213472	2397.69856748105	3096.30741827021	2308.05211882385	1905.96828914651	1836.11305599545	2048.36897803738	1919.08889458139	1435.59053294888	1197.56742603163	1140.06486602023	1292.10431725195	1554.52538840104	1223.90696700326
344	3309.90231974805	2342.80019627161	2068.95695037873	2266.61783279172	2267.55640947958	1652.23308475617	4765.41240399547	57688.5522633197	1523.25073601468	1945.8694459297	3096.30741827021	2308.05211882385	1905.96828914651	1836.11305599545	2048.36897803738	1919.08889458139	1435.59053294888	1197.56742603163	1140.06486602023	1292.10431725195	1554.52538840104	1223.90696700326
346	3407.70718489779	2224.23465377606	1987.14882211129	2231.07483871063	2254.40351470091	1596.50538911611	2213.17165453511	63517.8967347321	1685.55638979367	1754.36608592946	3096.30741827021	2308.05211882385	1905.96828914651	1836.11305599545	2048.36897803738	1919.08889458139	1435.59053294888	1197.56742603163	1140.06486602023	1292.10431725195	1554.52538840104	1223.90696700326
348	2859.68350261166	2053.72879953741	1811.83122939292	1981.55676561116	2143.33759333677	1487.8059301032	1473.57669171603	56968.9507963876	2921.9727030344	1631.60683459076	3096.30741827021	2308.05211882385	1905.96828914651	1836.11305599545	2048.36897803738	1919.08889458139	1435.59053294888	1197.56742603163	1140.06486602023	1292.10431725195	1554.52538840104	1223.90696700326
350	3338.53943558098	2318.98006397713	2124.81622246397	2001.20382292498	2062.90140522914	1556.51203115785	1200.33241442893	40888.7577103741	7038.34446633172	1484.89044660209	3096.30741827021	2308.05211882385	1905.96828914651	1836.11305599545	2048.36897803738	1919.08889458139	1435.59053294888	1197.56742603163	1140.06486602023	1292.10431725195	1554.52538840104	1223.90696700326
352	2999.60529291438	2021.95388621994	1880.29154378237	2027.60664212749	1998.684170297	1413.14374305182	1030.65402316564	24082.2054402839	15217.7791554773	1323.16490229131	1907.82283858918	2308.05211882385	1905.96828914651	1836.11305599545	2048.36897803738	1919.08889458139	1435.59053294888	1197.56742603163	1140.06486602023	1292.10431725195	1554.52538840104	1223.90696700326
354	3405.1222941597	2245.81625693709	1841.222272425	1849.47928653428	1845.20291207694	1403.84424346019	945.280594834283	11688.6992004047	27872.0514492124	1179.20075045033	1513.30073898031	2308.05211882385	1905.96828914651	1836.11305599545	2048.36897803738	1919.08889458139	1435.59053294888	1197.56742603163	1140.06486602023	1292.10431725195	1554.52538840104	1223.90696700326
356	3499.50686406914	2043.77547723591	1681.50367236899	1826.52482168315	1768.68235499984	1422.90506441706	882.900769179891	4883.43321611978	40721.7724033301	1013.2843373352	1327.98907524705	2308.05211882385	1905.96828914651	1836.11305599545	2048.36897803738	1919.08889458139	1435.59053294888	1197.56742603163	1140.06486602023	1292.10431725195	1554.52538840104	1223.90696700326
358	3209.44815091338	1881.28184698076	1677.32993636177	1660.08202379524	1719.84058994208	1349.57493637924	841.730245553712	2180.99667076689	48629.4453136106	1095.6432590035	1246.80693618245	2308.05211882385	1905.96828914651	1836.11305599545	2048.36897803738	1919.08889458139	1435.59053294888	1197.56742603163	1140.06486602023	1292.10431725195	1554.52538840104	1223.90696700326
360	3193.48564311878	1940.06448078757	1586.61556229484	1572.65499681117	1566.54842239492	1365.43941966987	782.625192883452	1191.61394459539	47155.9649603276	1661.95574293948	1160.45752311733	2308.05211882385	1905.96828914651	1836.11305599545	2048.36897803738	1919.08889458139	1435.59053294888	1197.56742603163	1140.06486602023	1292.10431725195	1554.52538840104	1223.90696700326
362	3199.24767147717	1814.29996104088	1516.4033824085	1581.89996163548	1454.48493967869	1299.83412030109	789.626420855452	901.296699268057	37825.1684996855	3750.82718602294	1111.14491379581	1494.07192176743	1905.96828914651	1836.11305599545	2048.36897803738	1919.08889458139	1435.59053294888	1197.56742603163	1140.06486602023	1292.10431725195	1554.52538840104	1223.90696700326
364	2707.45573229176	1706.13748510503	1498.69494677253	1449.768062992	1529.63339482322	1295.02218406926	732.939980756312	756.417972227502	24952.5104899964	8683.46120593945	1014.58710555069	1220.96039066582	1905.96828914651	1836.11305599545	2048.36897803738	1919.08889458139	1435.59053294888	1197.56742603163	1140.06486602023	1292.10431725195	1554.52538840104	1223.90696700326
366	2590.89284825029	1597.45648960675	1399.80767575819	1506.68050471166	1387.0441100558	1211.84872741729	753.472111324795	615.484676926795	13402.9947173525	17123.0620547295	843.388890571682	1036.17596108056	1905.96828914651	1836.11305599545	2048.36897803738	1919.08889458139	1435.59053294888	1197.56742603163	1140.06486602023	1292.10431725195	1554.52538840104	1223.90696700326
368	3367.18823642425	1717.97600685807	1442.01609709186	1520.92766927582	1430.12153288828	1078.8494172799	720.84682141219	611.799118377081	5953.54804306296	27330.6362507176	788.685691286775	990.831473354044	1905.96828914651	1836.11305599545	2048.36897803738	1919.08889458139	1435.59053294888	1197.56742603163	1140.06486602023	1292.10431725195	1554.52538840104	1223.90696700326
370	2336.90102598661	1951.01980315857	1395.71622588991	1364.55599868311	1334.72601847508	1077.70282242952	776.964771389924	603.924057079189	2571.87757349604	35930.8989533675	809.9206852451	984.805250548641	1905.96828914651	1836.11305599545	2048.36897803738	1919.08889458139	1435.59053294888	1197.56742603163	1140.06486602023	1292.10431725195	1554.52538840104	1223.90696700326
372	2595.97507674203	1561.07828714411	1458.92780707634	1388.71879339294	1209.28670162288	1067.84308283336	773.849619472764	604.92824776929	1295.32523255824	38518.3095481197	1149.97489886433	935.634663030104	1301.59744670384	1836.11305599545	2048.36897803738	1919.08889458139	1435.59053294888	1197.56742603163	1140.06486602023	1292.10431725195	1554.52538840104	1223.90696700326
374	2537.12153879917	1559.27198017551	1247.26963169632	1283.29359203059	1211.20819503697	1045.09859448657	802.085555519833	551.237706062779	891.066758269986	34057.7180143436	2530.3727914828	836.795413376306	1031.14575580424	1836.11305599545	2048.36897803738	1919.08889458139	1435.59053294888	1197.56742603163	1140.06486602023	1292.10431725195	1554.52538840104	1223.90696700326
376	2758.49924748745	1424.54328291345	1254.04409994299	1213.56810768598	1228.94367329642	991.596453719348	762.701009743606	573.583600792255	671.23596519321	24959.9504242527	5845.04796507331	744.464873713873	881.749014649495	1836.11305599545	2048.36897803738	1919.08889458139	1435.59053294888	1197.56742603163	1140.06486602023	1292.10431725195	1554.52538840104	1223.90696700326
378	2262.25209786582	1312.43962604978	1136.54752720826	1232.55637045702	1175.05918346752	1048.56459213279	787.700852298469	565.783379202344	604.079258344432	15068.7619314186	11826.6621920949	656.562718505578	850.676247529824	1836.11305599545	2048.36897803738	1919.08889458139	1435.59053294888	1197.56742603163	1140.06486602023	1292.10431725195	1554.52538840104	1223.90696700326
380	2064.47011239356	1350.26611227399	1180.41461823669	1139.34519467608	1173.30317901556	972.756511237519	782.916697638654	559.388136420716	542.468533031292	7556.49239337362	19695.4708365891	603.241850987268	789.341938694399	1836.11305599545	2048.36897803738	1919.08889458139	1435.59053294888	1197.56742603163	1140.06486602023	1292.10431725195	1554.52538840104	1223.90696700326
382	2166.40422984463	1559.76910100541	1116.5139947118	1058.67720596624	1114.60103449674	942.472756383542	816.099531760899	621.314647591042	535.939338615492	3399.06364300304	27148.2965206407	585.984438448831	775.165380692406	1179.98639569774	2048.36897803738	1919.08889458139	1435.59053294888	1197.56742603163	1140.06486602023	1292.10431725195	1554.52538840104	1223.90696700326
384	2241.49513242003	1405.42615324038	1179.87684240236	1111.8841479203	1100.83184247766	959.756825791383	784.847399677058	630.970722359444	465.304686613641	1608.43582463905	30999.2942242021	844.484434129109	680.250271827526	903.057350590796	2048.36897803738	1919.08889458139	1435.59053294888	1197.56742603163	1140.06486602023	1292.10431725195	1554.52538840104	1223.90696700326
386	2122.53405967458	1474.39330735787	1168.39448227036	1055.07664198159	1056.71757956167	988.161107382706	786.016711435009	579.296743670961	482.31156278859	950.609792710683	29504.6686657862	1816.18078955207	659.000999158842	762.875885922729	2048.36897803738	1919.08889458139	1435.59053294888	1197.56742603163	1140.06486602023	1292.10431725195	1554.52538840104	1223.90696700326
388	2025.45839932937	1351.23591548744	1067.16148347593	1003.11330196728	1028.57243345369	923.009678991812	754.956983598496	626.627976184924	496.727314260583	695.810342975487	23063.0661453003	4277.61971515042	580.084905615608	684.481777246306	2048.36897803738	1919.08889458139	1435.59053294888	1197.56742603163	1140.06486602023	1292.10431725195	1554.52538840104	1223.90696700326
390	2190.96566184808	1313.61464198879	1094.08002564227	1047.88324905883	1029.21706037797	916.980578177635	778.155708212016	637.197388432278	433.289883821354	565.514119526221	15263.6615045495	8775.02809749807	523.237633061136	686.184469837367	2048.36897803738	1919.08889458139	1435.59053294888	1197.56742603163	1140.06486602023	1292.10431725195	1554.52538840104	1223.90696700326
392	1945.17715400064	1389.29587808406	1123.51649531311	944.275114956727	997.980108485175	952.657359323434	777.616565310409	659.344819224611	466.827982416863	467.454887611534	8193.53032764487	14958.8962612829	492.208639077289	681.946761751682	1093.37400908822	1919.08889458139	1435.59053294888	1197.56742603163	1140.06486602023	1292.10431725195	1554.52538840104	1223.90696700326
394	2066.00038192781	1362.84149729526	1144.80627081729	980.686903983079	1019.24660576168	972.950308009241	796.818000212672	659.345686555739	480.481767724329	436.394066601171	3889.97548272985	21441.6498597629	482.47277091238	685.374593928069	865.882336965623	1919.08889458139	1435.59053294888	1197.56742603163	1140.06486602023	1292.10431725195	1554.52538840104	1223.90696700326
396	2545.38274322737	1270.03806645507	1044.38793119138	997.355917556512	1058.06629039938	942.721154751988	832.703713992328	644.413573945949	459.717059128306	421.922719939506	1758.85724920283	25121.8534436124	628.968942221366	605.969339596865	720.352820425079	1919.08889458139	1435.59053294888	1197.56742603163	1140.06486602023	1292.10431725195	1554.52538840104	1223.90696700326
398	2158.70944767607	1249.52896774599	986.98733537153	967.399134516528	1003.22702883791	938.926740479166	796.199969225634	684.115920995963	461.270498763311	422.545437383002	919.075672975452	24827.4384690538	1183.68345691604	534.001914001508	599.899746757457	1919.08889458139	1435.59053294888	1197.56742603163	1140.06486602023	1292.10431725195	1554.52538840104	1223.90696700326
400	2145.21176871218	1269.75634189035	1069.61282152626	929.2033055479	963.708106973753	894.514064986594	787.211226619843	643.738311964558	462.0450770062	390.348983676512	656.106338310313	20496.1662017381	2707.81056039329	503.247552252998	591.960235735535	1919.08889458139	1435.59053294888	1197.56742603163	1140.06486602023	1292.10431725195	1554.52538840104	1223.90696700326
402	2046.6290931223	1328.92465758888	998.408311655731	955.227318845991	965.52946986194	916.436648854715	806.953978467023	647.462908391723	487.666190697025	408.988972486901	512.54750714114	14186.3515658066	5830.63166472421	451.301527214622	625.597062553252	957.550150106977	1435.59053294888	1197.56742603163	1140.06486602023	1292.10431725195	1554.52538840104	1223.90696700326
404	1945.86494938065	1200.07617039502	986.66269995059	918.778301952196	977.912608370207	920.769957446861	797.171560023109	647.192621442163	503.754634233703	393.202789317128	439.473132256544	8112.32033917302	10414.5157200044	442.38094520297	611.124366428828	759.109625523428	1435.59053294888	1197.56742603163	1140.06486602023	1292.10431725195	1554.52538840104	1223.90696700326
406	2023.48304663068	1327.13979515257	939.501355263696	882.452843068868	965.081640748828	896.884780046424	852.230026873655	608.439880068388	515.220531284	398.668817338119	393.885758057936	4030.55851940121	15720.7352465839	392.448993797841	565.604585269095	635.934863429464	1435.59053294888	1197.56742603163	1140.06486602023	1292.10431725195	1554.52538840104	1223.90696700326
408	1735.98606188404	1255.4065688773	882.132493333783	900.192487404733	973.148657606783	924.527644994695	785.813155880901	613.550080240485	486.529538508414	382.781113027316	362.67549046751	1821.05952737847	19865.8800031773	439.032482293355	550.195517526497	502.554177831701	1435.59053294888	1197.56742603163	1140.06486602023	1292.10431725195	1554.52538840104	1223.90696700326
410	1861.94511933478	1370.54132375668	910.95116172855	904.826905227394	924.469528775529	888.383349660887	789.33045980398	616.164631063057	521.323588817064	365.134039462175	339.754313951924	942.321796567826	21162.5637719293	735.738454305643	462.940709520419	467.67986738935	1435.59053294888	1197.56742603163	1140.06486602023	1292.10431725195	1554.52538840104	1223.90696700326
412	1805.51920420586	1270.88441789728	942.677535240471	856.184935838622	915.062229956769	873.827259702102	794.115237212136	643.795770007161	507.608356028476	387.660630668205	348.129499512069	666.165875505814	18927.668352496	1537.05560292456	443.153202037443	473.361191102312	834.851454812077	1197.56742603163	1140.06486602023	1292.10431725195	1554.52538840104	1223.90696700326
414	1859.7302331274	1278.36218602698	913.152489532699	797.958440481437	867.115833626005	833.881999264959	759.041663757654	594.467465985706	497.164032713079	369.935826416929	324.240898559425	489.976186232811	14445.8614419588	3387.22459695788	398.449171350973	471.981118442606	653.898646457357	1197.56742603163	1140.06486602023	1292.10431725195	1554.52538840104	1223.90696700326
416	1918.17837645181	1330.04850717326	963.422602539383	799.487602134898	908.641605491654	817.145387695812	770.177293281193	599.385834068939	488.78699917229	384.86651447968	327.861333823767	427.705356363116	9274.37488377754	6602.85654099339	388.586111148356	480.506144547015	546.735908833768	1197.56742603163	1140.06486602023	1292.10431725195	1554.52538840104	1223.90696700326
418	1842.7771773264	1274.95283852146	936.663985396382	798.505386578741	858.26072204769	861.417375017658	775.187921198684	600.337736153959	460.581259533044	402.489683165039	328.666204761496	325.801394014509	5021.72188142088	10602.97470651	344.372629958956	446.966507408731	446.904798449243	1197.56742603163	1140.06486602023	1292.10431725195	1554.52538840104	1223.90696700326
420	2233.91774556088	1215.06933165079	857.546821370499	826.729324527086	823.200927671426	817.439039418021	837.170969331344	586.112652484528	449.612933917668	423.631173485348	316.611006780814	310.158952246325	2460.4079483713	14558.2786249573	361.926526470788	416.983170354021	421.616876359543	1197.56742603163	1140.06486602023	1292.10431725195	1554.52538840104	1223.90696700326
422	1896.31390409745	1283.19980092637	858.940817198757	751.977328262864	779.234173174823	845.030053235455	737.94673771006	609.529197080766	444.099803461078	418.005947972701	329.560524403628	310.259554244323	1182.90497896304	17115.8291411759	427.885610590477	364.240972960732	410.427792704329	747.054462827807	1140.06486602023	1292.10431725195	1554.52538840104	1223.90696700326
424	1620.75989652267	1139.48625941966	916.133690698974	785.494466194504	760.070536931504	785.678983758964	707.14747196029	542.642618164957	431.999937079762	403.381038107587	351.090260383831	319.029372883797	715.652568647145	17229.2818102251	805.725040890217	363.218556155705	382.205452447968	590.648875760051	1140.06486602023	1292.10431725195	1554.52538840104	1223.90696700326
426	2007.19936549191	1302.45393363304	904.453050429516	745.161420588242	779.708215368518	759.247192000109	682.623037813534	584.249719584476	449.562587133238	396.447569594209	329.356242167021	287.868044002201	548.980603484427	14537.0787030962	1712.01182226055	333.774692421257	423.534138720375	485.308603149245	1140.06486602023	1292.10431725195	1554.52538840104	1223.90696700326
428	1566.45133070297	1095.18637099523	848.874191576052	809.188138994129	684.385883480277	785.039733835069	683.627377184499	559.594116836854	426.909023591373	395.385655033604	346.793544839136	269.58224601562	394.489162144293	10373.5368675265	3552.85173620562	307.858785393741	418.862704949543	412.72321014057	1140.06486602023	1292.10431725195	1554.52538840104	1223.90696700326
430	1698.409539033	1031.32412902319	814.137834332654	771.264840642315	714.749523431879	767.569347329776	663.352331172899	554.755363185842	440.133123705547	375.730399475408	362.153462996405	289.12946680768	358.219053844864	6329.04271950701	6270.61172687285	291.551977393976	396.592791971688	381.173844360091	1140.06486602023	1292.10431725195	1554.52538840104	1223.90696700326
432	1639.40998381876	1170.81029360404	855.05233536009	704.914998146102	737.158312390958	727.524047459266	646.257266103782	549.140069391909	425.539248256106	392.363012739732	338.130943369058	286.953928042993	296.231476179786	3358.94060098484	9499.47389661067	290.475571762605	341.247408322439	340.673955918344	668.704747997475	1292.10431725195	1554.52538840104	1223.90696700326
434	1786.12037724766	1207.12045406889	836.484656049893	705.864999950416	702.250529633129	681.008541832538	638.951485993539	530.034159676417	431.471332438672	372.840941634172	338.010888707042	272.247660831314	266.823762032566	1647.55893229533	12487.689889225	306.821725050351	320.47275601964	365.138669685058	552.793393545086	1292.10431725195	1554.52538840104	1223.90696700326
436	1776.61619948048	1133.8535621894	819.277857812239	693.30699852306	707.324901679464	711.463449168904	648.461619240764	496.987427840152	414.083848093036	363.497948388794	368.069855140093	285.021565725261	273.498369398031	859.582849235419	14025.4723613714	456.426466067716	315.618295388159	375.566309498855	458.74081193503	1292.10431725195	1554.52538840104	1223.90696700326
438	1754.08215255904	1129.61868088777	858.266762731681	685.537566655273	704.598191778838	682.921672057305	633.305807510944	511.924428356659	411.159976491312	358.77264908541	359.607689709459	274.306653460006	266.925657360699	569.530054028837	13540.7996356122	906.164601256568	296.494708702382	365.827748445135	374.808806799006	1292.10431725195	1554.52538840104	1223.90696700326
440	1561.29386073471	1171.70834421402	805.486364191152	702.912707332961	700.446943403909	678.094647505812	603.658859947288	494.18990811384	430.656188770018	359.527688502113	337.048162805876	271.74415374806	264.646487993155	479.079108346663	11183.7037268817	1925.86152290669	285.182159359611	359.171392726634	339.729915696854	1292.10431725195	1554.52538840104	1223.90696700326
442	1722.55906858477	1186.98009625061	820.663740062336	699.709626508846	693.28404075777	667.46160466186	572.756289593547	488.085938300033	442.980778920262	348.045942567353	342.084300331064	285.349322265781	252.567556682245	372.105450671586	7919.57522634492	3633.63891681499	245.498224706869	330.247338595841	311.428049740666	667.414041362693	1554.52538840104	1223.90696700326
444	1505.3396856194	1121.57906669543	777.690126862165	675.772693422773	631.658366984583	617.818811581031	567.520256013133	530.078621352456	416.914044642788	336.946323315681	340.96265302732	261.438752422147	272.870494604189	321.034139301779	4908.51163789423	6008.33699354563	236.94218937707	287.386924791397	311.673706047999	515.624381295246	1554.52538840104	1223.90696700326
446	1546.30808016108	1147.16887297987	848.476577172796	681.379674604496	638.030453101932	634.178643684121	556.64924849362	481.99595905677	414.953409623702	337.82218373361	349.29926038613	267.13961248545	252.760509741828	264.996281455549	2538.9727330717	8541.20075841118	275.807105983775	282.773540424199	306.217675645544	433.137086282176	1554.52538840104	1223.90696700326
448	1525.65172709256	1091.63537999128	695.112796081511	691.423249573555	645.445408447277	610.934352606879	550.658513298063	464.027946517226	393.852129329056	335.450921549836	325.651864255695	273.199648398724	236.526231861611	268.49272070224	1288.07657941822	10669.0438080485	369.06579056965	282.517985920972	345.113348167771	367.726122300256	1554.52538840104	1223.90696700326
450	1654.91966215695	1086.78671997519	777.491219562175	623.198622499249	612.855512015264	606.147536367547	518.987468344456	439.200660593725	406.824214172714	338.0125018156	356.747002158667	265.043727047583	255.439038354157	241.438277511204	722.626790958057	11528.1642635777	661.690395783869	266.880142608319	329.774077991733	325.028461403605	1554.52538840104	1223.90696700326
452	1624.02617799354	1113.53119875916	725.046040327487	699.218986245157	605.738975408668	561.136925314573	502.129889730322	446.395958629509	396.466958948162	332.671092553121	320.007342387162	270.194669390407	224.874195616941	243.718737527085	497.098432072776	10708.7123434822	1360.84888160621	246.033718535552	320.403522977032	289.924908246337	657.458319000007	1223.90696700326
454	1669.44174467054	1128.00621488468	759.426787451512	595.582467073263	597.797038869165	564.992922339976	497.815294556228	442.232695683483	375.185407419075	333.666245873417	303.228216034293	263.135650467325	243.490524732641	244.715452955755	386.921737467984	8554.54541703259	2563.14667570014	235.1619847286	279.735399785768	278.584250805195	526.148973048655	1223.90696700326
456	1640.03652048553	968.463952589815	752.015381688404	630.151848203269	595.443956254542	549.823184960705	491.029105816177	412.209128471278	376.972686703884	339.14451382113	298.878236978861	291.763472072092	262.49424392163	246.615864362635	336.851839630037	5952.36204174811	4379.61470549178	233.525105322971	254.797074511238	278.115110066683	449.025720191642	1223.90696700326
458	1548.28508077259	1066.34578644619	747.48304744557	614.490728963973	524.120705318667	540.138325133116	454.172023006715	421.174482648749	380.313274170447	327.282493864714	281.808671109465	287.528028336905	250.298780438851	230.006442635043	282.271924712507	3504.83148632593	6452.29282607928	240.398876732132	253.401150434096	298.234998078799	361.33976523158	1223.90696700326
460	1316.62289088781	1185.16935619501	751.44844307127	595.973417266724	566.117274019005	546.534411242969	480.716842575512	407.541664539297	377.125553966051	328.037222357392	278.880006008327	293.499181043456	251.131373944881	229.999359745848	263.593151624024	1867.53223166966	8529.93304844241	311.749785211017	248.856790321812	283.361203326724	312.863287709065	1223.90696700326
462	1316.62289088781	1021.63087972144	725.649760150718	605.40424156395	549.973000439321	512.576760973265	451.671105558811	394.280237967106	342.319343134797	312.704629394554	285.58655094153	288.673380984342	240.982577403586	241.507825307645	213.234348532071	945.997571764977	9631.34196265725	466.628296799189	237.439831552065	303.638526191831	287.271452182016	570.805581201509
464	1316.62289088781	1069.22136371596	691.500292248969	579.135275303684	553.096820310275	455.522583323987	450.325615437958	367.80530001379	355.759824118943	308.304370974007	267.126500695411	271.696978322438	238.063289255182	217.820160747819	216.923239069351	573.488776665735	9403.45006366199	855.038776557273	248.218964898075	287.721007597692	259.264259630378	471.991914614453
466	1316.62289088781	981.010345063362	724.030238257006	568.096908385675	501.889950849499	478.576814718719	458.447110877839	420.091835611646	341.423706924021	315.406701435417	275.280724296456	270.836057562751	240.903152966711	213.393779895559	218.603082672535	449.668863883492	8135.40352727141	1598.54547474356	224.957961980606	285.467085990448	270.657484514257	387.193937666657
468	1316.62289088781	1149.90649037008	724.573350483905	584.027469058004	570.537735241635	499.276805111373	426.32012509605	370.945193732693	326.133396806413	298.77012724322	290.29016054677	265.792062476703	229.31481840167	211.875972752714	225.344882576976	360.065891655068	6121.38010429565	2874.07993906026	213.091138351794	236.217136612071	271.08890760281	328.410840085761
470	1316.62289088781	1072.85878048311	738.947431566196	592.362162029487	540.619091759686	483.408163512255	435.733065071909	386.293977469741	333.699011442124	291.949875480701	289.757909242321	263.429312899506	257.660593731154	224.145166594619	213.998781289309	318.636469720273	3991.950363998	4539.46276589481	212.066565177132	237.472398801257	260.076468498294	298.820324693288
472	1316.62289088781	991.41195031628	778.238180839999	585.386009985397	503.678346438961	476.160822940741	460.321799159535	357.038195946222	342.286219448848	289.16422645494	266.046480676271	252.981423637233	255.198406077243	213.026320709383	211.809969681781	282.685072598237	2273.46488343459	6253.0186439944	235.388119905817	240.034039157322	279.137435638026	247.412257162075
474	1316.62289088781	1065.83048353115	711.048921505826	598.937108013838	510.499120535925	483.756441215832	436.75838704252	374.680659744455	317.162091697771	262.637905723426	282.858275666853	259.906439685895	244.032638463281	211.979498399005	204.79800155032	245.632504825536	1246.19057689571	7594.228648592	319.054603241155	241.329864513384	271.603718229117	238.917153881245
476	1316.62289088781	957.83040427541	733.430655357077	557.403364471578	480.858008507478	429.406635420497	387.015647849027	350.756489384077	305.801258299448	258.052305234649	243.192988377847	265.092076905174	246.768916092615	223.385254699411	202.315673442264	229.45732101789	687.900617822438	8275.66080039533	499.716287388341	222.084085387175	260.872436218219	217.897188015249
478	1316.62289088781	1042.92093487091	733.481075805006	556.1758817344	472.382092567042	471.724005208865	377.937184306995	359.151088002356	304.4128575801	270.691129781998	249.169102533723	242.427175183214	229.898408618239	223.294891976316	209.660577899556	205.961977384124	476.529566810611	7807.01538608494	903.569836112062	206.902795680329	245.367526054476	224.897700209117
480	1316.62289088781	962.969107160985	703.696682205143	594.963664792622	474.483169569387	414.220445559325	380.326401598041	344.162922614044	292.610819515541	268.17843252018	226.3850456744	234.676054700114	226.534932242974	207.460726473861	208.519441391346	201.786687869238	376.734342288601	6441.40680561813	1668.13606038235	201.577618909954	219.318908168641	217.482031578248
482	1316.62289088781	962.969107160985	671.82791799676	564.759684876035	458.526144126442	439.127374415319	385.014227929264	323.168215448965	303.025856635229	278.92653609006	253.738357020397	225.607902917257	231.334497730458	225.845132333156	200.258426413931	200.269749630687	329.914777676872	4617.43085645491	2795.31585333453	192.513117225381	217.464797864052	233.265635238474
484	1316.62289088781	962.969107160985	651.629623349585	587.935241331718	462.006244568832	455.064506471641	384.665466703502	360.447968019837	302.645302601362	255.520603105435	260.346935981056	224.984193189057	220.002270075571	208.561963449579	201.385851141208	193.555459724475	271.338467696185	2909.44281622168	4165.46431973693	187.771850548654	216.170399399379	239.463071002313
486	1316.62289088781	962.969107160985	816.232052906709	522.751083521427	447.219866649891	396.125976777344	367.26717905554	346.62188626095	300.335735167683	267.095279011788	243.062868368695	233.279698420187	224.503103675764	205.613900657477	192.274186931111	188.313295126525	259.460484054106	1665.25405447234	5547.60933961371	216.502891577823	223.062813414445	235.846284515281
488	1316.62289088781	962.969107160985	778.96485290085	565.43780705751	463.627636103346	408.408388292446	382.560501836507	328.986054828688	269.614053053771	241.180354440867	235.10646095999	204.974128829595	206.415207017071	205.612449819435	190.853914732786	186.702043156116	222.979136542923	884.038309993411	6565.98568124411	287.232852315797	210.144023341339	241.565920985056
490	1316.62289088781	962.969107160985	713.194696746206	535.2380398253	487.418975801575	385.099257479903	338.717561953957	312.095333593444	272.683255170618	248.244961474394	234.973875996363	231.198590999245	222.436684530972	223.132988826311	192.413379678625	187.474274020749	198.284276951024	550.529444252303	6846.40877623584	488.562698318571	203.757500555845	217.200197419136
492	1316.62289088781	962.969107160985	738.619056302287	545.586277288581	466.962141808747	377.685839547455	358.17260198455	312.470520065163	282.254368463505	257.519702763392	225.031377394351	213.997277352647	202.544584365333	220.115685010839	187.295417823969	190.09368344154	183.863627433905	391.697740955921	6425.25455491814	892.591921321339	185.480350293406	202.422010931393
494	1316.62289088781	962.969107160985	819.925469845361	526.68340144298	455.328121466921	382.730088523825	350.670762042321	302.77496428597	258.038084821391	245.333229621153	251.641090160589	208.57067292713	193.01226602897	197.155702039986	184.854896388754	177.760892700474	190.171091015346	359.754102527217	5358.09219494167	1573.78628722638	181.346680211742	200.813667516817
496	1316.62289088781	962.969107160985	781.997307975375	579.880599639048	432.718796518826	401.483770585786	314.912738691956	291.888781060987	250.750416325086	236.427710297812	211.960521502103	228.963110056821	200.642462767392	217.36179025006	181.514734283909	170.551084211526	180.840660963248	302.89489786053	3752.77843101233	2476.60871883025	173.124376905006	188.903666960045
498	1316.62289088781	962.969107160985	847.164409179315	535.843578555008	449.369192351092	374.223109845192	325.542265792441	279.858647967277	263.212822568663	240.996305512351	234.61090925044	203.489497773257	188.325959835462	204.451665099063	197.888291400956	179.450382214438	185.42734858784	261.289987253668	2402.44427821819	3602.05998020594	183.929049927198	193.871026525188
500	3757.1814049473	962.969107160985	775.770479530333	577.676852448985	409.429006150229	387.231205189509	338.321148164906	301.733117323542	235.929232740931	244.079958141809	229.8788968799	196.849205270701	196.696946079006	218.103240878086	177.173903516934	169.207800003575	182.71770745941	247.920736452244	1360.5168512084	4708.9579935674	212.210551564302	191.588961563227
502	3192.44636494297	962.969107160985	775.770479530333	527.447230161008	431.592145077303	372.722409263784	344.461039018774	291.250615066009	236.759799948522	217.721716027318	220.731430810229	204.054598912435	189.959780568361	201.001709393743	168.56765534962	163.546666199075	174.128008039993	191.793601136502	751.411893162302	5454.82379430837	299.512288403518	173.041967118389
504	3642.18155942933	962.969107160985	775.770479530333	551.317904016213	431.790173608989	364.254284299751	325.450553429419	292.456937711938	259.665181006447	226.180828602759	210.63341701989	217.608111557386	191.815686068821	193.799809205818	168.165404079016	163.21608513553	174.84401567857	195.299052046855	454.922616945244	5634.48035557359	476.15644343791	162.707243564612
506	3247.02916096477	962.969107160985	775.770479530333	582.615469489765	452.479059516135	377.157130780898	311.182448807614	270.875162573059	228.270753748497	226.694968968211	219.411067925533	192.381598297982	177.647947462342	193.498188920013	177.750858668779	161.494278957454	169.663380454937	191.929817318092	351.863128066403	5352.35554650549	810.604188079124	165.854526795254
508	3924.23805244132	962.969107160985	775.770479530333	570.261152099506	452.596992682359	364.234172874457	301.325024230099	278.105617123255	240.778838142491	225.358917529549	196.550490724037	186.68896421293	201.022234425098	192.181632498094	177.962689951254	156.722014888441	168.80208841057	182.643668316257	293.028449782849	4429.91399462557	1358.33495583305	163.687624100721
510	5526.96539508379	962.969107160985	775.770479530333	577.694273824472	424.185262709903	389.700957466679	326.599048947881	261.723924892766	225.088024388498	206.474176429935	202.169787921662	190.39743960702	169.189791096822	178.550383824071	184.601128721907	164.952578548278	158.290133401678	168.553129154434	268.623911361662	3230.6796348222	2067.23213092969	158.303489898418
512	9310.00680745123	962.969107160985	775.770479530333	601.38467455664	405.159838802654	359.262849742483	289.301287050172	300.559088337172	214.790143804636	204.590180967521	220.627376469231	183.25360751107	170.585022824847	177.822813406034	175.932871940248	161.30196255349	162.44298097409	166.109956514274	249.178433691435	2112.8329855148	3009.65273907777	155.825448769084
514	14183.3762229034	962.969107160985	775.770479530333	603.324093424609	437.489866011309	396.618118554196	312.998042865058	289.35116060849	236.599285330678	226.107105325559	208.562092012257	194.943523949091	168.880877916993	177.491072279693	176.168099815971	148.646987792487	161.502689291544	157.418865183814	206.310879866205	1265.85246027374	3857.02464054009	196.544570301228
516	22669.4151384073	962.969107160985	775.770479530333	667.040959671152	442.680525075831	350.93797587586	303.388240702788	276.88473827022	232.549886256562	210.192167125656	187.318170733713	185.595485105138	171.097287059999	164.082208785292	162.481645448531	167.719830957131	138.493247730191	158.417213746868	204.701449437005	705.653710751418	4517.50432059672	285.213163716967
518	35097.4855804569	962.969107160985	775.770479530333	660.919566849884	465.991984223712	355.180975816135	319.509556123274	261.554904662607	252.873086323975	205.448951809218	206.809167354851	188.107639452233	175.639307895547	178.672810069685	155.867764902143	156.459042515148	154.663191364973	164.489122145087	181.969696227996	413.230137067895	4778.33336322682	463.165445405964
520	46452.6298262881	3732.97452761904	775.770479530333	659.685106161823	407.518559198833	334.184679730298	275.37401397337	260.18565088261	250.573311803447	199.779719157106	189.178271375481	188.816205890925	181.277589253752	163.143029658159	165.355497647529	164.847491164472	143.492895728653	162.779994622673	160.543578124899	329.134046297604	4510.80114275035	780.927533045006
522	59175.2698351397	2852.87333517947	775.770479530333	659.685106161823	449.76675774232	354.012809376223	260.531717120373	256.860378000216	219.491077037871	204.930539090211	199.62610527737	186.34940854355	176.597668699592	157.977497970327	168.029421062725	150.559176402621	136.357852361827	149.696911952083	149.735154796148	265.41324329872	3783.28037882722	1299.79149772064
524	67507.4901130879	2807.22118946435	775.770479530333	659.685106161823	467.891074841525	374.125148823378	282.020104696142	265.32609741047	228.719839046515	188.945628250552	192.528147728064	161.351378570055	170.794888087436	155.086857249993	145.668161483839	137.850797562622	149.833124242769	143.825280333621	144.110953498052	245.467478847313	2855.40260179941	1945.92015186366
526	69998.6153465112	2998.70424153883	775.770479530333	659.685106161823	437.060235958007	349.76098816546	291.260033352897	261.152629486278	247.078448531703	202.936786022783	174.643608581762	161.458292372265	167.830819466051	167.588742847119	154.245869676849	153.336550987893	147.567884473649	157.476408985127	148.510609797182	223.138382641822	1872.43363627763	2693.95665007876
528	68640.2569626308	3193.63478417866	775.770479530333	659.685106161823	426.436239548855	350.540029886661	270.718413940921	260.774265072988	226.561252929683	213.080942911653	172.253351630778	157.34807237142	172.419374583758	153.308975180403	141.605630986307	154.841088652231	139.149819351826	138.013868389568	146.83378367208	204.052008799755	1141.55026250142	3313.18929216818
530	58698.4148334647	3705.46041629585	775.770479530333	659.685106161823	475.520668457024	403.689026206741	300.414445725957	229.545166440344	197.512865651934	187.694078285739	184.629188898139	156.528743302823	178.519630022822	136.069922675507	138.670876329907	145.36890521667	133.596269665117	135.300232277193	133.40848104864	175.394731670043	674.159178659802	3863.83069521281
532	48553.4119248598	5542.43000332388	775.770479530333	659.685106161823	521.036890969032	389.981730388211	283.682270552809	233.835582100141	208.211864878245	189.667947312424	168.54019421349	170.391002331831	151.924053243714	139.369923340541	157.232573051209	132.861340149485	137.035865141828	145.409425894007	126.207641523683	160.910219503993	418.784444051228	4051.26174674791
534	32095.9207411564	9904.8871351776	775.770479530333	659.685106161823	522.052527427658	380.096684310012	304.589997833736	263.226828055998	199.954508205399	197.228220978387	183.237863857511	161.347551415163	169.932211001541	137.193569727292	138.162008491366	134.738240847087	134.63378074041	149.493628318614	135.497733632156	152.892356344777	302.167528583234	3881.33538512426
536	20315.2735720373	16885.883964323	775.770479530333	659.685106161823	550.762666324764	388.956358873086	303.052347272537	232.351618101471	216.225245009944	195.322909485564	155.760073293264	166.790450904856	165.029539757173	142.275327014485	141.794931252859	152.461025391604	123.8846831139	125.275280075397	133.35442792715	125.818375643968	239.823944846098	3266.61041184748
538	11086.5382729824	27664.9278434239	775.770479530333	659.685106161823	626.581040767433	386.790079147922	276.368525358396	229.069393684035	222.656059377729	183.53414169268	159.52278394004	159.125377056546	140.193496897863	143.655545858186	124.104846416696	138.432777085388	132.467665939944	131.91429599348	125.447705769658	129.065619174466	224.133095657276	2366.82847892811
540	6107.69197170133	40734.5686803503	3920.63779882883	659.685106161823	625.105930706841	374.067724558282	311.825917722568	226.529712685262	203.69752312195	177.197303073387	156.284370558242	157.303160751735	150.65216193061	138.032984119385	133.813282704329	131.172298629903	130.910808233779	127.815475564501	122.350983726932	108.929353545415	195.856345679696	1637.1276950338
542	3441.94317872924	57463.0443120343	3526.91423814949	659.685106161823	625.105930706841	385.736656311872	310.19365070568	240.053437533182	192.468816719802	196.052502558548	171.571168535605	146.939264181051	150.52504103282	131.535505724509	124.584504084712	135.196305760896	120.73219254684	125.433374713533	126.495838830511	122.561876205187	173.291693352235	986.916181659471
544	2838.90024217046	73219.7402150791	3281.54683878187	659.685106161823	625.105930706841	366.09795546217	291.463998455353	224.143780989873	206.727027237925	190.577802657613	178.34321413398	167.225820893743	144.056924557704	143.892604062138	132.796784688471	126.268249263066	111.490596078467	114.401130027497	112.118382855402	125.962790691605	164.59779156483	591.819811822201
546	2457.62739567034	87895.2685357316	3305.82741435872	659.685106161823	625.105930706841	397.166674143239	279.579885492934	246.434222406697	215.808739185715	168.153966819855	132.076299668594	145.60844641946	156.364093599664	144.934774474118	124.710698746115	117.167621229884	132.349353921174	126.224645411752	122.960509904202	120.128038846927	142.84491169572	354.664049399857
548	2454.0253966732	91445.4300190667	3143.35445182702	659.685106161823	625.105930706841	446.284446090445	295.970491624657	256.16413161117	196.443169959669	167.737988936068	152.41299017661	140.181466614748	128.417138278206	140.789063419353	142.984580561369	128.379291080358	135.363597256762	112.082610449346	119.720955047258	113.848614328959	132.542710584781	248.374862728592
550	2322.24756362773	91427.147024387	3083.78805485543	659.685106161823	625.105930706841	480.597046383516	299.295056483507	222.827934445879	184.979126144923	163.004875745977	146.677474618389	140.768733583586	137.600618113441	126.862243971922	121.169332967963	121.134507798444	120.935574689156	115.660445389899	115.034987089436	101.906437994958	120.193053349693	209.89555612909
552	2045.16422646269	85672.8093555624	3118.86485184521	659.685106161823	625.105930706841	475.590398396533	301.928415240997	256.639660414724	209.8609333839	173.932904047849	147.765022499408	141.4045824287	135.823005690944	130.103431075121	119.113028249125	116.963153642027	117.285365938984	103.099544992997	95.3025577887066	103.765949836986	116.820850691951	197.835625291333
554	1733.75346662153	68667.1750620994	4045.53998975042	659.685106161823	625.105930706841	492.874082621471	279.474913882272	240.566853473367	191.636429210468	175.008895523882	169.584893288013	144.282564704736	138.781049316383	115.74140765649	130.849668317714	103.393829099722	111.888275273873	130.270017701714	103.184589823778	105.090725079517	111.451696324086	185.121883256016
556	2360.28268142935	52594.3625838407	6322.87359963325	659.685106161823	625.105930706841	457.482340011938	335.590510175579	215.471315710361	209.972525029162	182.593293927003	182.21298139293	130.156229465696	139.691638009209	125.099519813775	124.216681699416	110.543789680679	109.937295685953	107.971311897755	102.980914721887	103.354360713043	98.1668901745987	167.22039051326
558	2357.46477812034	36391.426525098	10996.6845926602	659.685106161823	625.105930706841	606.390756312031	335.291528323973	262.632675844392	207.947469891995	176.77419201392	169.886046188512	154.106876549192	149.96858991832	124.486385378247	119.315672704149	112.817102970962	109.383633397866	110.187692127161	98.0014116020747	100.105302158452	97.4077932300541	140.605590103087
560	1850.50339205435	22455.5877622388	19524.0632969116	4373.49328910516	625.105930706841	672.925662244024	323.460876609294	238.725879454541	217.358608717243	179.804150999361	161.206213166903	132.043708259545	124.884641071132	127.087314837495	121.924942036652	111.09224328152	101.079079398295	115.893553086567	98.8005820986483	109.504918266517	109.095847831373	130.868024530849
562	2048.84880854397	12013.7068082145	32225.0683230567	3870.10870454238	625.105930706841	672.925662244024	317.056368555994	265.213694268534	196.702473539142	169.345775825583	163.11846227703	137.802688667184	116.149178401379	118.060202983951	104.245136560623	112.275231378118	93.3314398454114	115.100726416441	90.7027373635758	97.2994803222689	108.968998182132	126.275536190151
564	2228.36392635022	6512.35476744828	48676.6410332547	3669.22781848654	625.105930706841	672.925662244024	352.849317189866	254.934678787797	207.209661073506	172.401070272803	183.56059097505	132.097482872832	122.478831916026	118.241774783315	106.67457211952	101.294916822113	104.899365753899	103.55709819538	101.307725396082	97.7502354866981	102.486324167284	111.310443521742
566	2148.12357159514	3449.87701593079	65686.1317846991	3821.11732704741	625.105930706841	672.925662244024	378.177302528168	266.849397356946	192.925670019306	169.445366653879	158.701646737291	156.798333233686	134.997125384734	132.386862641057	110.457136432472	105.341627059089	96.7893153372944	110.648025977581	100.065795549627	93.7272741701414	79.7370958116394	103.958584491154
568	2208.71282599141	2289.69145527159	81653.508958072	3591.7766999419	625.105930706841	672.925662244024	436.795483218805	265.626153199828	206.546543220541	158.926410846711	148.189148400024	152.585866090789	122.563770239047	116.35089048041	110.348629822663	91.2725001741427	81.6186131047435	88.9929128451055	105.338937592893	80.2305343170645	102.942968317284	88.9799463204409
570	2246.29059363544	2272.88091283328	95603.0168479768	3539.34134418121	625.105930706841	672.925662244024	402.192462931424	283.549503676793	201.76908137152	159.48484878926	145.681688007655	145.428021720591	124.016196671921	118.843484415973	115.213582505843	101.143204752038	97.0000708656227	100.033413622167	104.788362480167	90.9284996129195	77.9525897496894	93.3475422492347
572	2466.63572752625	1849.89972670167	99922.0955542912	3606.58060322595	625.105930706841	672.925662244024	510.353407722404	302.295690049721	235.534228750773	158.913827907214	167.858953587185	142.917497842974	121.976132389539	105.375250543751	111.895392191409	107.202041670389	101.962933552516	102.339125521318	92.7154767172918	91.6624316832134	85.3911176494857	101.476979628298
574	2592.96577853365	1825.9253736885	99348.107428102	3446.14422916529	625.105930706841	672.925662244024	459.605565611224	233.342351148293	206.136356848237	158.812751091182	153.062729890169	150.323000718776	122.595783904048	100.336691877667	108.485689393069	96.8807581149139	86.2312448081944	94.4638306095751	101.375105520644	90.4601974197581	79.0734350071532	85.6887474724128
576	2429.65351593831	1667.2455962289	88501.2067555667	3775.9250798623	625.105930706841	672.925662244024	457.841126735173	295.732472926114	196.401335824783	180.027678548187	133.835079131844	125.865943681105	125.386977848727	112.629697748922	89.9258506239264	104.00145527563	102.051957261491	100.027563974949	99.4997988082269	92.6704334936502	104.431097595308	89.4042354416178
578	2797.42732822944	1954.3941513182	73448.6301501073	4466.46777411375	625.105930706841	672.925662244024	545.364961329548	276.74218558908	188.636641552455	186.276310329185	162.233149331682	128.101126724376	127.264675052925	106.349754287065	97.856724229664	93.5411891638175	92.80465773166	96.9662809480263	87.8459971472935	80.8441841480852	93.2699744789351	85.7668345413921
580	2986.99494260347	1649.12682420723	57126.0036656371	7017.36334563733	4313.52736853861	672.925662244024	623.922407044054	340.12511256767	228.520968026045	180.433687036264	159.090107207354	148.850370225658	110.569166063693	111.178862240414	110.352056137045	102.863039433208	85.6844925552157	87.9811656618914	76.6197340058882	80.3871664488062	82.0070528385914	88.2092184615642
582	2230.95592116537	1770.61313509843	39988.5581323607	11636.802493097	3707.92783043675	672.925662244024	623.922407044054	335.402593322399	217.333221493738	186.808534034059	167.527417541899	139.906384966338	124.060195878999	121.195196829697	99.2423015786915	108.237767059914	95.6661390910794	94.5297333446406	93.075149801721	91.0717904898883	92.07499432368	77.7054682463846
584	2696.78308114504	1770.58836673804	24801.8755921839	19063.2803066406	3779.4934081653	672.925662244024	623.922407044054	328.723451430876	231.166994306718	165.824412588399	171.962112043866	133.201592339681	127.44177567957	108.102756511222	101.104268703201	88.8264357305915	103.593929722514	95.2483369282048	85.9973129226333	81.6897206518996	87.0564090106486	87.6204699699446
586	2743.546405172	1791.87820502776	14247.7848444066	30623.6156907864	3629.75009782604	672.925662244024	623.922407044054	347.46561250605	253.281635713	183.667975495967	161.7969060959	133.602019844894	120.307939783646	96.3788691940517	92.7142729164415	96.1807001752663	85.6174975816779	93.2322769309445	88.6054085877659	94.3556946596621	80.1336533440212	78.5087155854267
588	2438.53462710775	1692.81534353537	8173.80369008876	44422.0063118801	3822.80963398388	672.925662244024	623.922407044054	386.082046761978	272.848514829968	201.002757401876	154.761887034732	126.386604353377	111.067335542404	116.159339649167	101.761437016209	107.079663821717	90.3282778750044	90.095916854974	88.0497985643771	75.2513946199068	78.4188493221528	89.302620713334
590	2899.93913074226	1887.75790390853	4933.33228512382	61551.8571358703	3853.20688429216	672.925662244024	623.922407044054	400.582760131154	282.529030119225	202.938324918822	158.273643592505	133.506040664798	142.608125155239	112.731852330548	116.358317575795	77.5705564189427	91.3273492162756	97.618722291636	108.300667537738	93.8140130038901	91.659405913952	79.7938334830964
592	2922.34543548528	2034.10913319126	3634.18821528551	76519.6069779608	3490.85408144429	672.925662244024	623.922407044054	407.896871865645	233.352855123916	216.994382513888	165.772990224426	154.125396420641	125.590181996731	99.0691597462742	89.4039112703802	82.8847223227235	79.8438729069364	87.841691838768	98.3561558917942	85.3102109442525	80.14203159481	74.1957944207087
594	2448.76770024947	2048.84048428606	2927.94365332483	90747.8917452602	3548.53754499503	672.925662244024	623.922407044054	440.413569187696	268.674383163374	185.655835314028	140.491331781667	135.596107671517	129.767719340709	130.272464915165	98.9847677677608	82.1897120348924	82.4926296845317	78.889417749187	92.852156299539	88.0968440936521	94.5376593212297	75.0373106381479
596	2713.46181899363	1925.07747876273	2735.97368202468	96833.9633386744	3360.34802848363	672.925662244024	623.922407044054	451.861318658795	265.800487579735	185.573320250334	155.949476094233	117.75390916746	131.554686247199	113.216824079439	110.607831637874	88.9208697477592	93.6269969540406	88.8860219807395	85.0543500576143	89.1051840670766	89.9603872789134	79.5615494191209
598	2832.49759206179	2138.07452744801	2485.42795217699	97222.2938691319	3179.54181667283	672.925662244024	623.922407044054	480.373242264394	297.852111554936	189.915251597767	162.172278375824	125.15591104785	132.02458532362	109.366311557387	90.2273402833475	84.7501671450701	87.9750254523905	89.4615980949153	92.9990956807138	89.0585691047134	84.7508288016055	80.06672955336
600	2853.87998103341	2264.91671898434	2280.24000268586	89324.9199506286	3388.50384276584	3745.48228806177	623.922407044054	568.791648564044	311.125168318168	185.262765436839	161.987144094004	132.872113252454	112.518536897808	117.618301466536	93.8325337447298	88.7403448042332	86.6310940634118	85.2156570377478	104.173574513061	73.689459766254	63.6702377152873	74.3559444546637
