Wavelength	240	250	260	270	280	290	300	310	320	330	340	350	360	370	380	390	400	410	420	430	440	450	460	470	480	490	500
nm	CPS / MicroAmps	CPS / MicroAmps	CPS / MicroAmps	CPS / MicroAmps	CPS / MicroAmps	CPS / MicroAmps	CPS / MicroAmps	CPS / MicroAmps	CPS / MicroAmps	CPS / MicroAmps	CPS / MicroAmps	CPS / MicroAmps	CPS / MicroAmps	CPS / MicroAmps	CPS / MicroAmps	CPS / MicroAmps	CPS / MicroAmps	CPS / MicroAmps	CPS / MicroAmps	CPS / MicroAmps	CPS / MicroAmps	CPS / MicroAmps	CPS / MicroAmps	CPS / MicroAmps	CPS / MicroAmps	CPS / MicroAmps	CPS / MicroAmps
300	8506.10769070105	4548.01729249498	2758.2202738624	1706.24582086704	1829.63036116913	1985.5005597881	367287.561204267	1241.59618069742	1113.09337219592	933.012211083238	799.868120102456	655.137336082371	592.016084665358	543.667530749891	569.577514727166	509.496576183279	472.967085673594	475.079345486288	433.514896261049	453.270016137616	447.137625476681	409.764537033974	418.809015260432	329.914625482165	319.062023630697	316.621597344217	317.643918084679
302	9654.79743410573	3528.34073730767	2705.8507715355	1752.20086764892	1865.20789892501	1609.0480870907	1604.13266207911	1241.59618069742	1113.09337219592	933.012211083238	799.868120102456	655.137336082371	592.016084665358	543.667530749891	569.577514727166	509.496576183279	472.967085673594	475.079345486288	433.514896261049	453.270016137616	447.137625476681	409.764537033974	418.809015260432	329.914625482165	319.062023630697	316.621597344217	317.643918084679
304	7126.33211686458	3676.83124577871	2445.18432440746	1932.96887285031	1765.48330169278	1679.29615895272	1604.13266207911	1241.59618069742	1113.09337219592	933.012211083238	799.868120102456	655.137336082371	592.016084665358	543.667530749891	569.577514727166	509.496576183279	472.967085673594	475.079345486288	433.514896261049	453.270016137616	447.137625476681	409.764537033974	418.809015260432	329.914625482165	319.062023630697	316.621597344217	317.643918084679
306	9085.34521469523	3610.54433160374	2234.63663747207	1610.30210755729	1443.78011211926	1596.69662074594	1604.13266207911	1241.59618069742	1113.09337219592	933.012211083238	799.868120102456	655.137336082371	592.016084665358	543.667530749891	569.577514727166	509.496576183279	472.967085673594	475.079345486288	433.514896261049	453.270016137616	447.137625476681	409.764537033974	418.809015260432	329.914625482165	319.062023630697	316.621597344217	317.643918084679
308	7598.62550525332	3550.70210663313	1935.58648434217	1669.27616677863	1554.97424047153	1604.54019190672	1604.13266207911	1241.59618069742	1113.09337219592	933.012211083238	799.868120102456	655.137336082371	592.016084665358	543.667530749891	569.577514727166	509.496576183279	472.967085673594	475.079345486288	433.514896261049	453.270016137616	447.137625476681	409.764537033974	418.809015260432	329.914625482165	319.062023630697	316.621597344217	317.643918084679
310	9628.12810712841	3133.18352552192	2244.00413618604	1548.6686981932	1423.57330257205	1651.81035615266	1604.13266207911	1241.59618069742	1113.09337219592	933.012211083238	799.868120102456	655.137336082371	592.016084665358	543.667530749891	569.577514727166	509.496576183279	472.967085673594	475.079345486288	433.514896261049	453.270016137616	447.137625476681	409.764537033974	418.809015260432	329.914625482165	319.062023630697	316.621597344217	317.643918084679
312	8413.72383299638	4047.12807685174	1621.57362736804	1639.0002161213	1278.47368370774	1439.65706872861	1417.78712588449	1241.59618069742	1113.09337219592	933.012211083238	799.868120102456	655.137336082371	592.016084665358	543.667530749891	569.577514727166	509.496576183279	472.967085673594	475.079345486288	433.514896261049	453.270016137616	447.137625476681	409.764537033974	418.809015260432	329.914625482165	319.062023630697	316.621597344217	317.643918084679
314	5836.01796773225	3350.76057097514	2009.52978084221	1463.68236861859	1203.07661931554	1303.0006317265	1180.36103401122	1241.59618069742	1113.09337219592	933.012211083238	799.868120102456	655.137336082371	592.016084665358	543.667530749891	569.577514727166	509.496576183279	472.967085673594	475.079345486288	433.514896261049	453.270016137616	447.137625476681	409.764537033974	418.809015260432	329.914625482165	319.062023630697	316.621597344217	317.643918084679
316	7697.15131088763	3065.88077975497	2132.86614788851	1407.1507053655	1189.46146768964	1217.87118511714	1027.95820516969	1241.59618069742	1113.09337219592	933.012211083238	799.868120102456	655.137336082371	592.016084665358	543.667530749891	569.577514727166	509.496576183279	472.967085673594	475.079345486288	433.514896261049	453.270016137616	447.137625476681	409.764537033974	418.809015260432	329.914625482165	319.062023630697	316.621597344217	317.643918084679
318	7914.49379380524	4272.23157311163	1767.51239123327	1344.6277737398	1183.95334093231	1096.95805404695	1006.46433728871	1241.59618069742	1113.09337219592	933.012211083238	799.868120102456	655.137336082371	592.016084665358	543.667530749891	569.577514727166	509.496576183279	472.967085673594	475.079345486288	433.514896261049	453.270016137616	447.137625476681	409.764537033974	418.809015260432	329.914625482165	319.062023630697	316.621597344217	317.643918084679
320	7274.8689767655	2495.70889352391	1316.00506127717	1338.9006937128	1147.74426650378	972.220400655687	871.194050442196	1241.59618069742	1113.09337219592	933.012211083238	799.868120102456	655.137336082371	592.016084665358	543.667530749891	569.577514727166	509.496576183279	472.967085673594	475.079345486288	433.514896261049	453.270016137616	447.137625476681	409.764537033974	418.809015260432	329.914625482165	319.062023630697	316.621597344217	317.643918084679
322	7282.38781695987	3422.02146652833	1703.25428843936	1050.62707997545	1120.00401609704	1103.70506464775	844.405279727195	1151.75067647037	1113.09337219592	933.012211083238	799.868120102456	655.137336082371	592.016084665358	543.667530749891	569.577514727166	509.496576183279	472.967085673594	475.079345486288	433.514896261049	453.270016137616	447.137625476681	409.764537033974	418.809015260432	329.914625482165	319.062023630697	316.621597344217	317.643918084679
324	7107.55606740964	2904.64792621793	1628.43148517168	1408.89293596816	1008.14396031854	887.27232683185	828.591251234809	936.65856101227	1113.09337219592	933.012211083238	799.868120102456	655.137336082371	592.016084665358	543.667530749891	569.577514727166	509.496576183279	472.967085673594	475.079345486288	433.514896261049	453.270016137616	447.137625476681	409.764537033974	418.809015260432	329.914625482165	319.062023630697	316.621597344217	317.643918084679
326	6908.11378106496	2379.33277881485	1478.40250568083	1155.21072001886	915.733946109241	943.962075814535	712.670216883009	847.975650672744	1113.09337219592	933.012211083238	799.868120102456	655.137336082371	592.016084665358	543.667530749891	569.577514727166	509.496576183279	472.967085673594	475.079345486288	433.514896261049	453.270016137616	447.137625476681	409.764537033974	418.809015260432	329.914625482165	319.062023630697	316.621597344217	317.643918084679
328	7459.93722342102	2924.01273837111	1594.29726831823	1295.32905005126	1072.53052686287	807.477869507294	718.835295092572	731.796369228326	1113.09337219592	933.012211083238	799.868120102456	655.137336082371	592.016084665358	543.667530749891	569.577514727166	509.496576183279	472.967085673594	475.079345486288	433.514896261049	453.270016137616	447.137625476681	409.764537033974	418.809015260432	329.914625482165	319.062023630697	316.621597344217	317.643918084679
330	5437.03217730687	2928.25331605874	1260.08955116109	985.372848579652	907.208428931969	727.936428469506	621.23874023673	688.350826325026	1113.09337219592	933.012211083238	799.868120102456	655.137336082371	592.016084665358	543.667530749891	569.577514727166	509.496576183279	472.967085673594	475.079345486288	433.514896261049	453.270016137616	447.137625476681	409.764537033974	418.809015260432	329.914625482165	319.062023630697	316.621597344217	317.643918084679
332	7058.99139459743	2323.42105580332	1463.13158582035	1075.80260955296	810.389489852107	700.34792047492	569.46437627014	644.435530436763	910.710965696237	933.012211083238	799.868120102456	655.137336082371	592.016084665358	543.667530749891	569.577514727166	509.496576183279	472.967085673594	475.079345486288	433.514896261049	453.270016137616	447.137625476681	409.764537033974	418.809015260432	329.914625482165	319.062023630697	316.621597344217	317.643918084679
334	6103.03995754467	2429.22291575747	1405.37180042747	1120.44211880547	817.466886422971	660.753830677537	593.156255831931	591.956585308507	807.441523276964	933.012211083238	799.868120102456	655.137336082371	592.016084665358	543.667530749891	569.577514727166	509.496576183279	472.967085673594	475.079345486288	433.514896261049	453.270016137616	447.137625476681	409.764537033974	418.809015260432	329.914625482165	319.062023630697	316.621597344217	317.643918084679
336	6726.23128551243	2196.78891328384	1377.06704268296	925.228386144507	801.807932168331	622.714465567646	579.695468458146	570.081774291918	657.936873581624	933.012211083238	799.868120102456	655.137336082371	592.016084665358	543.667530749891	569.577514727166	509.496576183279	472.967085673594	475.079345486288	433.514896261049	453.270016137616	447.137625476681	409.764537033974	418.809015260432	329.914625482165	319.062023630697	316.621597344217	317.643918084679
338	5750.73480206625	2496.93778311935	1208.93166498523	936.460926026124	734.864814796147	615.990483083113	504.172826362121	558.71148523495	590.115609041201	933.012211083238	799.868120102456	655.137336082371	592.016084665358	543.667530749891	569.577514727166	509.496576183279	472.967085673594	475.079345486288	433.514896261049	453.270016137616	447.137625476681	409.764537033974	418.809015260432	329.914625482165	319.062023630697	316.621597344217	317.643918084679
340	5499.69368524196	2659.57110262514	1354.89730669042	820.008240417999	701.469759473737	642.273134763163	537.802302561634	434.622933507316	559.713376534602	933.012211083238	799.868120102456	655.137336082371	592.016084665358	543.667530749891	569.577514727166	509.496576183279	472.967085673594	475.079345486288	433.514896261049	453.270016137616	447.137625476681	409.764537033974	418.809015260432	329.914625482165	319.062023630697	316.621597344217	317.643918084679
342	5050.34426758525	2106.87865149207	1475.49825070344	892.770435515176	763.99090067019	595.694341828074	502.154808092226	482.488825978597	498.795391855942	728.373287420171	799.868120102456	655.137336082371	592.016084665358	543.667530749891	569.577514727166	509.496576183279	472.967085673594	475.079345486288	433.514896261049	453.270016137616	447.137625476681	409.764537033974	418.809015260432	329.914625482165	319.062023630697	316.621597344217	317.643918084679
344	5080.11197866432	1985.02896691874	1238.32954266429	879.947437731662	595.680479653081	656.626047841367	425.489862147038	468.60569711069	549.737426175404	619.0887807469	799.868120102456	655.137336082371	592.016084665358	543.667530749891	569.577514727166	509.496576183279	472.967085673594	475.079345486288	433.514896261049	453.270016137616	447.137625476681	409.764537033974	418.809015260432	329.914625482165	319.062023630697	316.621597344217	317.643918084679
346	5309.63258348868	2269.3270751128	1078.97349809143	870.057240163622	645.828405451315	608.552738216313	438.148604869163	467.804021585169	417.662839813597	572.345887778264	799.868120102456	655.137336082371	592.016084665358	543.667530749891	569.577514727166	509.496576183279	472.967085673594	475.079345486288	433.514896261049	453.270016137616	447.137625476681	409.764537033974	418.809015260432	329.914625482165	319.062023630697	316.621597344217	317.643918084679
348	5232.76165381266	1736.49948799187	1234.81214375262	793.40147216215	548.889206110724	499.475701134723	416.407871128676	387.634489153965	467.509009239175	493.078424043782	799.868120102456	655.137336082371	592.016084665358	543.667530749891	569.577514727166	509.496576183279	472.967085673594	475.079345486288	433.514896261049	453.270016137616	447.137625476681	409.764537033974	418.809015260432	329.914625482165	319.062023630697	316.621597344217	317.643918084679
350	4732.93743618204	2035.21128156805	1143.15429436672	747.757467494501	559.177667803638	521.382326322576	441.894322957645	377.258756226415	399.951927767771	449.503040740306	799.868120102456	655.137336082371	592.016084665358	543.667530749891	569.577514727166	509.496576183279	472.967085673594	475.079345486288	433.514896261049	453.270016137616	447.137625476681	409.764537033974	418.809015260432	329.914625482165	319.062023630697	316.621597344217	317.643918084679
352	4592.81290046576	2214.00958172945	1199.71310998643	682.466795029982	645.577466651557	549.838166285957	396.090646501252	397.252834210922	436.074757233442	477.91794209408	572.567103795789	655.137336082371	592.016084665358	543.667530749891	569.577514727166	509.496576183279	472.967085673594	475.079345486288	433.514896261049	453.270016137616	447.137625476681	409.764537033974	418.809015260432	329.914625482165	319.062023630697	316.621597344217	317.643918084679
354	5483.10296554438	1968.98081310607	857.39988910429	824.799451446751	629.414333838634	599.146966398434	434.33784598981	346.409790182404	364.077508020266	405.40742628113	543.106021219674	655.137336082371	592.016084665358	543.667530749891	569.577514727166	509.496576183279	472.967085673594	475.079345486288	433.514896261049	453.270016137616	447.137625476681	409.764537033974	418.809015260432	329.914625482165	319.062023630697	316.621597344217	317.643918084679
356	5421.99526220152	1861.02755083005	943.545461910065	688.979716958107	497.601628520995	479.071927424054	309.348592025482	328.025911470066	323.288028009409	396.48551414405	481.153150942726	655.137336082371	592.016084665358	543.667530749891	569.577514727166	509.496576183279	472.967085673594	475.079345486288	433.514896261049	453.270016137616	447.137625476681	409.764537033974	418.809015260432	329.914625482165	319.062023630697	316.621597344217	317.643918084679
358	4634.63076511498	1914.99205864039	1052.33367854414	691.467206869131	585.863979821916	476.757595519019	337.66259415291	329.506651273153	313.361536933697	375.17734349516	433.271032894617	655.137336082371	592.016084665358	543.667530749891	569.577514727166	509.496576183279	472.967085673594	475.079345486288	433.514896261049	453.270016137616	447.137625476681	409.764537033974	418.809015260432	329.914625482165	319.062023630697	316.621597344217	317.643918084679
360	4467.19174220447	1616.5905872854	1104.27413165223	726.373920666648	589.656183902524	418.160985239856	369.797665977203	353.152454540464	280.641063944691	360.737852388157	388.561516855686	655.137336082371	592.016084665358	543.667530749891	569.577514727166	509.496576183279	472.967085673594	475.079345486288	433.514896261049	453.270016137616	447.137625476681	409.764537033974	418.809015260432	329.914625482165	319.062023630697	316.621597344217	317.643918084679
362	4191.93809950035	1902.99886116652	804.0556151374	634.732813501602	474.58690431835	408.865511196265	363.371252141923	350.456067555826	306.933706398223	360.917012021993	334.712936941689	542.641776606071	592.016084665358	543.667530749891	569.577514727166	509.496576183279	472.967085673594	475.079345486288	433.514896261049	453.270016137616	447.137625476681	409.764537033974	418.809015260432	329.914625482165	319.062023630697	316.621597344217	317.643918084679
364	4486.24984473001	1719.47769459385	1017.58654196698	634.035699347725	470.116654769753	401.834182069023	349.31393442852	347.021280384855	298.486166603013	284.557869213911	342.572341858227	494.377405312965	592.016084665358	543.667530749891	569.577514727166	509.496576183279	472.967085673594	475.079345486288	433.514896261049	453.270016137616	447.137625476681	409.764537033974	418.809015260432	329.914625482165	319.062023630697	316.621597344217	317.643918084679
366	4857.23461384957	1837.79052016321	996.617458869346	666.504787215957	445.052176398811	420.960225892462	358.580799432254	261.045455564608	240.564667992879	285.326198288511	303.212414879678	413.806910513736	592.016084665358	543.667530749891	569.577514727166	509.496576183279	472.967085673594	475.079345486288	433.514896261049	453.270016137616	447.137625476681	409.764537033974	418.809015260432	329.914625482165	319.062023630697	316.621597344217	317.643918084679
368	4523.16326236424	1653.15884777056	905.00378108048	641.229517263345	440.044543778256	393.100841789656	336.381819183934	305.487097760584	265.425934048249	267.004914819837	298.533465619759	347.410410867363	592.016084665358	543.667530749891	569.577514727166	509.496576183279	472.967085673594	475.079345486288	433.514896261049	453.270016137616	447.137625476681	409.764537033974	418.809015260432	329.914625482165	319.062023630697	316.621597344217	317.643918084679
370	3746.70418423753	1548.74665442145	939.003125103136	694.893000939264	479.30575197551	355.483335448609	314.383995845745	313.135461944607	268.385242655501	251.320333986655	278.682474054969	318.995437857291	592.016084665358	543.667530749891	569.577514727166	509.496576183279	472.967085673594	475.079345486288	433.514896261049	453.270016137616	447.137625476681	409.764537033974	418.809015260432	329.914625482165	319.062023630697	316.621597344217	317.643918084679
372	4120.570489721	1887.32112714559	829.632181576362	696.001310286995	479.738751481951	349.009032894158	320.980513735069	263.084143131738	273.35609961339	276.889760983971	278.664783600116	298.768125146956	492.161126044762	543.667530749891	569.577514727166	509.496576183279	472.967085673594	475.079345486288	433.514896261049	453.270016137616	447.137625476681	409.764537033974	418.809015260432	329.914625482165	319.062023630697	316.621597344217	317.643918084679
374	4636.84773348887	1652.10983916752	807.653372233103	565.286710865241	488.133442518136	344.738564645041	333.445521176311	268.146777135228	257.48455582273	245.488260152596	277.238744222583	270.456314008547	412.325367090203	543.667530749891	569.577514727166	509.496576183279	472.967085673594	475.079345486288	433.514896261049	453.270016137616	447.137625476681	409.764537033974	418.809015260432	329.914625482165	319.062023630697	316.621597344217	317.643918084679
376	4363.59856249047	1595.13000349539	1014.63567620923	613.435218170273	443.248024857817	340.651662538665	307.780638100688	284.351337078651	269.579227476091	198.740757887983	251.229716822259	264.973814229171	356.483875362925	543.667530749891	569.577514727166	509.496576183279	472.967085673594	475.079345486288	433.514896261049	453.270016137616	447.137625476681	409.764537033974	418.809015260432	329.914625482165	319.062023630697	316.621597344217	317.643918084679
378	3952.6730838651	1431.26881034307	733.662609491331	538.441414744585	408.61058085475	370.313740283567	293.34082712228	276.964724004074	226.746871935333	236.459028233935	248.033081437053	223.88339322067	313.013093938296	543.667530749891	569.577514727166	509.496576183279	472.967085673594	475.079345486288	433.514896261049	453.270016137616	447.137625476681	409.764537033974	418.809015260432	329.914625482165	319.062023630697	316.621597344217	317.643918084679
380	3812.03174421439	1995.76782263845	935.063247237414	722.277143792648	456.202701169765	382.93318175505	306.28869105739	276.621207469437	221.089180012023	225.67914238158	228.155943164335	271.781074342893	299.63366350363	543.667530749891	569.577514727166	509.496576183279	472.967085673594	475.079345486288	433.514896261049	453.270016137616	447.137625476681	409.764537033974	418.809015260432	329.914625482165	319.062023630697	316.621597344217	317.643918084679
382	5229.53852524014	1491.23115319338	948.156271627345	601.097037723705	404.197079037681	303.241103081585	311.699579239885	254.574147481904	236.266717164628	230.739182309268	209.352899307147	227.311728700054	252.100194825638	453.45684022845	569.577514727166	509.496576183279	472.967085673594	475.079345486288	433.514896261049	453.270016137616	447.137625476681	409.764537033974	418.809015260432	329.914625482165	319.062023630697	316.621597344217	317.643918084679
384	4155.82760286033	1398.64839027471	808.49963741217	552.642644835073	344.58826125342	254.901089724521	299.380957595294	264.180681878884	217.310856536942	215.983572949429	216.413852715323	231.759998599892	265.497528066984	352.246929413091	569.577514727166	509.496576183279	472.967085673594	475.079345486288	433.514896261049	453.270016137616	447.137625476681	409.764537033974	418.809015260432	329.914625482165	319.062023630697	316.621597344217	317.643918084679
386	3765.93100746886	1618.01304011218	653.74114749768	576.961114611361	374.699051961353	330.592259976871	278.929770595533	250.879448627298	236.171148849937	226.326602953204	211.608509631415	220.10986221611	242.007089250709	356.645687027025	569.577514727166	509.496576183279	472.967085673594	475.079345486288	433.514896261049	453.270016137616	447.137625476681	409.764537033974	418.809015260432	329.914625482165	319.062023630697	316.621597344217	317.643918084679
388	4669.49912756539	1601.31503906854	925.537873351284	571.576747236278	360.307038331704	355.596304743177	289.423335207205	244.912204034759	203.188530172575	222.107578788215	163.080891313754	211.7608222378	242.91791549858	313.316696194314	569.577514727166	509.496576183279	472.967085673594	475.079345486288	433.514896261049	453.270016137616	447.137625476681	409.764537033974	418.809015260432	329.914625482165	319.062023630697	316.621597344217	317.643918084679
390	4400.31664799721	1276.67048988304	916.400009988428	585.41493021298	327.688091152059	329.267104054847	315.331299220567	218.279335242345	214.04694584946	198.059990384048	187.229099979522	186.811757716495	218.743702641364	300.86645451646	569.577514727166	509.496576183279	472.967085673594	475.079345486288	433.514896261049	453.270016137616	447.137625476681	409.764537033974	418.809015260432	329.914625482165	319.062023630697	316.621597344217	317.643918084679
392	3150.87453847032	1549.42650848914	679.789266516983	575.407264090406	439.577955182956	290.326455865683	285.654417619961	206.917986326499	209.566938574374	207.81139657512	155.949000248509	199.339455555411	225.568021859294	288.181905854685	430.76007732401	509.496576183279	472.967085673594	475.079345486288	433.514896261049	453.270016137616	447.137625476681	409.764537033974	418.809015260432	329.914625482165	319.062023630697	316.621597344217	317.643918084679
394	3783.65596597534	1594.57591660387	882.564172183907	444.913489175322	426.768685312922	302.533424903864	291.82497394314	270.632098381984	222.919467504966	194.125927683478	176.706872575558	180.404611358217	213.529133837349	239.398792454661	344.015541315136	509.496576183279	472.967085673594	475.079345486288	433.514896261049	453.270016137616	447.137625476681	409.764537033974	418.809015260432	329.914625482165	319.062023630697	316.621597344217	317.643918084679
396	4443.7412830113	1625.20017057235	820.016019867751	469.270625256848	359.437143592397	360.869628976653	250.310106576632	275.577622255188	239.179872938122	234.34872099055	172.271266474786	175.573545600056	206.802241884332	243.635332360586	323.790080278538	509.496576183279	472.967085673594	475.079345486288	433.514896261049	453.270016137616	447.137625476681	409.764537033974	418.809015260432	329.914625482165	319.062023630697	316.621597344217	317.643918084679
398	4347.65303856992	1629.2291668238	802.456237436856	493.204122024305	378.090691815777	318.539879940564	244.335159938198	232.854582708802	178.973867388453	179.761296566403	178.134173249235	166.089262337329	185.34966048426	234.551217557233	303.288893598674	509.496576183279	472.967085673594	475.079345486288	433.514896261049	453.270016137616	447.137625476681	409.764537033974	418.809015260432	329.914625482165	319.062023630697	316.621597344217	317.643918084679
400	4001.72029519663	1372.7020193674	822.885068649479	459.969069821521	370.235415034354	284.168066158762	262.784782580368	213.787702720712	212.714127583215	185.242244931928	153.486610483772	180.389734629782	189.976663707806	203.965529494008	259.638069271083	509.496576183279	472.967085673594	475.079345486288	433.514896261049	453.270016137616	447.137625476681	409.764537033974	418.809015260432	329.914625482165	319.062023630697	316.621597344217	317.643918084679
402	4122.98161553003	1584.88007584356	648.859137862938	510.812837038567	329.686143017013	282.386510897259	252.093626498475	222.883259317944	214.80560886581	220.08453056136	175.307850342077	171.162786575753	165.329639612768	182.420018891357	254.226986188579	412.193161280433	472.967085673594	475.079345486288	433.514896261049	453.270016137616	447.137625476681	409.764537033974	418.809015260432	329.914625482165	319.062023630697	316.621597344217	317.643918084679
404	4134.68615828782	1448.29950530725	782.687148283895	462.306960574237	360.924939824432	278.929963709541	238.419337494041	249.228234830966	230.660190325774	188.765530494904	157.590445748118	161.113514533457	157.383576369497	201.643528214051	233.573897748643	337.293271349174	472.967085673594	475.079345486288	433.514896261049	453.270016137616	447.137625476681	409.764537033974	418.809015260432	329.914625482165	319.062023630697	316.621597344217	317.643918084679
406	5365.0830544957	1439.68386926573	934.137915568502	437.383725837195	427.116051226417	309.255540791413	262.887847291594	200.240870001857	185.499187490288	202.636627912446	165.745136645035	147.363345061586	160.754880078226	184.994415738034	234.033750402332	302.798315274538	472.967085673594	475.079345486288	433.514896261049	453.270016137616	447.137625476681	409.764537033974	418.809015260432	329.914625482165	319.062023630697	316.621597344217	317.643918084679
408	4570.55916804858	1418.63275676345	637.27002397624	449.784862527801	424.52392945746	287.16337385161	247.892926748336	222.582234174873	197.3672597665	179.256534535485	153.226761163987	154.639625150627	165.450443713258	155.773078023667	208.30679269536	267.495645477195	472.967085673594	475.079345486288	433.514896261049	453.270016137616	447.137625476681	409.764537033974	418.809015260432	329.914625482165	319.062023630697	316.621597344217	317.643918084679
410	4026.40631740792	1485.30706234654	756.314423576289	513.561103073833	322.430679473163	274.274246635164	274.619374189969	222.747090180664	191.944468802042	179.159211694124	151.624184196797	153.8293952026	134.489935825448	167.668149112097	198.921904810509	246.317598874666	472.967085673594	475.079345486288	433.514896261049	453.270016137616	447.137625476681	409.764537033974	418.809015260432	329.914625482165	319.062023630697	316.621597344217	317.643918084679
412	3912.16445446315	1305.34997919315	674.419468778425	504.478611238013	398.584195195577	304.629450860973	258.701321409497	203.332411545006	183.775793449091	161.886318565737	177.258012293007	157.026377074737	147.715942256184	169.585731230569	179.351306750892	244.074380250625	372.226395943889	475.079345486288	433.514896261049	453.270016137616	447.137625476681	409.764537033974	418.809015260432	329.914625482165	319.062023630697	316.621597344217	317.643918084679
414	3826.91562126326	1624.41061708675	817.900823984386	440.079820512802	327.295246584797	268.160495505925	260.482425908096	218.470604412892	196.581123489642	157.449441754195	152.774317073636	137.09942564657	138.252378666976	162.314987231943	179.793028960005	201.313248948839	306.279212461235	475.079345486288	433.514896261049	453.270016137616	447.137625476681	409.764537033974	418.809015260432	329.914625482165	319.062023630697	316.621597344217	317.643918084679
416	4225.23855313532	1171.49063508725	675.992956947389	475.496742365195	343.762918923581	287.728197907839	230.696087644102	200.714932548811	171.036521159054	158.981456683526	129.50224137878	158.078189308522	159.304851003802	157.892597693255	167.589665989762	185.609075491804	278.259497040661	475.079345486288	433.514896261049	453.270016137616	447.137625476681	409.764537033974	418.809015260432	329.914625482165	319.062023630697	316.621597344217	317.643918084679
418	3882.49243526538	1406.90166492773	790.754394322701	489.451699904872	335.943089631264	247.194830274517	252.525885447737	228.673526886871	192.998175138694	161.687119811237	160.490718410381	131.477116048644	138.49049116158	155.838850214018	164.492517240362	176.648525342877	241.070741116885	475.079345486288	433.514896261049	453.270016137616	447.137625476681	409.764537033974	418.809015260432	329.914625482165	319.062023630697	316.621597344217	317.643918084679
420	3265.27493081462	1417.95936800819	620.270412506938	474.638444674543	333.540500514248	302.318568021849	228.871378150283	195.700204846126	173.003823338275	152.366925598792	149.791557080636	143.190044685822	141.136967891251	139.403986149856	156.263184680692	171.295495558053	233.951808053925	475.079345486288	433.514896261049	453.270016137616	447.137625476681	409.764537033974	418.809015260432	329.914625482165	319.062023630697	316.621597344217	317.643918084679
422	3662.03313477353	1290.56470009711	763.758848410759	546.138550380835	327.560476810623	282.881825692479	233.765862411141	187.650177386093	165.104818507316	161.838142611109	133.804507184385	142.017741369961	139.902302152595	138.164245696619	150.719012607274	161.215520839856	207.480014544334	376.213362308224	433.514896261049	453.270016137616	447.137625476681	409.764537033974	418.809015260432	329.914625482165	319.062023630697	316.621597344217	317.643918084679
424	3481.28194217981	1396.18344662609	603.889615363499	424.201659443169	355.675727748111	320.165114259274	244.571447180159	225.903307732984	193.425659905844	161.197971840339	147.091798713512	132.017690246147	136.093906637387	155.30844200113	126.149148239808	156.634446016398	192.855332080313	289.910035475344	433.514896261049	453.270016137616	447.137625476681	409.764537033974	418.809015260432	329.914625482165	319.062023630697	316.621597344217	317.643918084679
426	3742.71217138088	1541.00038857553	783.213551996582	484.724059002004	386.547213540501	308.487228886284	212.257967401034	208.171009456633	202.273667714111	132.885242375935	149.108789806837	132.387193483646	131.663052246021	136.634554926416	119.111924475551	152.826517837326	180.513371654407	246.709345462806	433.514896261049	453.270016137616	447.137625476681	409.764537033974	418.809015260432	329.914625482165	319.062023630697	316.621597344217	317.643918084679
428	4037.4953073347	1550.92904780037	673.299053230982	422.646425700033	337.101129375335	251.710998697422	217.654179934408	199.456662121176	132.000539082955	130.898637402838	137.720531465788	136.479243272556	105.569919818684	135.156608386748	126.381291352468	151.477550588045	165.042663055464	235.027723582976	433.514896261049	453.270016137616	447.137625476681	409.764537033974	418.809015260432	329.914625482165	319.062023630697	316.621597344217	317.643918084679
430	3662.7284503866	1216.95860074662	720.627185836379	407.742046135723	339.360534459843	284.115979718314	223.113177779493	193.345825353861	160.592815907637	128.914371719242	143.15179491664	119.733166323804	130.572220503646	114.949972364904	122.509863896119	126.302784287796	143.409884994853	204.013301188324	433.514896261049	453.270016137616	447.137625476681	409.764537033974	418.809015260432	329.914625482165	319.062023630697	316.621597344217	317.643918084679
432	3737.21256035164	1354.16677969662	643.687700874805	375.71241755609	327.480140154108	267.965738584437	239.244127866808	176.561553425132	180.309708770495	151.608218827657	156.175103144871	119.123507956667	117.738933218471	128.004495259095	128.130559807739	140.885354996038	144.127729458845	202.537232844011	344.430025706182	453.270016137616	447.137625476681	409.764537033974	418.809015260432	329.914625482165	319.062023630697	316.621597344217	317.643918084679
434	3570.64167074265	1293.62224425185	626.417591665614	434.006579087423	347.428269161831	293.684852746626	209.09369267776	169.500690367916	171.145549709807	140.859966156048	129.714546407912	103.993983651306	128.263600308054	120.983894728522	126.415079162004	113.284207263571	143.247223428497	162.704216308932	281.915625460094	453.270016137616	447.137625476681	409.764537033974	418.809015260432	329.914625482165	319.062023630697	316.621597344217	317.643918084679
436	3440.81976880997	1357.07386207726	662.937557423665	391.037195921421	337.867545142998	264.849498845402	222.487300693916	199.849471885512	195.226437528166	148.386551129131	119.350725150932	143.368617592907	113.997291665744	106.75939210128	122.306455360925	110.501563851196	137.171456910036	167.927417923455	252.412913194687	453.270016137616	447.137625476681	409.764537033974	418.809015260432	329.914625482165	319.062023630697	316.621597344217	317.643918084679
438	3441.95806997586	1098.70516249258	814.245007821059	449.098981897786	313.680863510367	270.807848425467	219.805654305223	213.467222011733	194.467482739497	158.484349960081	139.784333106548	112.919213463769	131.851780280824	116.097645076765	125.53241181644	121.066976671336	151.481426898874	166.984885680856	228.44768079072	453.270016137616	447.137625476681	409.764537033974	418.809015260432	329.914625482165	319.062023630697	316.621597344217	317.643918084679
440	3717.1562725833	1075.58231762841	628.269922858884	493.502240591005	299.621910223753	241.696663849559	224.396150730784	209.981839695066	159.388887583086	143.236195163893	139.93600013914	135.782170721999	102.535795565774	113.610335965704	126.251336841851	120.054361300313	132.304496183345	148.361309740982	192.469411611231	453.270016137616	447.137625476681	409.764537033974	418.809015260432	329.914625482165	319.062023630697	316.621597344217	317.643918084679
442	3387.25999603772	1301.00514875679	617.604726618585	425.460945964854	270.511130344451	242.181860729729	220.283044608903	195.750529216697	152.443748841778	156.173075342983	141.792031772044	109.688640854886	115.107869989255	109.849824545869	112.24255877099	103.286362612004	115.557361583718	138.93803603708	154.845916615723	340.382220332982	447.137625476681	409.764537033974	418.809015260432	329.914625482165	319.062023630697	316.621597344217	317.643918084679
444	3189.45985821256	1266.62962408	636.864815305126	444.286371526394	327.684296629268	257.224973251841	212.068593779788	211.925834673254	152.683791967101	127.313822356255	116.036380063535	138.467844357677	114.723410381489	111.979649344493	101.946000931623	109.420911008614	118.735533235295	130.151819676807	173.416459874385	281.630490679396	447.137625476681	409.764537033974	418.809015260432	329.914625482165	319.062023630697	316.621597344217	317.643918084679
446	3436.64111044417	1294.51235071799	601.700358889277	423.437867992651	318.623536003494	254.34214041934	255.221549571307	206.206887236901	179.209160496597	165.165291147403	141.520440398895	133.596580124528	101.154205636821	105.034390129807	109.729262250347	110.840467957121	115.010077111665	140.203940711306	145.459379548064	237.524538440725	447.137625476681	409.764537033974	418.809015260432	329.914625482165	319.062023630697	316.621597344217	317.643918084679
448	3784.90362652004	1085.42311920468	749.607764354544	439.310475458671	319.461064167921	269.937367843254	189.724585721623	215.558084303835	157.822951427158	159.236699647752	129.815044617606	114.122735728521	111.174438131511	94.9144876067516	121.863196536745	115.925515142355	122.204588460534	131.436893859662	156.722353829605	225.532088837879	447.137625476681	409.764537033974	418.809015260432	329.914625482165	319.062023630697	316.621597344217	317.643918084679
450	4106.27276925973	1227.24078329853	813.596761522806	440.955194388375	353.00575132195	274.438000626792	231.516480650536	183.141836458203	169.823789212122	151.453419319664	134.266492509601	110.111230957238	113.523027625383	111.022960993128	113.471347623385	99.0699184160424	119.084087743899	136.350455481064	146.337869877196	214.327077087489	447.137625476681	409.764537033974	418.809015260432	329.914625482165	319.062023630697	316.621597344217	317.643918084679
452	4572.14984787323	1396.79425302251	694.166046540891	468.543728898637	307.065889200089	253.221871067951	220.600429848191	191.272053183719	169.439929800983	155.701035127976	136.467960447658	102.420027487701	103.653505787127	101.548653003377	103.331102109396	116.650753790656	100.647759936261	131.212155255624	146.328331249959	193.221315937225	374.071408740957	409.764537033974	418.809015260432	329.914625482165	319.062023630697	316.621597344217	317.643918084679
454	2760.77094971247	1123.81540816889	629.139638713074	466.85147947745	328.397088527908	196.217605249475	209.798161939361	144.983527242265	161.633897817462	139.718743536955	132.884003497114	102.82410906872	120.867546514712	110.639958065156	89.9111627210624	104.802274101043	97.041230069488	112.682166145718	137.831426827151	174.902084271702	277.448045675285	409.764537033974	418.809015260432	329.914625482165	319.062023630697	316.621597344217	317.643918084679
456	2809.97202077999	1510.35033523055	694.25007144716	394.709128112246	287.068166003828	219.941911054205	192.891530441105	182.93804666524	154.107459649007	146.114312739354	135.253366896758	111.502167625868	123.582318569171	113.164521467725	106.242944866024	101.066572051039	97.5653727978966	119.050656687701	140.822060954028	149.351434751632	233.112459579272	409.764537033974	418.809015260432	329.914625482165	319.062023630697	316.621597344217	317.643918084679
458	3592.46074571694	1250.48638759665	635.74651034454	423.04780344943	304.134400666839	262.855851311649	231.631478960115	162.953590843222	153.946282524804	160.042090187183	120.244560173417	116.784266877009	124.274322815564	94.3662191933643	109.416619469549	94.454995635576	114.478219490155	110.953232211014	130.583089567694	152.170407968237	218.567621388475	409.764537033974	418.809015260432	329.914625482165	319.062023630697	316.621597344217	317.643918084679
460	3195.7220786431	1143.48183237347	790.784018521814	433.416006980216	346.937603768393	226.332985438412	239.085860115689	194.131663618429	161.316165260949	153.419591267851	121.780945744162	114.460227340785	102.201128033346	90.8583891257064	101.721756730857	93.1988263970046	98.0586797535582	108.021086611488	135.979608091482	140.900239211981	193.119638100648	409.764537033974	418.809015260432	329.914625482165	319.062023630697	316.621597344217	317.643918084679
462	3195.7220786431	1367.73131841195	756.341612627421	496.034088860193	379.247925620288	236.888168149679	206.639686635297	214.081136778293	168.490513366714	137.070565384963	152.704183396374	124.858953535863	114.221434970415	123.260991247979	107.930610201392	105.175582799304	114.527197851932	126.389622802333	124.829807988056	152.539028039286	192.897037499774	305.454128220614	418.809015260432	329.914625482165	319.062023630697	316.621597344217	317.643918084679
464	3195.7220786431	1153.57916854631	658.753916280055	418.24233817514	334.604329001479	216.850767683861	241.332343434708	204.831253773753	159.430801339001	146.335517099247	121.140063795428	114.720672899562	107.560374376186	123.100915859664	103.935523670538	105.692311556951	97.2934367465785	118.028984644996	113.69905784768	156.242228006659	186.687869881618	258.457631398519	418.809015260432	329.914625482165	319.062023630697	316.621597344217	317.643918084679
466	3195.7220786431	1525.52500927579	783.443403873171	569.975436838074	331.221571899761	274.35658586002	228.909675518609	205.978208454898	192.238572985645	159.683502233772	142.45927523077	143.047325575441	116.847650139988	121.134860813135	128.684930495604	105.745711792015	119.34073735306	96.5610504531012	118.492395548159	143.63772676325	178.163360808805	215.629704986054	418.809015260432	329.914625482165	319.062023630697	316.621597344217	317.643918084679
468	3195.7220786431	1365.40744192246	821.092020567512	570.370319268196	396.564505351976	253.044242901566	210.542737929536	217.982649671861	172.713867811076	174.352721137423	147.822616600114	134.913118411174	108.979087823344	114.478764562298	118.458849654177	91.6474915647101	86.5267579975519	120.18395362526	120.534813330021	165.914469765922	170.967779514146	217.94627735727	418.809015260432	329.914625482165	319.062023630697	316.621597344217	317.643918084679
470	3195.7220786431	1562.51367957265	743.793484328149	380.743360528375	291.839558807958	245.007470481465	232.18689575582	187.066028053299	173.97043489307	139.70820273882	137.60215428337	102.35249329928	126.635654308203	113.908919261577	95.5785592090488	95.3549798673852	87.7389302155911	102.172105345318	113.550475406978	152.10612949516	143.401938595206	185.899041274718	418.809015260432	329.914625482165	319.062023630697	316.621597344217	317.643918084679
472	3195.7220786431	1498.33558635615	679.526119880398	431.584534614951	313.317343432487	247.421131929511	210.967053243189	156.215686609045	137.610588990694	144.002261281708	126.764440876652	107.315606432816	126.517737287679	95.266265808434	105.213125844064	95.775047702148	91.1988635969095	104.564608388943	106.200008134321	126.468645380847	127.757775467339	175.321665709226	277.527475974659	329.914625482165	319.062023630697	316.621597344217	317.643918084679
474	3195.7220786431	1229.5980838568	646.759434298031	400.424413441266	364.81124493928	257.99640815216	218.164405594766	185.539116057604	163.942478835932	144.564359986628	133.275635384838	116.385475051484	128.550861490573	96.9388676042716	113.067968804169	95.5236166084989	103.836810168816	111.18907012464	108.579969523067	124.471366120807	123.448123583107	135.777757232961	227.632932420086	329.914625482165	319.062023630697	316.621597344217	317.643918084679
476	3195.7220786431	996.31733152031	700.037817895486	336.28910172217	281.747290458223	220.438580301154	183.316489591873	168.731720321645	124.605417729094	138.109063997598	110.715626109001	117.51800475781	103.449936825591	82.820125136701	90.4446316136307	72.6649255523074	79.3156636375668	76.55739097569	86.0182672163634	89.7140498917345	113.379720587192	131.92269537669	185.270366023941	329.914625482165	319.062023630697	316.621597344217	317.643918084679
478	3195.7220786431	1296.59725339417	512.037305932279	351.964678145285	232.816578788169	216.545663940522	152.721002598602	166.612726760531	153.629337011834	124.381191630771	112.755556124173	89.5484119904264	100.65586945696	88.1401705811156	80.393534149543	79.9219984700209	87.6896598645512	90.6758896409677	77.4506434797812	103.704396833931	113.923459980219	122.330703981658	158.580182415614	329.914625482165	319.062023630697	316.621597344217	317.643918084679
480	3195.7220786431	1380.49099805258	578.849414913214	466.369490279117	268.424343324078	227.012610410648	231.421406218458	172.387675909208	143.53668769354	138.955808562142	123.00361042772	106.092710861341	104.827970906978	90.4829104148116	88.8693810290094	96.4963290314876	84.1389483980544	92.2412479818079	85.8309585959558	93.578977800424	120.230083594627	112.354674720998	143.806249452221	329.914625482165	319.062023630697	316.621597344217	317.643918084679
482	3195.7220786431	1380.49099805258	631.453946635416	408.225129869192	293.03192435652	257.800540847631	185.353072417053	153.11187546588	162.209871594182	128.6840683446	113.842349624752	122.728700511195	98.7602311581182	105.312140781045	77.6442009435023	98.001575927515	103.519583116156	84.6363273860783	112.887411943177	102.968232934772	121.948352505322	109.663272003858	160.90793108685	240.077707716278	319.062023630697	316.621597344217	317.643918084679
484	3195.7220786431	1380.49099805258	657.325363028229	473.73694697945	354.258935112223	226.581848763374	175.284478924081	150.06770854782	164.84678510722	115.298458249064	122.166922807577	120.295195149417	104.978162325209	94.9238102639319	76.2414931007413	73.4232126760837	84.9079511288386	86.6198338160504	89.2514514815135	92.3778281535364	111.133574607388	112.9380772415	123.652120923529	197.991101981247	319.062023630697	316.621597344217	317.643918084679
486	3195.7220786431	1380.49099805258	704.557747618913	343.576601166313	266.486963604711	264.531608910544	217.075291336229	158.351359123411	147.167420685009	121.478221691165	113.993116101627	100.25637208808	97.9584360317664	101.809311065727	86.1251696833387	72.7111751065103	87.5657510874501	78.1762155178167	86.1026491103094	79.0461633664772	82.4086836520383	93.9059456646222	115.536570144107	149.192594950556	319.062023630697	316.621597344217	317.643918084679
488	3195.7220786431	1380.49099805258	689.737826877321	414.230729489596	332.179876207399	183.537813555879	207.138145703147	183.924327098238	158.035095538901	105.661548852991	118.722321607081	107.153989260803	92.4020504821954	76.8526774418461	94.7547542269445	83.5124232686916	80.3751455471055	62.9076955654678	84.8508571393049	84.50894175929	89.7296097688981	90.522778338859	118.857139998841	130.508290350674	319.062023630697	316.621597344217	317.643918084679
490	3195.7220786431	1380.49099805258	490.225340356895	418.220448274166	320.386297187521	238.954865374127	189.916808379104	122.713412798256	150.904252888998	129.95800968984	122.604213784978	108.115164226305	95.6736490809528	91.2875653433032	78.9147549271222	78.0380707494756	91.1102024176875	84.8610699467302	70.9667904491491	99.0042543262971	99.215591899028	89.437626778441	108.656998673839	142.261073620002	319.062023630697	316.621597344217	317.643918084679
492	3195.7220786431	1380.49099805258	709.934872612179	421.929422784053	355.692689387897	245.53317979191	217.931661492339	159.972186659756	148.616071424071	134.432573923047	131.401864210869	99.6143245220718	102.373509123282	95.2850451833274	82.5927256390188	93.4344377735663	87.3434799267338	74.2891582739862	78.4169783843552	83.9687632939131	85.374836249723	96.5241258418181	93.6006479095706	120.53433154703	238.686482015222	316.621597344217	317.643918084679
494	3195.7220786431	1380.49099805258	840.095750198369	374.124090020903	279.557624623062	212.961732303348	190.423896230665	180.347566718747	163.833127914499	118.475598662316	109.468789877669	104.896691977611	98.3895263265421	89.9239970152562	62.7818376945499	73.3489764084941	75.2642731355305	85.8787691303363	75.8166218049238	65.8444862825478	88.9325249882158	94.2790006846199	96.2989432074789	113.049605834273	174.930003094787	316.621597344217	317.643918084679
496	3195.7220786431	1380.49099805258	649.975985550456	381.511596178383	290.96939128219	254.77957100768	179.740749593143	148.253866844713	134.003032885432	119.508526197864	118.366749525124	112.96896332302	86.8355749300617	83.7148686300849	68.5592363868789	83.1451756866013	70.4821809697644	76.322167806484	60.7871195950901	89.8332175096671	87.6793776891364	93.2266622945435	92.9681807113216	93.9734946918049	149.681745494849	316.621597344217	317.643918084679
498	3195.7220786431	1380.49099805258	640.713769956086	406.827884655572	275.568579965951	200.941519581265	193.545695452972	150.957254811752	143.890535739483	106.084190786897	93.6382434485193	88.9810925317999	64.1675706476206	74.812491931928	69.0875863435007	87.3327520715821	66.8771768857338	70.6562395199277	69.4910399525229	74.137139816774	95.9898945837524	84.4630011470373	80.8193564791271	106.250603714602	132.491044391631	316.621597344217	317.643918084679
500	3075.2335635896	1380.49099805258	794.316190668048	499.482937837456	265.54977133954	204.753312390151	153.875315414269	138.735867171199	113.211197473961	153.684416196132	97.3569420968537	93.2522584800544	95.8333237692721	81.7997358713547	88.5449428599912	70.8477661037321	85.5101413805938	69.1625281055192	74.172782408998	95.5693342216354	75.7242583491715	65.10847702438	75.2880567229461	75.4393531799962	118.89100246269	316.621597344217	317.643918084679
502	2224.55722582039	1380.49099805258	794.316190668048	333.376733381986	311.023972468368	256.821404651956	164.627909204373	144.665628696522	141.31892687797	129.391504717062	102.351280179379	96.9504321207179	88.3208300214016	85.8898026618555	73.4074480278725	59.3551676999376	61.8315913722438	63.5456657150165	68.0231154182842	71.86891502181	75.854596885342	86.6213734776854	86.0154017245624	82.3817353389355	135.612313182327	233.870139473189	317.643918084679
504	3011.44222181166	1380.49099805258	794.316190668048	432.275958893165	314.071512114453	204.578398501457	202.89970741582	179.506190771482	150.717908275508	111.477601219701	108.538351393517	90.5973410785252	92.6731592333784	85.1305567228722	80.4003879158595	65.0646916697694	68.8407563605607	69.9105023089539	62.3502182019116	74.0913833050873	65.8733678039183	70.3895741058696	90.0961327333936	79.2857457223342	111.850071012469	185.623912103688	317.643918084679
506	3599.17532182938	1380.49099805258	794.316190668048	395.309665467145	270.763608599451	206.7228957379	184.728955836817	177.010225564677	120.78145395173	125.313408891755	102.562334117864	99.9524281133601	89.2588316466126	90.2561991700449	79.6658138039284	71.6608779269913	69.5588880690151	75.6842343017549	72.2889345782468	71.9313220232726	52.0994432430772	73.8337542246558	70.7326024417658	79.0351851433857	100.707798733027	155.593538922393	317.643918084679
508	2641.31814232922	1380.49099805258	794.316190668048	506.951410310546	255.006164679415	225.340814986674	173.634502260074	191.465109001504	139.351136849361	116.197932503575	110.903087852036	101.019262614043	77.1021165680347	86.1725638998307	82.8828118946056	63.464186336678	64.4992489209853	71.3573317537733	67.2422432094178	72.705270781406	71.6237780620079	63.2114162851362	64.3906265190242	73.5078583440253	103.973406412799	126.39347956685	317.643918084679
510	2847.15361622389	1380.49099805258	794.316190668048	427.791266822354	308.600536508872	244.214219813868	209.385466386436	132.058104380335	127.346989804507	130.269855818641	103.66681402263	92.6794998899277	80.6765548116935	87.0668143732761	71.7828922578793	82.2719667037738	66.7201397962774	75.8706564380607	59.2263422936922	80.2902254958109	61.3616130335024	66.6110198615886	58.5587714608076	67.8459069156767	86.8438119747813	138.031848134635	317.643918084679
512	2616.91306739374	1380.49099805258	794.316190668048	399.739121859659	257.791878219558	204.104022225866	193.087676104745	138.544952913412	153.460880585362	109.397255637431	108.110918324049	96.6656478630532	106.765833709092	97.5827002927531	69.5007710031405	63.4763735959349	63.1203593044118	76.0612903897362	81.4862000937922	69.7787718985381	71.1489728666318	74.3252435662453	63.242647410568	85.8478161593629	80.1071307555241	104.429542859464	215.359582694408
514	2918.8267948099	1380.49099805258	794.316190668048	404.888086892148	267.367706608989	260.463911060803	199.39760328884	172.480903030071	145.829207623584	97.5592824555866	111.73971546809	93.9889772412564	99.9298851090858	83.2264790483642	82.7035171991262	66.5772273609979	81.1637075178274	74.7854940315238	77.9761468017442	78.4429602171617	61.4164279472588	64.0518768119127	68.0815137762157	78.5529256873023	101.897093014168	101.274193191349	183.528721058436
516	3273.72279344429	1380.49099805258	794.316190668048	512.282380761474	290.836160734474	248.883107783206	178.343331488201	169.862651450179	143.449129249384	132.94993801299	107.662253976546	95.2732030292256	95.6568487447149	89.6082470654651	77.0815899141628	80.7199765789397	65.4335661978603	64.2152397004741	76.7038042920952	62.9520819404876	79.045883336864	61.4132657112827	64.8950179173443	75.3476918798851	85.8092082752277	107.78973699444	158.211336306034
518	3038.6800371534	1380.49099805258	794.316190668048	534.061806925297	264.334828170011	232.046834403171	168.611003686426	191.871142499677	125.55759273213	112.397718926895	114.554239550416	89.5076663367139	103.387541739654	99.6023222155743	93.1740644652556	76.9397348564676	66.2688213450438	66.5882413846038	65.3551971768987	62.1577306764409	76.1363913218393	60.0509162520703	59.5321020231697	61.5436992127217	72.1794573556063	92.389722205196	140.697811174205
520	2518.76935299618	1092.49628513657	794.316190668048	505.644523740788	335.408599833681	204.602879102072	192.780420196811	149.064791551368	144.187964402417	133.743468285798	98.0964000735142	83.5824299428487	94.392825955373	81.027567955805	73.0604676974512	67.5196337145168	86.6692859775867	78.4684009962982	72.4439311564903	68.5658464667051	65.3624123698592	65.8535852385844	64.4439924967377	70.3840913851857	78.2991618098065	73.4887789410735	143.281070555181
522	3213.01132880223	1521.76541706508	794.316190668048	505.644523740788	353.666979630273	273.976736182541	183.446880148449	181.500720329454	149.073745745742	131.808091844439	109.562506172081	88.7270288553175	108.055357413312	94.850131373629	76.672148621187	71.7244857794591	75.1569575769009	74.7330444085548	62.353613781158	74.3334994196037	59.8336190953083	67.4596201960469	62.4647336197335	58.0325679815315	76.331298731153	80.7087671557911	107.808692316022
524	3543.71728238374	1296.80947936122	794.316190668048	505.644523740788	358.113187541935	205.031269395576	167.115821852006	144.30546112007	120.267845756515	142.552057999307	113.435182936698	114.722385700685	110.430590939693	84.1289279317313	83.7906064532481	70.9774697995449	69.7360967867558	77.3299676593148	65.587229683763	65.4430995989159	55.7832937479065	55.7095439480984	56.9321193036686	65.2441192503879	90.3071565118082	87.3349201609669	116.345490046148
526	3008.02846487755	1313.89746196112	794.316190668048	505.644523740788	352.73693050955	263.091377300998	207.043472588692	158.702996890611	156.182375714152	118.446685652399	121.892457157214	107.985670858839	88.342028005978	100.351782643124	85.8234936312792	86.1957518647793	77.9632316130005	70.1867287288488	74.5687052837757	71.4009256849284	77.0212734217161	63.3180491651685	51.9509665463451	61.6195278125456	79.2058897555711	76.4253563797241	112.585554391774
528	2804.63535715175	1134.9937099649	794.316190668048	505.644523740788	350.550042383383	245.475202249516	239.751317636587	155.589501873204	162.834391797509	139.939090522242	137.767119769037	113.790028960194	97.617296088676	86.5151283363549	68.1873907353828	79.7562956179275	66.7341920800542	64.6099963699534	57.510565825678	58.7847279880418	52.3439647806046	65.7208610898279	70.2422816796389	54.5776447115528	74.033996261625	75.9329208414295	102.39610294893
530	2996.29604252664	1535.43690462593	794.316190668048	505.644523740788	333.677675218324	283.930132027643	234.444127558342	172.100531835153	135.978448787645	119.102207474268	121.774579835477	114.289429284412	98.0540208905884	91.5792403720501	79.13930053921	68.8718891800366	71.0722796209484	62.1534254815177	52.5449106600189	57.0176041378157	60.7146767875524	57.3437920351574	60.8220064001344	69.3668687087865	60.6916952846443	61.2960497403312	91.8294543018035
532	2989.99425840392	1409.55071378121	794.316190668048	505.644523740788	427.037570415648	252.704569395836	216.298813387097	178.321403107727	147.534309032378	155.000649863176	111.506878808894	102.791062138499	107.66987420901	94.9098737735633	79.4984749477251	71.6490304915754	84.8672298351116	70.7911337872415	59.2606736444676	66.607379968685	67.6170167869343	72.35080803362	59.4809801880848	54.1453250826118	62.3806478580944	68.0779636316122	98.8603409144146
534	2931.40624177468	1186.31604388092	794.316190668048	505.644523740788	448.189419476328	262.17782879521	221.750830330599	162.550271295798	154.448476869911	153.158507580631	107.072444874256	101.074449453181	98.8653527298866	83.4633809654811	75.9707125056307	65.6336358008817	79.2213464449566	63.1543394234423	67.0239366879374	75.6665001000197	57.3131719324313	60.6575535397473	61.209531877187	55.6907773574509	75.6522956513267	69.9276042163947	93.8009075485536
536	2764.67097170366	1222.08980838668	794.316190668048	505.644523740788	436.243762509285	305.562636906631	198.021928533159	189.390476388959	203.077487621614	145.613100672944	119.88733567925	101.469356807795	90.8080177092178	95.8230063817209	81.8369927073592	76.4717624766193	68.9947876533333	90.3669315543602	69.7349361526971	82.2144873102411	64.2962050760839	53.495940504648	53.5297818496004	65.5658156555873	67.6600412995334	93.4344979652314	92.2434750167655
538	2540.55219081781	1182.10458832796	794.316190668048	505.644523740788	523.421542028722	304.319606032367	260.076995869463	167.404411703845	123.27446935007	132.072600896284	130.504144192735	92.6484548706809	98.6154902056279	106.374696445655	68.5139803837038	89.4305199603485	68.293667232859	83.7727872873213	64.5500274165604	61.3944859873849	62.5956467620377	66.6085908727108	59.0135266381123	53.7844808941394	58.445411018061	86.9536630141819	77.9585343959901
540	3546.47927287847	1494.47588916402	989.341635545995	505.644523740788	538.646318810805	250.234411575041	266.200437345219	192.958677134078	162.864185027081	156.968865434376	116.870878595866	93.9463278671049	96.7827695962565	94.3911439618878	66.5545432460764	68.5711608030685	68.369235045528	63.2655688708363	74.4960673727482	61.306264922302	67.1300349314548	55.8586313063102	60.6379474155609	55.2343362732028	63.5661834279531	66.8159995192845	88.9442574321054
542	3221.99932677261	1359.02986115885	1025.38837316658	505.644523740788	538.646318810805	307.932281930555	273.173665912263	211.718628622631	145.589476772249	115.762877440559	117.62483513346	133.18485023229	92.8449292460921	79.0489448658508	76.6881959995035	74.4086344815066	85.9486415764465	90.0423382076541	70.2617712309893	59.5199029887889	64.5598734110257	61.0019800723011	64.105173211932	77.3123354664896	56.772986613569	63.4001169593529	75.4148156157795
544	2665.1036961928	1198.76933291388	1021.85106838686	505.644523740788	538.646318810805	331.066914113298	263.281641930707	173.493486973638	146.276734081787	141.475584011336	116.911360218027	87.5309129804181	93.2456549322157	91.1843737897419	109.320102169552	84.2319395130189	65.9970413061603	78.4322793770563	74.2051792946458	67.2806212774218	62.7805448246314	68.9556440538355	60.2511438492024	69.7664838967209	56.8175414281236	71.791784493343	85.847245488121
546	3775.37366024547	1319.7522312666	967.196665283133	505.644523740788	538.646318810805	418.848674795602	221.205824695141	204.706186605163	177.981172518684	125.578960999799	144.37415534201	126.660578493482	82.1201138390809	89.3389503842156	92.5450037639628	69.0395602685381	86.8458047699042	74.9052390535449	68.7461348362294	74.1752070492563	56.1289157758035	66.566206555524	50.2905093775847	61.7927197606883	68.5701450162211	57.9633942139491	91.3485305080484
548	3264.95276541415	1613.97072684211	1034.52545967133	505.644523740788	538.646318810805	403.410020748678	281.15061326561	191.272708587238	147.248471148805	135.101229509645	124.609746733146	101.406672556628	101.990324305885	79.6167269470115	89.747202230366	88.8419433130996	68.0824082421934	69.366282456986	63.1104018815474	76.3105494458655	80.270219911736	58.6592520304391	41.6926968565043	46.6700019178847	53.130162301591	66.4843223442775	95.8837824961557
550	3603.40075114719	1318.99621342488	872.983510146796	505.644523740788	538.646318810805	462.843373891331	280.533279909073	200.314543225571	165.508435066371	163.598835319127	122.281799239654	109.151829974973	110.564837001555	94.2751100252094	111.225925512372	82.1958213180881	78.8303539656349	74.3058659593427	71.8608590230904	57.2819636953304	77.5324743867411	44.1997869580393	53.516784578151	47.3556622366058	61.3407466304554	76.1390580780324	78.0527874192311
552	2721.02831732571	1233.22450419251	1004.63216423576	505.644523740788	538.646318810805	464.984897874832	267.762838260213	208.047442761719	161.317572734812	158.707758844365	134.456943042576	104.64511947268	102.917142717387	87.9169835623362	91.6690107968718	74.4565208607022	81.2186434026877	64.6871003202684	83.988157566961	69.5829893583187	61.9267135925257	55.9816270043235	71.2135849003231	56.1020006455461	60.492656612576	76.499717641957	68.6021110631763
554	3729.72354666793	1431.36771016348	989.464926386012	505.644523740788	538.646318810805	469.755134729405	259.379396283093	207.564462353364	154.874194926476	140.415669788777	120.92745522103	119.607903636258	110.75962772159	84.861575494785	93.2893046550666	63.3003715863062	73.4908373900308	68.799460220214	70.3573409561698	82.2693321147194	60.9541899240088	72.8673322736792	72.4586174729523	57.9084508275329	55.8324281488206	78.7890463266591	79.7412965692136
556	2815.03163664034	1433.40501514122	754.82955541089	505.644523740788	538.646318810805	428.147740835023	298.295713329348	230.948267161886	155.694242097188	149.443919583445	147.900471545189	117.707210825538	143.699703635213	86.3417825135073	64.7279028086892	71.756933388704	87.1324265236019	86.5146606872325	76.655434198452	65.7150936743569	73.3565549254157	52.2853498174461	73.7105217616717	48.2767662936689	59.77314906254	68.0198722634686	87.9199791270876
558	3178.84300572115	1665.01293465601	846.657021498883	505.644523740788	538.646318810805	509.676961999986	308.718651410246	219.381881936646	177.426532658675	162.038043675078	152.035086481198	100.926230092123	83.2801616939455	86.6496674475178	106.701040649933	74.1316917369951	80.3757253814476	79.6855602262475	81.1898220981822	52.8169120906696	63.1394755075312	49.3340130861077	58.3249155012384	50.7765902139421	48.837398540236	67.2062085720857	71.072028052091
560	3612.65715839282	1345.46594406784	929.191907114695	1129.74788721874	538.646318810805	583.905342672111	303.397977734406	213.894021508957	231.040131404802	180.181303396853	153.082663119135	138.151122905962	115.428324250864	93.0030063155738	78.5954728627269	88.5753097863396	73.2260367797522	67.2010529976856	75.1890692394615	70.1264114616357	65.2879018850329	41.3031904666756	38.6038077944595	50.7925664572792	71.9654833957848	80.94645175614	82.8013661809096
562	4459.61344935106	1134.94820381674	831.483979578999	845.720225245374	538.646318810805	583.905342672111	297.999200652832	269.090592921231	191.96537261684	149.034317608207	115.929736728162	104.612359905745	118.939694049141	107.279106667269	81.2474947988319	74.6344202498664	74.6412670818214	79.3082593427381	63.6630374807229	83.8269693720691	63.2666795472351	60.1107364753119	55.6715768901206	48.3204117573994	64.0165476164558	72.8328456138063	80.8701474860718
564	2697.87899933179	1877.95233598719	917.043999044952	818.89669876625	538.646318810805	583.905342672111	374.523915717846	259.984881656571	221.776659467006	187.105644774881	148.002045007817	113.675932431149	106.472905757614	85.2086986570006	111.542225007947	89.597611693068	90.2882827904901	82.9524985943789	72.5347489259638	88.8022022004617	69.9644863031711	57.2181402853126	55.7627710118217	63.3273391669021	78.9505677755072	66.5403136471646	64.1838687943236
566	3815.78525136148	1665.48870187751	825.632815780534	819.411505549848	538.646318810805	583.905342672111	470.402152554159	288.682175391485	205.188593286612	145.479811069106	155.39384148014	111.354375902165	96.2265802266381	98.3206530440944	108.671759193953	87.6925373546461	94.1952358863595	76.6289205363932	80.4802508688107	75.3219435332296	52.0039251756407	60.2959482159883	62.6952824445993	62.6394651730991	76.058815296342	56.6390338573085	77.6517972351033
568	3407.79189377907	1346.5269847226	1084.14547076853	606.977354648486	538.646318810805	583.905342672111	448.959942583421	286.058391560884	254.374757404867	138.735893351405	156.340184550632	136.812255794564	129.582478100323	95.9965018847249	121.619898976488	91.6440026715762	83.2650610675956	95.0996291195604	75.1015901408652	84.8137253078026	79.3767307033483	58.1429545976017	67.78824935919	65.5077764195788	59.9096202696466	74.560920144835	76.4436288782902
570	3047.85969917343	1470.11624745629	1027.40799593876	817.752249514326	538.646318810805	583.905342672111	448.025721423875	273.274972155476	222.787978273566	163.490024498014	134.154116131116	119.574460343917	107.929939517452	122.961665659834	88.3852447970925	95.5438148131214	89.2963980779173	102.539117034272	76.3527891897825	94.6197173364688	81.8647114067481	67.6840877871475	64.8079837654001	52.7108851332286	71.9646075874062	58.5731541632839	66.2657437379462
572	3742.65342464901	1446.13755175302	857.843096896105	750.051250188916	538.646318810805	583.905342672111	456.365403016368	286.606155068668	220.529282029477	166.573464203473	182.427164576227	152.39936901358	134.209545055529	106.333203922069	79.7823902923486	87.6064515536017	80.3443617547519	85.4636063488683	74.2602614143016	80.6080945690608	75.0653713730104	63.5081738474461	60.8502566704532	65.0748796452471	59.8019844259735	74.8711876626709	90.9510296712638
574	3666.30210953796	1736.29437456581	886.279541517555	786.457401463626	538.646318810805	583.905342672111	526.906626866822	333.05551520736	211.423780031657	169.689727370476	161.671231383083	153.745179719762	116.275346954893	116.640079352196	102.229734522398	102.880275508171	103.412090545806	66.495664644943	80.4037350390724	64.6599195088746	72.7869914316139	85.9651961015504	63.0515000084541	54.7552252844906	79.3448705338	58.3762361416937	63.5176999501761
576	3881.12990365502	1473.41177057175	1034.04238111872	691.878296295704	538.646318810805	583.905342672111	495.385166351021	320.953701649806	204.098311502515	200.322399058985	194.427950922549	151.843115597537	97.8378625589216	121.610134266682	85.3871878593524	74.4955810440188	100.545561821269	60.3757040316223	90.4730756864156	82.3567220482797	81.6178977972494	65.9176036651899	73.9998355757438	50.8802336699451	71.4575733298482	51.0171643284895	59.296903259159
578	5149.88031326752	1502.40657340543	1186.87428243964	712.999449438908	538.646318810805	583.905342672111	498.036942463098	321.379961164048	221.52864100235	149.974836641772	151.60880469239	140.149027356894	126.802927100975	102.2630551139	107.359183043847	74.6081226791283	71.1854477967101	89.0948507889762	82.2815376450604	85.1537509154346	70.5645805504843	60.1899401099799	49.859563019322	48.8257593061847	75.160275009979	61.8521504055634	65.8420260932897
580	3724.59308737184	1529.26816296597	923.408935636151	652.296970194382	822.175332375622	583.905342672111	622.427202295217	321.64312043091	276.992373473155	199.711055762135	165.395701417968	157.358234120315	122.930511404429	124.673718252799	106.666228105306	94.3023093073369	100.481613959244	77.9415024354945	64.697497851992	69.609152919444	91.0493558654833	68.3247026765258	64.310031276875	50.7052466569095	58.2633771867541	65.504581091607	72.7140576288875
582	3250.05343154136	1330.57344952905	967.643408660682	763.437147362048	870.181685698959	583.905342672111	622.427202295217	394.506218877648	227.413271578565	197.056867188043	146.175621283663	131.896379787516	147.037808305628	135.940847043812	108.558532335973	100.017779971992	104.8196799631	113.079885650593	87.8112047921638	82.9719377180332	57.4459800511115	73.2025905901125	59.8044305417258	64.0958858463957	63.0646327643634	66.6499237376942	76.8663075001635
584	2912.7030843517	1698.77579899955	871.421524575162	734.329494955005	874.373058749765	583.905342672111	622.427202295217	404.25614644476	236.262664402516	198.412725663804	156.240410640654	134.29003825493	125.728486775804	127.713828193797	97.5485898151158	107.125379715943	90.875671294686	83.4140995213019	101.176899569751	80.3346589274326	62.4247177396041	74.5139235449007	53.7855485442457	64.1518459053352	73.0246300235676	86.0739288457065	85.4412096640617
586	3846.49183226404	1786.83400901569	1030.62122555147	679.222388958173	884.722190010283	583.905342672111	622.427202295217	368.121205962925	284.574239666994	233.990173438523	185.791696961135	172.95859561256	113.481025605619	115.996112763213	80.2676311852463	110.442339911772	69.744430431794	80.8463622249855	101.629867614627	109.420464784669	79.793165631159	74.5628251260666	70.186663628315	72.7616931091225	74.2747581099204	61.1227687848857	72.1982567159105
588	4728.92754008539	1909.23713391258	1398.34272043255	804.640367752372	763.640633281322	583.905342672111	622.427202295217	444.611700785508	222.079592031512	200.980615491463	202.597889350044	137.229524466191	138.5280353643	122.693028813293	98.0349214794906	112.45221215721	99.6061534641037	101.411470874139	87.1421606629202	105.663763928908	75.6920945247111	88.4824136949544	56.8926922499231	62.0176004583665	69.0593385237391	77.0420692627096	70.4680217900973
590	3234.00660907436	1395.72317606522	844.231561287055	569.362491475232	644.372763592814	583.905342672111	622.427202295217	476.232347058299	317.437931756881	191.262869733232	162.658085452441	121.680329742406	130.811768656619	112.010120040642	143.595513980635	97.1966510091265	115.203997325887	96.1877270987036	77.5390709378225	108.971914901157	100.776320223245	74.5865945279357	76.3553637743709	47.6269535019167	74.1946736392968	79.7109255507742	80.864084966892
592	5491.25159784183	1792.46690824626	1026.11894084213	851.811866000716	809.269051382154	583.905342672111	622.427202295217	430.718052626822	253.501638178788	258.17779669619	173.73140255047	131.280358718829	153.661365674345	125.659763163786	129.323342462642	110.653448414657	87.5950944943678	100.801039095199	112.812880947038	68.6863239010451	113.989819164893	79.9785787045794	61.4918838720274	97.0670274853891	75.6227326249707	53.1885606420769	80.8331225036323
594	3868.14129943713	2170.01361382013	1197.90443986413	618.067189163269	762.53057836272	583.905342672111	622.427202295217	540.383005109275	268.686456000414	283.571114168364	197.461750986258	167.118466604736	151.330178777416	114.565997553669	123.797025463369	102.240808436961	106.477843423241	91.1244376235238	93.2891784280882	93.7270379602551	95.7702470444891	86.7678518390924	66.4418923985122	70.0883884465261	70.1506119632566	76.9709512902488	64.8898821898581
596	4381.989149903	1891.72723971579	1190.35956593507	639.486778249785	897.761508295616	583.905342672111	622.427202295217	538.098450132472	286.937459161881	255.80421043741	215.738900311388	128.621755829391	143.580561383083	137.015584627819	132.45248116231	86.1132062510572	102.682286268491	75.1472436419005	80.4752723296612	71.2369449673939	96.1831594749469	89.7624345632114	71.5796487928883	60.8803360879579	72.8477159130244	55.210343373918	70.87456275245
598	3661.20975268145	1667.12072935239	1005.43045554531	862.630594277696	661.579534184892	583.905342672111	622.427202295217	576.944610392394	322.864572630975	275.334493357426	234.841211713858	152.157277800472	187.821130717465	137.92788605925	92.7791465711093	86.2351244961928	73.2609006279465	76.58619518232	83.5151378381721	100.361710570491	88.9506307129268	67.896568573945	66.2855991362423	77.5200099733795	71.3658533625768	88.8179938813525	77.2150239894107
600	5004.47975394629	1664.43894091368	991.979452214494	966.546604826133	779.562325624217	1005.81251077307	622.427202295217	620.635113287477	312.172596032313	231.849590989486	215.609172796401	196.331264858277	130.630356085289	128.22933093506	122.732115780905	116.110627338616	98.9743200981675	97.8393992277159	88.1367785213913	107.041748950436	90.6205621955405	94.5454896294867	77.0399505108017	71.7018876513635	81.4449185770349	67.8681903141994	105.489021218608
