Wavelength	240	250	260	270	280	290	300	310	320	330	340	350	360	370	380	390	400	410	420	430	440	450	460	470	480	490	500
nm	CPS / MicroAmps	CPS / MicroAmps	CPS / MicroAmps	CPS / MicroAmps	CPS / MicroAmps	CPS / MicroAmps	CPS / MicroAmps	CPS / MicroAmps	CPS / MicroAmps	CPS / MicroAmps	CPS / MicroAmps	CPS / MicroAmps	CPS / MicroAmps	CPS / MicroAmps	CPS / MicroAmps	CPS / MicroAmps	CPS / MicroAmps	CPS / MicroAmps	CPS / MicroAmps	CPS / MicroAmps	CPS / MicroAmps	CPS / MicroAmps	CPS / MicroAmps	CPS / MicroAmps	CPS / MicroAmps	CPS / MicroAmps	CPS / MicroAmps
300	13684646.3960512	6943230.09033753	5261716.05855913	5388439.75932465	5859690.19004054	10547417.8321523	0	5497044.50636496	3838268.48114254	2464205.02648652	1668044.36858782	1107741.62077017	785862.997137278	534273.691436904	324439.262831831	258558.045983176	283283.048505108	289742.150902412	300813.781544647	296467.682024306	230986.575821663	246266.551468555	244886.015343851	282326.871382541	503927.130184366	589676.812867762	875057.353913136
302	13693135.455597	6794307.03172818	5086786.33490338	4977720.62595193	5407697.14264813	8597187.67086857	7833320.65362282	5497044.50636496	3838268.48114254	2464205.02648652	1668044.36858782	1107741.62077017	785862.997137278	534273.691436904	324439.262831831	258558.045983176	283283.048505108	289742.150902412	300813.781544647	296467.682024306	230986.575821663	246266.551468555	244886.015343851	282326.871382541	503927.130184366	589676.812867762	875057.353913136
304	13458914.9760093	6593991.84721813	4898035.85405671	4662276.84887685	4993409.30001949	7057368.19430839	7833320.65362282	5497044.50636496	3838268.48114254	2464205.02648652	1668044.36858782	1107741.62077017	785862.997137278	534273.691436904	324439.262831831	258558.045983176	283283.048505108	289742.150902412	300813.781544647	296467.682024306	230986.575821663	246266.551468555	244886.015343851	282326.871382541	503927.130184366	589676.812867762	875057.353913136
306	13425586.6044781	6434512.52398898	4721489.57873551	4418396.29851159	4741604.25306838	5962033.86062833	7833320.65362282	5497044.50636496	3838268.48114254	2464205.02648652	1668044.36858782	1107741.62077017	785862.997137278	534273.691436904	324439.262831831	258558.045983176	283283.048505108	289742.150902412	300813.781544647	296467.682024306	230986.575821663	246266.551468555	244886.015343851	282326.871382541	503927.130184366	589676.812867762	875057.353913136
308	13200886.7464447	6309873.7099935	4537445.59037781	4184143.10349948	4507533.08597287	5208532.28807529	7833320.65362282	5497044.50636496	3838268.48114254	2464205.02648652	1668044.36858782	1107741.62077017	785862.997137278	534273.691436904	324439.262831831	258558.045983176	283283.048505108	289742.150902412	300813.781544647	296467.682024306	230986.575821663	246266.551468555	244886.015343851	282326.871382541	503927.130184366	589676.812867762	875057.353913136
310	13021692.7474962	6153614.76171697	4352556.960378	3957294.71903196	4178789.41307799	4631278.26967452	7833320.65362282	5497044.50636496	3838268.48114254	2464205.02648652	1668044.36858782	1107741.62077017	785862.997137278	534273.691436904	324439.262831831	258558.045983176	283283.048505108	289742.150902412	300813.781544647	296467.682024306	230986.575821663	246266.551468555	244886.015343851	282326.871382541	503927.130184366	589676.812867762	875057.353913136
312	12736683.7381559	6002713.70024198	4190590.50516364	3770954.29717776	3788349.79882232	4175250.61717173	6364659.40949398	5497044.50636496	3838268.48114254	2464205.02648652	1668044.36858782	1107741.62077017	785862.997137278	534273.691436904	324439.262831831	258558.045983176	283283.048505108	289742.150902412	300813.781544647	296467.682024306	230986.575821663	246266.551468555	244886.015343851	282326.871382541	503927.130184366	589676.812867762	875057.353913136
314	12434473.2096107	5780049.79636745	3978714.18682838	3575694.26674107	3473073.62554734	3803680.23360946	5277027.7548956	5497044.50636496	3838268.48114254	2464205.02648652	1668044.36858782	1107741.62077017	785862.997137278	534273.691436904	324439.262831831	258558.045983176	283283.048505108	289742.150902412	300813.781544647	296467.682024306	230986.575821663	246266.551468555	244886.015343851	282326.871382541	503927.130184366	589676.812867762	875057.353913136
316	12151180.8346076	5617747.46721073	3827102.68780702	3410862.9829858	3274438.26714494	3590913.87737623	4515141.2514368	5497044.50636496	3838268.48114254	2464205.02648652	1668044.36858782	1107741.62077017	785862.997137278	534273.691436904	324439.262831831	258558.045983176	283283.048505108	289742.150902412	300813.781544647	296467.682024306	230986.575821663	246266.551468555	244886.015343851	282326.871382541	503927.130184366	589676.812867762	875057.353913136
318	11946687.1693647	5483533.69293678	3730317.10517337	3286352.02229969	3114349.53120979	3450242.31727221	3991332.43664282	5497044.50636496	3838268.48114254	2464205.02648652	1668044.36858782	1107741.62077017	785862.997137278	534273.691436904	324439.262831831	258558.045983176	283283.048505108	289742.150902412	300813.781544647	296467.682024306	230986.575821663	246266.551468555	244886.015343851	282326.871382541	503927.130184366	589676.812867762	875057.353913136
320	11859931.7121427	5361222.36972077	3619445.0236775	3175373.15548407	2958911.74140313	3238174.56086654	3577291.68827819	5497044.50636496	3838268.48114254	2464205.02648652	1668044.36858782	1107741.62077017	785862.997137278	534273.691436904	324439.262831831	258558.045983176	283283.048505108	289742.150902412	300813.781544647	296467.682024306	230986.575821663	246266.551468555	244886.015343851	282326.871382541	503927.130184366	589676.812867762	875057.353913136
322	11688916.0047065	5334993.84605356	3565905.49200675	3085260.60442749	2863499.04533419	3002772.05588565	3280914.55816758	4655664.0629615	3838268.48114254	2464205.02648652	1668044.36858782	1107741.62077017	785862.997137278	534273.691436904	324439.262831831	258558.045983176	283283.048505108	289742.150902412	300813.781544647	296467.682024306	230986.575821663	246266.551468555	244886.015343851	282326.871382541	503927.130184366	589676.812867762	875057.353913136
324	11650836.8922583	5221394.62558762	3479468.77195094	2982349.13991333	2751926.48736004	2773631.47690279	3038152.46801641	4082890.01025959	3838268.48114254	2464205.02648652	1668044.36858782	1107741.62077017	785862.997137278	534273.691436904	324439.262831831	258558.045983176	283283.048505108	289742.150902412	300813.781544647	296467.682024306	230986.575821663	246266.551468555	244886.015343851	282326.871382541	503927.130184366	589676.812867762	875057.353913136
326	11401919.7363336	5138699.47721105	3376059.23656748	2894642.12218028	2659454.07674725	2626429.45033531	2865955.99506785	3597256.28866844	3838268.48114254	2464205.02648652	1668044.36858782	1107741.62077017	785862.997137278	534273.691436904	324439.262831831	258558.045983176	283283.048505108	289742.150902412	300813.781544647	296467.682024306	230986.575821663	246266.551468555	244886.015343851	282326.871382541	503927.130184366	589676.812867762	875057.353913136
328	11274785.976552	5046806.46432555	3303865.70093464	2790701.53970961	2564691.48499334	2496823.27778153	2750861.53033979	3197913.34713742	3838268.48114254	2464205.02648652	1668044.36858782	1107741.62077017	785862.997137278	534273.691436904	324439.262831831	258558.045983176	283283.048505108	289742.150902412	300813.781544647	296467.682024306	230986.575821663	246266.551468555	244886.015343851	282326.871382541	503927.130184366	589676.812867762	875057.353913136
330	11104361.4771948	4947269.8105893	3198768.82538881	2692525.70079078	2456611.43686509	2356438.45879573	2603229.96647473	2863289.46073573	3838268.48114254	2464205.02648652	1668044.36858782	1107741.62077017	785862.997137278	534273.691436904	324439.262831831	258558.045983176	283283.048505108	289742.150902412	300813.781544647	296467.682024306	230986.575821663	246266.551468555	244886.015343851	282326.871382541	503927.130184366	589676.812867762	875057.353913136
332	10985530.310426	4877960.82877867	3144865.89540973	2616701.97999174	2376607.79170846	2236046.48791427	2413188.02594603	2611018.21217791	3340793.82596188	2464205.02648652	1668044.36858782	1107741.62077017	785862.997137278	534273.691436904	324439.262831831	258558.045983176	283283.048505108	289742.150902412	300813.781544647	296467.682024306	230986.575821663	246266.551468555	244886.015343851	282326.871382541	503927.130184366	589676.812867762	875057.353913136
334	10740299.2718018	4781932.42953513	3060834.48302467	2540071.30284623	2275143.86782016	2129530.17450243	2212755.44093552	2391395.38833435	3068385.21861248	2464205.02648652	1668044.36858782	1107741.62077017	785862.997137278	534273.691436904	324439.262831831	258558.045983176	283283.048505108	289742.150902412	300813.781544647	296467.682024306	230986.575821663	246266.551468555	244886.015343851	282326.871382541	503927.130184366	589676.812867762	875057.353913136
336	10604847.1919072	4689322.01278079	2997783.58117248	2473418.91670235	2192193.79061371	2048864.15078011	2076059.35918557	2236788.99044543	2788923.5918111	2464205.02648652	1668044.36858782	1107741.62077017	785862.997137278	534273.691436904	324439.262831831	258558.045983176	283283.048505108	289742.150902412	300813.781544647	296467.682024306	230986.575821663	246266.551468555	244886.015343851	282326.871382541	503927.130184366	589676.812867762	875057.353913136
338	10509886.9494688	4657684.90034945	2940064.23585922	2422607.32342518	2131266.57856293	1984116.01528174	1990295.4476967	2150997.09694375	2536230.20484543	2464205.02648652	1668044.36858782	1107741.62077017	785862.997137278	534273.691436904	324439.262831831	258558.045983176	283283.048505108	289742.150902412	300813.781544647	296467.682024306	230986.575821663	246266.551468555	244886.015343851	282326.871382541	503927.130184366	589676.812867762	875057.353913136
340	10419696.4194554	4616345.12526856	2896608.2007251	2357760.86476712	2066930.51410285	1922298.5338528	1896240.45823047	2071460.14586111	2306964.57274868	2464205.02648652	1668044.36858782	1107741.62077017	785862.997137278	534273.691436904	324439.262831831	258558.045983176	283283.048505108	289742.150902412	300813.781544647	296467.682024306	230986.575821663	246266.551468555	244886.015343851	282326.871382541	503927.130184366	589676.812867762	875057.353913136
342	10376179.6991224	4556312.12217857	2853569.31825346	2313828.22725608	2021476.69870429	1870692.49922039	1806943.54309167	1963372.57451504	2121680.67232188	2291188.72817694	1668044.36858782	1107741.62077017	785862.997137278	534273.691436904	324439.262831831	258558.045983176	283283.048505108	289742.150902412	300813.781544647	296467.682024306	230986.575821663	246266.551468555	244886.015343851	282326.871382541	503927.130184366	589676.812867762	875057.353913136
344	10375153.1900497	4506580.92911655	2816163.04139775	2266394.25555164	1974029.65573135	1811095.65249926	1731979.48973662	1814088.50340067	1960079.05355452	2314483.18212829	1668044.36858782	1107741.62077017	785862.997137278	534273.691436904	324439.262831831	258558.045983176	283283.048505108	289742.150902412	300813.781544647	296467.682024306	230986.575821663	246266.551468555	244886.015343851	282326.871382541	503927.130184366	589676.812867762	875057.353913136
346	10279360.8629117	4424730.78874718	2773513.94806724	2215632.9469405	1924397.04565825	1751170.10015019	1670681.95472	1688976.97935472	1825364.87141119	2221011.19161786	1668044.36858782	1107741.62077017	785862.997137278	534273.691436904	324439.262831831	258558.045983176	283283.048505108	289742.150902412	300813.781544647	296467.682024306	230986.575821663	246266.551468555	244886.015343851	282326.871382541	503927.130184366	589676.812867762	875057.353913136
348	10251747.9952533	4355786.08386247	2732717.34151512	2167257.61860409	1868674.78353822	1687954.73487811	1612223.80771538	1607066.416591	1728920.6718994	2059388.45453327	1668044.36858782	1107741.62077017	785862.997137278	534273.691436904	324439.262831831	258558.045983176	283283.048505108	289742.150902412	300813.781544647	296467.682024306	230986.575821663	246266.551468555	244886.015343851	282326.871382541	503927.130184366	589676.812867762	875057.353913136
350	10194375.7056927	4253910.45003991	2669736.09213748	2112776.62777892	1810163.81383263	1631712.43000882	1552742.10991089	1531611.55708752	1662865.95766655	1887845.94474582	1668044.36858782	1107741.62077017	785862.997137278	534273.691436904	324439.262831831	258558.045983176	283283.048505108	289742.150902412	300813.781544647	296467.682024306	230986.575821663	246266.551468555	244886.015343851	282326.871382541	503927.130184366	589676.812867762	875057.353913136
352	10106950.0582867	4204671.82464088	2629734.26764522	2068443.7583946	1759165.08640101	1588072.19608401	1510389.97222885	1458779.20591041	1599344.02341791	1743212.80446419	1584966.34473881	1107741.62077017	785862.997137278	534273.691436904	324439.262831831	258558.045983176	283283.048505108	289742.150902412	300813.781544647	296467.682024306	230986.575821663	246266.551468555	244886.015343851	282326.871382541	503927.130184366	589676.812867762	875057.353913136
354	9945225.95685139	4150276.06666687	2599926.32093661	2023256.08032456	1719143.89680221	1544171.09020722	1462211.41985452	1384266.9279766	1491821.15651964	1610842.68041703	1703096.64306189	1107741.62077017	785862.997137278	534273.691436904	324439.262831831	258558.045983176	283283.048505108	289742.150902412	300813.781544647	296467.682024306	230986.575821663	246266.551468555	244886.015343851	282326.871382541	503927.130184366	589676.812867762	875057.353913136
356	9756226.75413528	4086596.8735272	2553498.41974226	1986620.16470414	1676480.66380818	1505377.26763005	1416094.07897853	1326751.47805149	1373827.46370976	1499502.7183079	1705337.6170152	1107741.62077017	785862.997137278	534273.691436904	324439.262831831	258558.045983176	283283.048505108	289742.150902412	300813.781544647	296467.682024306	230986.575821663	246266.551468555	244886.015343851	282326.871382541	503927.130184366	589676.812867762	875057.353913136
358	9652860.96561669	4056007.47230518	2507832.81006992	1950256.85425254	1645602.700539	1470296.28057382	1374724.76880013	1285568.7293011	1295436.84033373	1415594.31703887	1633883.08910039	1107741.62077017	785862.997137278	534273.691436904	324439.262831831	258558.045983176	283283.048505108	289742.150902412	300813.781544647	296467.682024306	230986.575821663	246266.551468555	244886.015343851	282326.871382541	503927.130184366	589676.812867762	875057.353913136
360	9545698.03830681	4001418.28155776	2441592.9661728	1912956.98535706	1610419.14212991	1434251.66500023	1336859.41353809	1249306.95267141	1242856.10390197	1364842.8047076	1535142.59257469	1107741.62077017	785862.997137278	534273.691436904	324439.262831831	258558.045983176	283283.048505108	289742.150902412	300813.781544647	296467.682024306	230986.575821663	246266.551468555	244886.015343851	282326.871382541	503927.130184366	589676.812867762	875057.353913136
362	9413580.53433184	3994365.19854929	2395658.37063738	1887728.67459862	1582886.8230136	1402789.20099959	1302353.9429517	1220031.21553904	1193288.5063203	1335617.43841493	1436729.3403336	1097682.75359208	785862.997137278	534273.691436904	324439.262831831	258558.045983176	283283.048505108	289742.150902412	300813.781544647	296467.682024306	230986.575821663	246266.551468555	244886.015343851	282326.871382541	503927.130184366	589676.812867762	875057.353913136
364	9346553.86666916	3953922.11141003	2352140.17505359	1858518.21997847	1551418.59804792	1372499.85740149	1273447.69201289	1192627.37420228	1137652.07262299	1279132.55411446	1344388.24940182	1283456.13003155	785862.997137278	534273.691436904	324439.262831831	258558.045983176	283283.048505108	289742.150902412	300813.781544647	296467.682024306	230986.575821663	246266.551468555	244886.015343851	282326.871382541	503927.130184366	589676.812867762	875057.353913136
366	9260017.52491025	3906732.35881745	2316649.13460649	1836169.86109718	1529304.80061876	1347672.3593616	1252110.33578732	1162487.34209006	1088769.11045651	1193409.10652581	1264469.88403745	1356240.18663367	785862.997137278	534273.691436904	324439.262831831	258558.045983176	283283.048505108	289742.150902412	300813.781544647	296467.682024306	230986.575821663	246266.551468555	244886.015343851	282326.871382541	503927.130184366	589676.812867762	875057.353913136
368	9201675.91296148	3856080.07663243	2287047.6037305	1824004.31854601	1509041.08021767	1325067.31226963	1228664.40708189	1137139.38641289	1055109.7401372	1106099.7147745	1198893.56745518	1341857.63326024	785862.997137278	534273.691436904	324439.262831831	258558.045983176	283283.048505108	289742.150902412	300813.781544647	296467.682024306	230986.575821663	246266.551468555	244886.015343851	282326.871382541	503927.130184366	589676.812867762	875057.353913136
370	9131405.59360696	3800272.5357485	2271109.80329854	1795154.41937593	1484043.27387074	1305689.23607446	1208470.33628759	1110551.14164509	1028745.36751869	1057325.24207381	1158104.97540347	1288497.35238695	785862.997137278	534273.691436904	324439.262831831	258558.045983176	283283.048505108	289742.150902412	300813.781544647	296467.682024306	230986.575821663	246266.551468555	244886.015343851	282326.871382541	503927.130184366	589676.812867762	875057.353913136
372	9000559.07974961	3730467.26058969	2236097.23821613	1760921.93369699	1463717.32648101	1282528.07602318	1181754.70125476	1086060.45017353	1004814.50633921	1020263.7070254	1140438.17056033	1221632.47389175	810030.386817885	534273.691436904	324439.262831831	258558.045983176	283283.048505108	289742.150902412	300813.781544647	296467.682024306	230986.575821663	246266.551468555	244886.015343851	282326.871382541	503927.130184366	589676.812867762	875057.353913136
374	8945500.64821804	3666127.44712118	2207021.28772555	1715341.8188656	1437820.73299094	1259038.10462865	1158317.51789572	1060835.11696333	981572.999236232	975822.575966926	1107712.81076597	1155128.324723	1021441.27995433	534273.691436904	324439.262831831	258558.045983176	283283.048505108	289742.150902412	300813.781544647	296467.682024306	230986.575821663	246266.551468555	244886.015343851	282326.871382541	503927.130184366	589676.812867762	875057.353913136
376	8822419.16123486	3641427.27806251	2189078.37082502	1678787.52237426	1417127.66360917	1242907.30631102	1134922.20812506	1042724.70225545	960472.327655848	935056.27285442	1046621.46522489	1091090.17670545	1133730.75083088	534273.691436904	324439.262831831	258558.045983176	283283.048505108	289742.150902412	300813.781544647	296467.682024306	230986.575821663	246266.551468555	244886.015343851	282326.871382541	503927.130184366	589676.812867762	875057.353913136
378	8829107.87277608	3620926.21111457	2173398.69891492	1648816.3609978	1404807.67929712	1225590.44161488	1119304.45245268	1025883.16297682	942323.578518492	898322.713150638	968459.189406402	1038021.24616685	1154824.74641838	534273.691436904	324439.262831831	258558.045983176	283283.048505108	289742.150902412	300813.781544647	296467.682024306	230986.575821663	246266.551468555	244886.015343851	282326.871382541	503927.130184366	589676.812867762	875057.353913136
380	8808762.63005937	3582626.35937026	2156276.76618768	1627497.26279194	1400015.39858061	1212329.99623268	1100840.12230685	1009925.40189774	920752.329655083	871838.5887863	908891.745708538	998277.995205105	1126527.00932243	534273.691436904	324439.262831831	258558.045983176	283283.048505108	289742.150902412	300813.781544647	296467.682024306	230986.575821663	246266.551468555	244886.015343851	282326.871382541	503927.130184366	589676.812867762	875057.353913136
382	8855373.19042134	3568001.47117461	2134362.04498139	1612988.63970508	1401434.93356684	1206682.32917542	1089407.40851816	1002516.17181149	905648.340303762	856830.034112235	883512.265566613	989893.758519915	1089578.4965076	571186.172993108	324439.262831831	258558.045983176	283283.048505108	289742.150902412	300813.781544647	296467.682024306	230986.575821663	246266.551468555	244886.015343851	282326.871382541	503927.130184366	589676.812867762	875057.353913136
384	8813246.88248144	3544615.96650808	2109568.51156693	1601623.26810212	1388573.82461681	1197252.04827799	1078530.07807484	989606.974750016	887994.301223937	839968.538828106	854504.326348021	982143.784137152	1043243.32952232	832158.04933554	324439.262831831	258558.045983176	283283.048505108	289742.150902412	300813.781544647	296467.682024306	230986.575821663	246266.551468555	244886.015343851	282326.871382541	503927.130184366	589676.812867762	875057.353913136
386	8759112.78344776	3508447.81182302	2076877.0259744	1585854.41675561	1362798.11560025	1185968.68369355	1071141.35697164	978161.188986576	878593.405415623	830504.781401589	823275.868962591	946562.829026159	999051.969785735	989122.446327071	324439.262831831	258558.045983176	283283.048505108	289742.150902412	300813.781544647	296467.682024306	230986.575821663	246266.551468555	244886.015343851	282326.871382541	503927.130184366	589676.812867762	875057.353913136
388	8770648.98307947	3529098.92898816	2075082.82973841	1587319.45458317	1344641.44971729	1185482.20528148	1069953.73316992	973721.543990354	874027.046090873	823990.574753872	799995.523128178	888932.672225749	961592.853692151	1048617.90573243	324439.262831831	258558.045983176	283283.048505108	289742.150902412	300813.781544647	296467.682024306	230986.575821663	246266.551468555	244886.015343851	282326.871382541	503927.130184366	589676.812867762	875057.353913136
390	8741226.87604821	3538283.41180017	2084173.92416758	1591772.03099312	1333359.73354697	1191151.14184242	1068148.35741731	973763.6241314	872706.430844356	815323.207454888	784371.73627557	832710.446616384	933389.738907021	1054585.68667614	324439.262831831	258558.045983176	283283.048505108	289742.150902412	300813.781544647	296467.682024306	230986.575821663	246266.551468555	244886.015343851	282326.871382541	503927.130184366	589676.812867762	875057.353913136
392	8752139.36270482	3584686.8779645	2091140.07567391	1593632.08486454	1327947.36676389	1195463.49200108	1068222.25820498	970825.922810142	869748.419161358	806318.589446261	770037.737399591	806735.95577405	924407.992230922	1032809.88461966	400637.129056578	258558.045983176	283283.048505108	289742.150902412	300813.781544647	296467.682024306	230986.575821663	246266.551468555	244886.015343851	282326.871382541	503927.130184366	589676.812867762	875057.353913136
394	8854472.99007462	3637436.40542878	2109428.12504658	1605221.4480912	1329566.7025822	1215114.51938896	1070772.87465309	971513.806813463	870764.30515068	800171.22401811	764808.316860858	790581.105154005	932298.049318001	1000012.56430418	660086.004495421	258558.045983176	283283.048505108	289742.150902412	300813.781544647	296467.682024306	230986.575821663	246266.551468555	244886.015343851	282326.871382541	503927.130184366	589676.812867762	875057.353913136
396	8917248.48484939	3676109.78125062	2115855.0023495	1611148.35607033	1327501.80034668	1226112.14842468	1072103.49927796	970143.424364247	866945.847317339	791512.348832478	756911.380727044	767862.392730526	916818.081702901	963266.85160583	855443.242453238	258558.045983176	283283.048505108	289742.150902412	300813.781544647	296467.682024306	230986.575821663	246266.551468555	244886.015343851	282326.871382541	503927.130184366	589676.812867762	875057.353913136
398	8743510.43452461	3613331.95712511	2081361.48044687	1577703.41262904	1315740.19828136	1202670.17631744	1059236.200705	960743.457565779	851788.691404441	776360.759905271	742845.392311579	737931.292816059	865342.183077898	922659.336372375	946559.378113235	258558.045983176	283283.048505108	289742.150902412	300813.781544647	296467.682024306	230986.575821663	246266.551468555	244886.015343851	282326.871382541	503927.130184366	589676.812867762	875057.353913136
400	8499596.82371146	3512211.39610685	2034709.63229184	1540756.33897223	1288838.78413268	1170620.92812676	1043621.67975811	949480.034651013	837362.985327736	763298.834579644	728781.020708408	708851.861176587	792751.020375369	884530.736769473	968088.126469835	258558.045983176	283283.048505108	289742.150902412	300813.781544647	296467.682024306	230986.575821663	246266.551468555	244886.015343851	282326.871382541	503927.130184366	589676.812867762	875057.353913136
402	8389183.15737268	3432947.52751168	1996992.48347925	1512551.88147076	1275331.29215411	1138067.64217734	1033926.30408963	940557.126908283	826530.117464059	753625.125845211	712586.429511333	691961.686655932	750012.544525801	862129.363027224	955615.854359022	329526.483972222	283283.048505108	289742.150902412	300813.781544647	296467.682024306	230986.575821663	246266.551468555	244886.015343851	282326.871382541	503927.130184366	589676.812867762	875057.353913136
404	8313272.94460244	3414830.04740397	1976632.5290881	1497324.50713924	1266659.41276176	1122681.1490211	1030567.56790746	936012.201509815	820232.927819586	748688.152259386	701753.88964451	679491.566697712	730184.613245694	865917.992423228	926610.097420301	584225.893341494	283283.048505108	289742.150902412	300813.781544647	296467.682024306	230986.575821663	246266.551468555	244886.015343851	282326.871382541	503927.130184366	589676.812867762	875057.353913136
406	8310509.51953782	3388460.88199254	1965549.39167579	1489646.15678213	1260721.09147311	1116319.11543136	1037136.13227995	934532.036530588	818393.280949235	743406.46868092	692456.593713197	667922.465693975	709491.496486242	867466.785152967	893113.824127696	775440.615860804	283283.048505108	289742.150902412	300813.781544647	296467.682024306	230986.575821663	246266.551468555	244886.015343851	282326.871382541	503927.130184366	589676.812867762	875057.353913136
408	8341684.12617919	3361488.96447729	1961229.62404244	1485033.01977651	1254636.75731886	1107403.63305502	1044429.43920052	932552.907267381	814450.190493522	737328.717781669	682624.066288783	660659.25544382	687817.082649476	835878.762065589	857922.196466019	863923.536520651	283283.048505108	289742.150902412	300813.781544647	296467.682024306	230986.575821663	246266.551468555	244886.015343851	282326.871382541	503927.130184366	589676.812867762	875057.353913136
410	8377923.45270173	3369132.95022243	1954749.87810549	1465861.55484183	1241958.06360158	1100134.19029409	1042120.80705579	931442.943525492	812568.355870553	729417.86823795	673170.148950252	653636.180060843	663965.611540969	776050.032342431	824363.107175321	888274.596064262	283283.048505108	289742.150902412	300813.781544647	296467.682024306	230986.575821663	246266.551468555	244886.015343851	282326.871382541	503927.130184366	589676.812867762	875057.353913136
412	8384806.51247293	3356448.02025141	1947681.8058076	1461106.92799666	1231740.40535191	1094509.6959577	1027344.4614058	927491.295368704	808883.901203472	721050.116524438	667203.452749809	645192.484147207	647443.107886616	717779.935902076	798241.537074234	883040.99945531	334789.314787105	289742.150902412	300813.781544647	296467.682024306	230986.575821663	246266.551468555	244886.015343851	282326.871382541	503927.130184366	589676.812867762	875057.353913136
414	8235053.26728748	3327840.0326117	1927404.36326668	1442997.25928189	1220176.1358191	1087232.67332333	1001353.29143747	918208.007228475	806390.981492257	713116.273917266	660838.433903623	633249.511082305	633940.921832305	689425.406745933	787284.242902359	860319.775854831	576198.805663478	289742.150902412	300813.781544647	296467.682024306	230986.575821663	246266.551468555	244886.015343851	282326.871382541	503927.130184366	589676.812867762	875057.353913136
416	8224530.28209825	3289075.15510117	1924634.53497484	1435517.11962341	1206593.8848748	1083285.7318694	985270.761231143	919300.470457638	806379.335721078	709456.704726694	656402.942061913	625015.98268536	624662.584390351	675085.100372014	799725.966348283	832860.422645536	746663.793963925	289742.150902412	300813.781544647	296467.682024306	230986.575821663	246266.551468555	244886.015343851	282326.871382541	503927.130184366	589676.812867762	875057.353913136
418	8357993.10649841	3333679.83654921	1955848.36691071	1457984.93999338	1220937.66386218	1090649.15156529	988066.574329248	933770.171215205	814586.288213102	714638.455340826	660474.208997399	623808.667216642	623680.420849999	664446.632015429	799153.57927788	806521.267764963	827123.001642407	289742.150902412	300813.781544647	296467.682024306	230986.575821663	246266.551468555	244886.015343851	282326.871382541	503927.130184366	589676.812867762	875057.353913136
420	8217199.31097619	3294635.5469576	1948664.68611696	1449687.44519676	1214513.35039617	1086976.96305641	981605.265637742	944042.897193208	814766.193749979	711239.536492903	653931.522456077	614410.29662845	616655.438723119	643442.291154352	760998.882157416	776866.764024117	852727.465674131	289742.150902412	300813.781544647	296467.682024306	230986.575821663	246266.551468555	244886.015343851	282326.871382541	503927.130184366	589676.812867762	875057.353913136
422	8040745.70919801	3249064.82789011	1918076.08467692	1434724.79942548	1204421.03180731	1079632.98288429	972103.935881779	947917.903573081	810842.96133092	705446.090660787	643014.418002641	602631.671484428	606022.378375296	620874.180263465	694097.770658533	744783.364963323	844294.346289491	350499.914032298	300813.781544647	296467.682024306	230986.575821663	246266.551468555	244886.015343851	282326.871382541	503927.130184366	589676.812867762	875057.353913136
424	8008429.60997089	3246347.15172436	1927760.6347718	1437228.45471774	1203867.96427286	1080652.43057567	969423.143174918	944354.459452711	808828.590869563	701453.257532398	634311.001281035	595123.528809896	595299.621238865	605226.733209777	646921.782580554	726726.596962519	821432.728308618	593491.722485098	300813.781544647	296467.682024306	230986.575821663	246266.551468555	244886.015343851	282326.871382541	503927.130184366	589676.812867762	875057.353913136
426	8084533.45819728	3269781.03191303	1936860.2879102	1443599.42100556	1206712.03242961	1079312.4797071	972833.293856384	930572.887826362	807700.702611553	699466.718604152	628135.04317204	590764.182102049	585518.388518514	593972.839408344	630538.89718868	733047.38028006	791142.426258088	757923.234612081	300813.781544647	296467.682024306	230986.575821663	246266.551468555	244886.015343851	282326.871382541	503927.130184366	589676.812867762	875057.353913136
428	8110845.91382965	3311691.14061065	1955189.12284246	1448094.99025215	1208053.35312919	1078279.02911033	973977.322269691	913900.243287777	805145.039841433	700106.914509701	624222.394561982	587427.631243935	578562.650797297	586444.903032298	615777.503315359	742387.310159567	761530.476612914	830083.851836167	300813.781544647	296467.682024306	230986.575821663	246266.551468555	244886.015343851	282326.871382541	503927.130184366	589676.812867762	875057.353913136
430	8175222.72127729	3323387.47221123	1961495.49955467	1456017.04080699	1204374.00370071	1071699.01230289	971624.574517564	904856.729761861	807515.55718253	700020.556498726	621233.726634985	583468.44816995	570896.388531388	580218.719685734	599735.880387931	722609.353912473	731926.757129772	847444.763153468	300813.781544647	296467.682024306	230986.575821663	246266.551468555	244886.015343851	282326.871382541	503927.130184366	589676.812867762	875057.353913136
432	8249339.14368764	3348532.39622142	1966097.29756014	1463753.18011084	1206906.34231767	1071241.10499098	972584.600084239	903556.597891576	821054.028193324	703887.759489419	620750.650133971	580878.11345783	563564.636689013	575794.977453266	582158.128109811	676619.211249085	705882.351559781	838548.861221622	350889.473578678	296467.682024306	230986.575821663	246266.551468555	244886.015343851	282326.871382541	503927.130184366	589676.812867762	875057.353913136
434	8328252.93961193	3372659.05964468	1957095.54240713	1469400.46914881	1208102.24537244	1072294.34137037	973144.37405135	903791.105395176	839672.978476272	710385.493829354	622734.627218669	576934.742213128	558712.925518493	571229.7496296	568446.322025983	620533.126614923	689172.878815041	815577.158865607	594989.826023662	296467.682024306	230986.575821663	246266.551468555	244886.015343851	282326.871382541	503927.130184366	589676.812867762	875057.353913136
436	8490119.02505835	3418421.5127961	1985980.94997896	1480291.03371866	1215192.1125347	1077462.16104211	979888.072027654	908620.882357054	856061.996611427	718637.45298332	629097.839764481	574087.939047617	559216.148462761	567872.079639554	561394.434567656	597409.264727811	692918.553092879	790157.136253546	755049.409799911	296467.682024306	230986.575821663	246266.551468555	244886.015343851	282326.871382541	503927.130184366	589676.812867762	875057.353913136
438	8524164.68709511	3428757.08370492	1980056.33606812	1483602.17974087	1215584.66275125	1078348.38006509	979646.924939411	907180.219972504	855861.698194919	722618.242537878	632200.947486666	573072.989971334	559071.819923404	560772.765271664	554662.911359563	588589.534189192	712414.614980336	762181.273021115	827691.463578125	296467.682024306	230986.575821663	246266.551468555	244886.015343851	282326.871382541	503927.130184366	589676.812867762	875057.353913136
440	8284830.03017285	3352734.35505267	1939441.52100464	1462242.47946228	1201660.0488403	1071163.54392961	971339.862242048	902771.423264941	845822.380803221	719009.909057479	628933.332944716	570040.470584432	555571.61618396	553709.072205226	546836.965166888	575904.715339791	703745.443504837	731424.494070478	846513.437613854	296467.682024306	230986.575821663	246266.551468555	244886.015343851	282326.871382541	503927.130184366	589676.812867762	875057.353913136
442	8143109.40683166	3306503.49476513	1914231.30507879	1463005.57427665	1193541.89082429	1061828.34829989	966671.221052347	900006.701863574	826208.570599141	716034.2152344	628243.644205092	568680.15123218	554389.818637102	547632.540373008	542180.973520699	560889.487319864	664505.169975278	703162.219938142	835268.821193035	361428.977741082	230986.575821663	246266.551468555	244886.015343851	282326.871382541	503927.130184366	589676.812867762	875057.353913136
444	7943377.40426931	3256550.86107775	1887525.64053794	1461435.70975197	1186525.45850592	1054746.59406626	957665.133068558	895036.387559381	815184.517030205	717977.483197839	627706.547018065	565861.0116437	549940.876732496	542958.310744951	538784.812719041	544837.519530469	603917.913235476	680419.433192458	809525.391708218	625794.38635562	230986.575821663	246266.551468555	244886.015343851	282326.871382541	503927.130184366	589676.812867762	875057.353913136
446	7806639.03449126	3203417.80050412	1873902.90866352	1451192.06002911	1182552.64155947	1047655.18870872	949605.487980152	889695.461352718	810321.215233237	726476.486415635	630269.011507283	565277.664343035	545712.826979621	538511.045573254	534735.952286751	533430.853318946	567839.527493864	676890.349603532	780612.714469141	801990.245563781	230986.575821663	246266.551468555	244886.015343851	282326.871382541	503927.130184366	589676.812867762	875057.353913136
448	8361094.32288504	3427992.92846759	1969303.32735528	1500621.54246627	1216360.89652539	1071205.59688608	968776.888395945	905700.466998394	829478.74116055	756441.107841191	647101.129800537	579687.723656725	552802.507695942	548868.089824978	543515.467019959	540459.297880099	571807.5238902	709551.000703481	762329.744232761	868841.570442318	230986.575821663	246266.551468555	244886.015343851	282326.871382541	503927.130184366	589676.812867762	875057.353913136
450	8500893.83447723	3490343.8623622	1999677.00945317	1501782.76350172	1225745.00911636	1076999.08988849	975084.044693083	910966.175377472	833878.423603398	773475.480657321	653432.046961589	582871.774484245	552314.291890672	550706.26077387	542383.069404984	539963.108113592	567713.231182654	724036.873884556	740972.083042054	886614.549148824	230986.575821663	246266.551468555	244886.015343851	282326.871382541	503927.130184366	589676.812867762	875057.353913136
452	7952564.6315228	3286843.15947775	1898720.80391893	1426572.9221215	1189487.76740213	1051366.0778733	955697.255107307	893321.460156228	821022.992579545	761903.837951364	642671.864674932	572081.67060137	541514.229454591	540716.863549299	528180.555624674	528497.688647067	549583.724069922	689374.021959726	704583.768997922	873773.813280279	313398.57332901	246266.551468555	244886.015343851	282326.871382541	503927.130184366	589676.812867762	875057.353913136
454	7683534.14996905	3204424.51343817	1859876.83705229	1396007.49475725	1171691.97164484	1041032.01553872	947792.321044429	887002.160277421	818563.287382228	749237.018309142	636333.894206353	567515.635124043	535492.997162414	534779.551445719	520218.034618493	521369.930606029	533319.434882301	627853.352855257	677479.671296131	844425.559715933	598972.363822458	246266.551468555	244886.015343851	282326.871382541	503927.130184366	589676.812867762	875057.353913136
456	7988605.41408	3293566.45078399	1903270.01776153	1422016.84770379	1199769.13083027	1053363.43788252	955833.711143373	891522.854288519	827635.76054349	739180.861463964	643838.208204213	573791.235973671	540049.817908574	538344.546274405	519682.756344033	525044.974834754	525638.180664371	584863.153418096	672059.752911681	818169.496727633	783062.059570322	246266.551468555	244886.015343851	282326.871382541	503927.130184366	589676.812867762	875057.353913136
458	8056904.1452841	3302942.32403843	1922162.87282877	1424603.64553409	1220611.98445341	1058284.73792266	961445.332860755	890587.652712782	829241.718669051	731581.879596315	649954.268164116	578584.42309331	541190.305917788	534502.900233564	515965.741465607	522293.400560392	518416.373099934	570158.881106258	690132.66529995	788210.061541385	867756.095682078	246266.551468555	244886.015343851	282326.871382541	503927.130184366	589676.812867762	875057.353913136
460	8371831.35832258	3405679.19833787	1984795.01296917	1464078.70203806	1257060.22268111	1075185.19793857	974824.69854955	898279.887872919	837369.201934592	738626.742732627	669902.453146753	587563.914860017	546032.320441118	534605.161401019	516611.444135508	521252.859111274	519421.047038682	569114.241689338	720121.149721146	765819.908979762	887506.772963041	246266.551468555	244886.015343851	282326.871382541	503927.130184366	589676.812867762	875057.353913136
462	8371831.35832258	3544804.80801257	2054355.08675341	1500278.89389651	1289710.25460565	1095269.50565166	983065.294723405	906824.150356542	848529.333426932	747957.359825286	693768.643785809	597773.450870207	553160.933853119	536479.68976462	521358.113598806	521464.572068072	521260.653689438	569182.352269865	715886.38905806	746608.635903356	880627.690253275	288014.0558208	244886.015343851	282326.871382541	503927.130184366	589676.812867762	875057.353913136
464	8371831.35832258	3513268.74518947	2052336.84922547	1495485.54354475	1277722.60776302	1093173.87728326	979457.260167971	904513.320287041	848988.908991876	749011.712659964	699985.625221404	595416.958646925	549563.454065324	531431.187542744	517922.115805953	514069.835311895	514844.355369419	552505.225905282	666670.866895693	717367.591585679	854487.18962187	547006.75929793	244886.015343851	282326.871382541	503927.130184366	589676.812867762	875057.353913136
466	8371831.35832258	3942064.58561215	2266611.95446081	1624212.5469724	1337792.80282509	1147408.11615522	1025813.80332219	938393.999612915	879333.533619984	777001.769800133	720311.069811239	617663.003899332	571377.532776841	551419.377629472	537276.433372589	529804.676045774	534219.586727712	561342.282341584	626827.161622867	722955.255944469	844431.237016503	705109.197941632	244886.015343851	282326.871382541	503927.130184366	589676.812867762	875057.353913136
468	8371831.35832258	3897072.92803317	2247195.29134741	1611138.87796504	1312902.05620942	1143281.11832299	1019552.28766189	936624.029939445	878888.530301645	777310.55422266	705569.238447232	614506.846288061	570783.705514858	546854.053420214	532269.662439715	520755.086537574	527622.435447234	545311.23302803	594546.776171806	715614.85801828	814014.96101776	803796.522637577	244886.015343851	282326.871382541	503927.130184366	589676.812867762	875057.353913136
470	8371831.35832258	3620472.3423346	2111975.67314648	1526852.48859563	1249285.78500879	1104779.88823345	995236.021494804	915513.502325378	861385.127858353	761731.908393309	676252.744128233	600569.090430868	556630.076108263	530459.731759193	513313.407627675	500562.409152554	507509.744481377	520232.057707023	565490.786959521	721669.449023509	766031.013525715	838931.503039364	244886.015343851	282326.871382541	503927.130184366	589676.812867762	875057.353913136
472	8371831.35832258	3733411.75363578	2157500.99234581	1556680.86325711	1266898.50854831	1131736.09622241	1008401.15597469	923720.216495676	868853.469562396	773132.351424604	676012.185771773	614447.343107266	565349.711090412	535874.364022956	513235.977187506	500841.098803554	504979.367541713	518674.5264896	564009.772935629	743885.2325547	741572.045518338	837479.270852419	304111.153920351	282326.871382541	503927.130184366	589676.812867762	875057.353913136
474	8371831.35832258	3490590.32187196	2022121.59397932	1485450.43053646	1217687.92284283	1116196.7992813	985055.092809274	905295.19147851	852797.056181933	761277.800392107	663595.904540335	617603.332486994	556439.627319791	521821.875550804	494970.772410788	485361.997926228	485680.939853513	497076.96490121	535808.963402746	702301.054397145	694096.335263343	805949.499279074	583199.443576826	282326.871382541	503927.130184366	589676.812867762	875057.353913136
476	8371831.35832258	3400948.12630043	1945793.5076007	1445369.57735997	1192160.93408599	1121327.77687451	970423.376936382	894488.277992206	844405.096229588	754342.247807398	658756.328918856	625406.742361578	551635.6019031	516092.255995483	485062.264920855	477220.80093799	473631.905755517	484665.657698182	511726.749956895	626884.325533721	657856.389522624	765579.757226648	767329.201402715	282326.871382541	503927.130184366	589676.812867762	875057.353913136
478	8371831.35832258	3566398.59049845	2002066.17601724	1490187.57704528	1212364.46062573	1139198.59897733	983645.872058698	901999.452287994	852929.89932926	764815.438827713	668715.22477148	635133.208980963	557174.9026866	521033.013701497	488094.640635049	481200.247117277	474245.087111332	487165.444069024	502301.757198681	567889.494983117	646153.026480756	736641.14278818	831917.063685785	282326.871382541	503927.130184366	589676.812867762	875057.353913136
480	8371831.35832258	3887767.22845264	2116038.58466116	1565914.44969936	1260935.03235827	1162763.48322689	1009923.66486991	922557.687788647	872288.754695019	783246.958477494	683390.03386407	641019.326191248	569479.307188703	533402.440347041	498476.639226177	491453.532616335	480129.578579573	495729.089870017	503499.785144762	560244.465037679	670118.255047456	717993.721510909	842789.078860724	282326.871382541	503927.130184366	589676.812867762	875057.353913136
482	8371831.35832258	3887767.22845264	2124316.1941681	1580725.77767535	1266975.39571796	1149595.98488529	1012210.47268717	926042.727643644	873715.090176054	788507.976207197	689172.679430912	627021.08894914	571504.122769354	534337.497714601	497596.331778474	489145.895395067	474888.416124243	488755.563451125	495597.671016412	551081.414692042	703890.923392115	685367.658838775	825736.403973775	339046.342451653	503927.130184366	589676.812867762	875057.353913136
484	8371831.35832258	3887767.22845264	2081859.17223454	1555718.40566004	1245827.70863931	1110307.82832582	1001315.56349476	917308.353526026	869201.876773937	784502.091156165	687740.030189527	610226.4413369	568878.974960527	532526.697177546	491936.938038061	477397.755527926	467095.576047295	474263.912893313	483388.329499402	533098.994711786	699291.86717637	649130.238198166	788143.655512235	587016.819061523	503927.130184366	589676.812867762	875057.353913136
486	8371831.35832258	3887767.22845264	2062400.31766763	1549107.17051028	1237674.43407641	1091915.07402963	997917.888283458	913479.726453318	867289.637649651	782291.032278952	687107.29796906	604214.961119773	575191.86091323	531872.230131932	488165.038974769	470228.246864497	462221.440224448	464368.75867062	473994.635373595	516844.253295999	647829.40119588	615876.898469662	747174.328910382	736493.450509846	503927.130184366	589676.812867762	875057.353913136
488	8371831.35832258	3887767.22845264	2109664.58668403	1564304.94756864	1247581.79497546	1099054.14245788	1016710.53662569	920109.208582849	872368.953748742	787860.47797267	691463.273883707	607844.699483651	592453.170941875	537034.202096665	489252.697221395	467503.400464122	462915.74333278	460861.554091513	470485.342309015	500880.380188	571244.972509573	594962.607860448	712148.216267297	783786.101332389	503927.130184366	589676.812867762	875057.353913136
490	8371831.35832258	3887767.22845264	2265544.77419631	1637489.39248745	1290372.06774049	1128208.48596526	1063095.85084868	938261.363070645	886578.852259086	802723.232220674	702537.603739599	619668.725747374	616193.421923233	549382.896450856	498400.924536113	473650.181668232	471889.266869598	466915.980143595	478364.725984837	497758.466608673	534435.867867083	603583.514378153	688268.529996725	785869.587231242	503927.130184366	589676.812867762	875057.353913136
492	8371831.35832258	3887767.22845264	2385643.13350289	1678129.9798279	1321240.61551075	1141623.79155091	1095833.07791107	948331.390055824	893765.232408948	810327.077772797	709196.464327371	626727.743021451	622467.441914706	552860.821125668	503356.325084608	477832.273447077	475046.951331508	464281.68794969	477415.659878376	493126.109559989	525596.887084706	646702.904930205	661526.160476183	765882.313687489	549882.496680889	589676.812867762	875057.353913136
494	8371831.35832258	3887767.22845264	2436674.57150309	1666247.47860492	1314963.19096172	1130296.03272498	1096611.96074956	941935.880407979	886380.426155017	805500.705052752	706144.41885484	624228.486906403	606787.253442804	546944.519623467	498017.61434454	471201.81719316	466564.61743358	453037.558467149	463693.958728133	479109.155243041	510333.08554723	664341.774809873	623134.648464167	728439.31786125	837775.506966083	589676.812867762	875057.353913136
496	8371831.35832258	3887767.22845264	2545721.83522743	1674588.70667357	1320525.25050726	1130542.00691971	1086287.70498352	938662.642674734	883964.307522939	807260.841239051	709691.497666737	627409.472011187	590542.029871258	544379.05867171	498036.171408322	468748.317994785	461474.034042114	448306.332179029	452900.913155689	471980.269950944	499333.255803696	631714.141929311	593406.918672831	688593.799720578	962361.280815181	589676.812867762	875057.353913136
498	8371831.35832258	3887767.22845264	2672414.92858075	1696253.97801628	1343181.08290274	1133037.87122254	1069820.90657562	938919.720789324	886483.68125566	810861.015751629	713691.46505216	630618.255385163	582621.178731739	549070.765810013	502092.78997679	469632.179327637	457538.133547277	446438.012350842	447696.818747383	466283.237403372	487893.975140016	561911.032640361	569089.347247157	652138.668969549	973052.919201817	589676.812867762	875057.353913136
500	9820886.86117142	3887767.22845264	2823821.86425709	1722085.94004576	1364868.57950156	1144030.46732904	1051339.91898024	943815.203618325	888924.780815822	816006.566674183	718184.72816318	634358.196246464	584286.273935041	559869.752899864	507081.081466192	470566.601484081	454299.474034695	446187.957905733	445339.754737905	464023.342991986	475187.898722	498196.489829022	558574.537799753	620754.26856225	937343.120996216	589676.812867762	875057.353913136
502	9258688.50535736	3887767.22845264	2823821.86425709	1767903.41922947	1391005.44740296	1159324.45464333	1045003.00150204	956396.324308645	899579.842961807	824390.637993985	723897.148014556	640555.733501185	589276.820407564	581085.16672306	514031.598565129	472680.05630367	455005.060103159	449036.28406007	442768.547790749	465663.460224313	465367.716604368	480380.198681385	583597.027907699	593953.726264433	889739.936826689	644380.489476857	875057.353913136
504	8848804.56873886	3887767.22845264	2823821.86425709	1806489.007774	1416294.32883381	1172298.84133767	1050640.79740937	976702.532032934	905362.782474007	833285.429420695	729111.508397308	645497.482507408	595179.525641263	595442.51295794	517504.419273234	474932.488534606	455571.33061118	450324.501188795	440551.238322014	463716.0725334	460038.026620009	474358.918306663	628043.840504039	566891.125246793	836794.372804418	942201.477598133	875057.353913136
506	8520228.49851641	3887767.22845264	2823821.86425709	1857141.8423849	1441101.79904889	1186056.49027562	1062591.40574896	1008688.20187688	910754.050175001	839116.77200927	734621.668439395	652001.096994777	600180.292773583	598069.563592019	518466.122360344	478113.828091334	456069.425521627	449357.285509574	437087.355548568	458644.388889685	456652.460473898	470807.747836648	635818.86858076	543259.098671168	786234.387979876	1052153.22238796	875057.353913136
508	8487628.94050022	3887767.22845264	2823821.86425709	1932466.36831597	1479201.9222435	1208133.41948876	1075168.90120712	1042711.01279123	916603.768087335	843884.529602168	740817.11496961	657179.921473451	607952.154431915	590822.187685079	518715.918657718	481811.32045306	459325.917276411	448239.043933387	437869.686179739	451573.213103281	454140.220481605	464205.973888454	579238.901362291	521939.15582025	741392.96952452	1047866.84695498	875057.353913136
510	8464747.28819003	3887767.22845264	2823821.86425709	2042743.813618	1516497.05269057	1231886.27620791	1086155.63544194	1060395.300205	920212.587695621	851356.73055395	746672.790074875	665974.597208552	613973.819614033	578108.424174359	522092.930521426	486532.781188896	461362.923274113	445640.980885658	437452.785934351	450268.242448724	451155.955730922	453820.564579335	501387.948014638	509388.610747043	700505.644822209	996677.960192818	875057.353913136
512	8429559.86298728	3887767.22845264	2823821.86425709	2199080.33739711	1556699.32853961	1266269.68478729	1097269.50983979	1064995.16263075	928287.237355983	859945.162435295	755913.106154684	674471.74880959	622639.023075186	575136.409479231	528693.153662869	495038.579571047	464808.403554385	445447.735909773	441545.67812824	450454.562471563	452176.79175657	445308.835954467	469827.330603185	526786.743057973	665358.008251652	937412.977105191	902342.698527997
514	8391461.61860272	3887767.22845264	2823821.86425709	2385582.17205171	1597928.85567093	1296151.00869042	1107770.92255876	1052991.89842638	935723.710354305	869468.627485782	765355.641035661	682102.343234074	630575.820987154	580587.206095391	544705.458808322	501790.80025245	467959.986546848	445451.163421895	443207.468376314	449690.575383391	453925.141690567	438777.751943473	463080.774335198	567144.167264311	634544.434626544	878141.175034257	1179069.44398227
516	8331555.4736608	3887767.22845264	2823821.86425709	2575906.33201566	1639082.05152183	1329549.51268022	1126140.97280203	1038653.78317931	941056.809111821	880702.612417253	774588.911334532	689261.575086612	636238.808973826	585312.616046071	567392.979371138	508070.686025239	472452.893019013	447751.129368381	446838.727960038	446044.52389422	454395.676787954	437450.124802718	460597.873715962	587599.92388683	607421.492713423	821345.59019376	1236284.90911674
518	8334513.56981889	3887767.22845264	2823821.86425709	2753385.31660569	1677909.76629056	1359373.77760489	1142794.30566777	1030789.05594252	951992.475385333	891933.418303317	783398.043479467	696237.761409709	644360.10173362	591486.809909963	584215.756150708	512180.633085019	477915.024788892	450026.866620906	447678.213731657	445456.143067032	448518.852350739	435171.828894492	457544.584603592	563688.132731418	580556.583064088	770855.950841076	1188096.67380057
520	8395350.64224046	6207034.64034482	2823821.86425709	2929770.47997254	1724669.92679055	1391335.17066266	1163373.06604369	1040049.21942034	970712.478576997	902794.444351782	792344.701925484	702604.256007986	650020.54841514	599627.340318096	587044.744083833	513143.382594169	481986.610879518	454477.362118394	443583.45749822	443832.016812825	443340.944820286	434302.007730607	451127.476006002	487346.701200891	559378.947847352	727446.480541026	1106495.50217833
522	8379577.59189005	5887480.58620188	2823821.86425709	2929770.47997254	1779319.33834805	1418632.97434816	1184178.71229776	1054651.6224252	1000770.21261553	913882.764573113	799880.850392022	709992.175382631	659203.560968715	608331.689014955	580747.648116245	515230.735148592	486460.382047214	459000.868869313	440814.486242032	445939.912859042	441862.299076242	432341.278679063	441813.628737875	440367.723486167	554424.50531294	688734.615284935	1023101.31572977
524	8360757.89251272	5589127.65660218	2823821.86425709	2929770.47997254	1840773.35429886	1456065.2452834	1207461.88415715	1070309.00459501	1039252.62825614	925302.262973954	808804.936888619	719567.911679424	666812.328878597	616650.920091262	570677.075111351	521506.623848802	492690.037446412	463221.055070421	438797.448825309	447279.53514623	442570.320414493	434346.28791105	434191.185780619	428445.541975329	589240.417801482	654896.742050882	946641.774807605
526	8326063.94933577	5367810.14946561	2823821.86425709	2929770.47997254	1920458.75513298	1490928.9876543	1231101.96004006	1084934.07548257	1069162.41292067	936294.594302274	816896.926599374	725750.393368928	677124.863466411	626898.908631464	565166.42191976	531195.709386877	500505.264914107	468344.846091588	438941.6515778	449388.45265312	440563.183760071	435532.887203028	431933.128067504	424857.180260489	652460.631245765	624872.878336923	879858.249519168
528	8353497.34099444	5192626.2027328	2823821.86425709	2929770.47997254	2031809.6404452	1533111.67476698	1264275.30592606	1100153.2281157	1077273.97519956	946492.370265232	824613.798059674	736567.555203614	687496.239304673	636535.970617586	571367.355625155	547835.753943892	507736.915950525	473563.58539693	440939.455267401	452035.839968609	437979.96996554	434467.516090907	430222.075317637	423644.834100631	651630.649347549	596787.039121982	824431.84562284
530	8360068.42881434	5047366.37748577	2823821.86425709	2929770.47997254	2186453.19003767	1582504.13483607	1296485.8982132	1112437.47041287	1073279.46351926	957848.632367145	837672.181727346	744714.457292057	696118.014701346	643517.155773163	576403.459237252	573754.262707044	511727.253983668	478282.096390985	442489.626200806	452829.657371013	435964.38298897	431379.068052725	430393.857049091	420032.659003539	583684.499527075	571219.181520106	771109.656510521
532	8431184.16764282	4924390.60739555	2823821.86425709	2929770.47997254	2380045.43587347	1633493.91858884	1337442.61784046	1133184.23336818	1055805.47669607	965849.408281993	848960.965345876	758495.360873539	703964.379560829	652448.839816977	584932.09612162	592209.640798846	514657.109815518	484342.107763471	444283.107225412	452339.998917993	435721.804230257	428119.573033398	429366.848460058	414132.015078537	502634.883504009	553093.346716649	727888.893980963
534	8584310.72030237	4809698.11369584	2823821.86425709	2929770.47997254	2590720.00355201	1683491.24404825	1370848.71187265	1153590.3437417	1043705.78286588	980509.073814203	864140.102945307	769749.967485492	713122.407050045	660573.890084659	593138.663068578	595622.849941507	517601.203519029	490271.114569765	449286.350281562	446535.593587626	437655.034538517	429130.328191484	428934.408487809	406468.594078234	473461.926122869	559442.462814096	686711.485217203
536	8639467.56072788	4688063.42866627	2823821.86425709	2929770.47997254	2778517.97903612	1730614.3387453	1405681.49558738	1178797.20367096	1050152.95933467	999877.751404997	877953.014736557	780066.011472741	721046.936410063	670246.996133142	603810.126220156	585852.784738708	519923.442420742	496894.220453339	452257.664110982	445694.003683988	438079.555570846	428664.363966978	429686.314816808	400529.404987566	464881.743314136	614496.273677863	653416.772682069
538	8845713.75637978	4652537.42607698	2823821.86425709	2929770.47997254	2946898.20504597	1785260.00560502	1438000.49645544	1201667.47221557	1067194.38535221	1032288.11769281	892280.222738128	789396.508817731	729562.182660029	678907.885568662	613448.267288857	572908.336025451	527727.743828472	504619.782269466	455201.746327675	442999.728207208	440799.359305936	427635.260815615	433343.758513596	400791.41251337	463608.379313226	673114.155590628	623001.725628794
540	9177176.58689708	4649291.12040337	5637896.68999853	2929770.47997254	3138138.05312693	1844058.67676254	1472553.79766104	1226031.07303639	1083970.62923398	1076375.29765625	902171.839493354	799806.297104352	738900.145980683	688361.305580843	622730.987919195	568814.167889614	541358.383290248	513656.537484745	460580.296939434	444920.68753848	444790.176110314	426732.973381186	432599.144082083	400185.467622276	461647.04031229	646439.352356812	595654.454735102
542	9513498.44737372	4724066.28407082	5382027.92419973	2929770.47997254	3138138.05312693	1915872.73316886	1519140.24598058	1255142.04003039	1100440.16745441	1124165.51783664	916949.218115144	809507.95808547	750894.605717826	700253.203313654	632983.318406008	576583.17960456	567588.432393997	522312.595715819	464402.059684712	446872.62101221	445827.176553931	426629.071484527	428481.074074741	398959.208603282	457849.82331548	560367.58141987	572012.564494411
544	9673075.60144936	4799929.68453256	5054145.34029932	2929770.47997254	3138138.05312693	2008094.06872752	1563229.26088592	1289392.16893371	1124355.67029874	1148294.92306705	929948.600244495	824178.455705488	762354.257764697	711555.704142555	642091.916077637	583337.94795218	594537.313390966	529230.283826481	467729.306879134	449121.407592422	444415.839141312	428380.045509732	426583.799333745	399204.30366652	449353.717293008	489104.035540018	566126.1963113
546	9701885.46768275	4835513.17631706	4863402.94322757	2929770.47997254	3138138.05312693	2126205.87961459	1613380.23663821	1323780.77462324	1142546.8373438	1152357.26676604	943552.818187811	835868.212711952	774147.837111215	720278.454010899	651654.106313763	593389.619661841	606859.552857231	531123.286739843	472149.396893157	451865.679483777	443455.99304469	430398.642113121	427628.331676262	399854.285531812	441218.464990432	470228.547698691	602075.569064478
548	9740297.63788866	4830315.56761106	4696263.93423348	2929770.47997254	3138138.05312693	2286132.06518919	1661943.52810775	1363182.91006003	1158486.45156424	1139461.72581167	956705.072571386	849235.283814661	784482.842206605	728989.187660619	657816.59134837	600737.470925936	602221.200900303	534392.526771471	477289.470378562	456510.69407627	439129.777231864	432588.776411277	428610.611578295	402367.734499377	438760.047788894	463725.915991573	673498.600849172
550	9727739.1231605	4813338.66372337	4537177.87307003	2929770.47997254	3138138.05312693	2488946.26781372	1714024.48270098	1405338.48794797	1181309.86340855	1122905.19114081	971036.774603366	862305.993772184	796126.883497053	737457.320496555	665871.745946676	610447.58268	588313.440869815	541033.495729781	482152.154875552	458481.096047133	439653.096454757	435425.90375053	428820.182639312	404159.831446297	435478.105820781	462788.309077106	690540.346883779
552	9722259.44315589	4796869.73022325	4365255.34959756	2929770.47997254	3138138.05312693	2731532.56669674	1780384.21932304	1447449.31935846	1207941.60002083	1126414.98543127	997505.606442002	878158.700977645	806253.072733409	746153.243431375	674676.456285	620489.644645555	577804.410864573	554521.978682023	492797.354436067	462947.831211266	439412.966230826	439121.676235907	429193.548829255	403319.585742013	437046.822422032	461840.858149844	633927.452859316
554	9698750.94850339	4791579.33472289	4213541.1370825	2929770.47997254	3138138.05312693	2940381.19500151	1846663.16479905	1491231.63620773	1236787.79683007	1144646.14987753	1037162.38406428	892286.523008009	818773.514831443	756444.863895693	684794.940592248	629256.023011564	580526.294692985	575573.403797797	502994.703502774	464440.556184817	443099.579055667	445024.6552459	427908.743291328	399665.607719548	436239.924650965	458702.619031169	539495.463710714
556	9603927.56303593	4758350.72600844	4032006.17839962	2929770.47997254	3138138.05312693	3113837.3144315	1924784.39459277	1540054.30072122	1267298.72637935	1166202.09186663	1092549.48701915	904989.692269732	827579.433716608	768028.219934005	695679.376720048	638520.494413411	588006.644843761	606419.573724361	506530.162842001	467775.019327358	448220.069316656	443451.917976245	431752.381007462	399340.22882703	436065.234142545	448864.296508638	491753.340778279
558	9625542.3191011	4737448.0985467	3910554.99088934	2929770.47997254	3138138.05312693	3283529.59749566	1998602.47461308	1596914.60703529	1302457.36778424	1190276.73645139	1142583.4519896	920724.440181069	839936.538140069	778623.025014613	706010.706534319	649897.944662011	596738.063934974	637071.580632834	512486.225276228	473216.206145882	451314.272670673	441128.884822226	434089.774736861	403487.124593939	438108.640443119	442118.287793839	482555.940030482
560	9631283.14711538	4735155.910477	3809259.85675159	6230107.2657777	3138138.05312693	3466775.85026299	2061058.21287916	1646485.43728372	1342193.09470169	1213535.84396053	1171085.1475324	932642.464181185	852595.608496732	792660.731221574	718465.418409607	659452.487474866	605352.761701962	645949.692085024	515677.346356556	477514.167968304	457114.774269993	439739.106464908	436510.305000245	405446.371435285	442359.687508464	439917.789552452	479766.499620461
562	9601661.20229755	4731047.68703598	3743680.84584171	5726224.51701199	3138138.05312693	3466775.85026299	2140655.17240737	1693071.1953705	1380574.6685907	1237049.1525795	1179759.01985549	947247.769211314	868662.984551403	807053.351765523	729138.741650742	669989.010715336	616086.28286686	638493.907664013	521381.526444586	484818.440764755	462341.790440159	442894.404290115	442353.718821435	405668.842843177	446034.299333541	440031.003317601	479721.526786837
564	9613623.02868222	4700256.71275091	3686687.32931438	5283944.29725434	3138138.05312693	3466775.85026299	2246797.05006555	1732256.10315	1416582.29915884	1255691.40262403	1172542.54337837	965126.877632134	882477.464172007	819204.743631784	740612.205990022	679208.541148458	627038.489440909	622531.732235414	531287.808140858	492212.929932636	466616.59409578	444889.61830747	448225.549781101	406836.59757926	443232.687091173	439438.017902591	479416.859681587
566	9651193.68764582	4710617.12552913	3623683.45323941	4983181.07346092	3138138.05312693	3466775.85026299	2392012.04380176	1781958.29273079	1451513.74204586	1274969.98162268	1158700.59061891	987706.087241809	899386.540269286	832723.528177472	749353.655050558	689064.144602482	636396.32541132	613897.056000998	544575.242246753	500983.696532814	472208.562868299	448743.659786608	452806.325774397	406303.526801835	440375.207053066	439106.273580879	472787.725240968
568	9642455.57193697	4678620.81601984	3563447.50340538	4757595.72285195	3138138.05312693	3466775.85026299	2583830.85201281	1831484.6586611	1482327.52868431	1291085.51401842	1156246.95572733	1015735.98115238	915221.9073313	844334.507259674	760771.009200319	697265.018147207	646111.735761332	617543.614360597	570265.890508854	510114.493827699	475053.834798397	453161.345187827	454156.990204418	409965.597082825	440617.913821949	439332.751815803	461822.483165554
570	9753383.5559701	4661144.27273871	3519280.50608199	4551111.73449284	3138138.05312693	3466775.85026299	2814205.54773392	1884254.69203803	1519578.53661455	1310093.76931518	1172554.07133053	1052713.07097952	931272.439913434	854680.586216863	769229.196654339	707228.869377723	654315.46180569	625205.186043748	606560.721070069	513858.601048731	478648.328105835	458255.844895919	451789.359354314	411619.646924257	445232.012955542	441149.198781525	457006.299702053
572	9737901.65147683	4637492.29682024	3485715.78800454	4359836.2334927	3138138.05312693	3466775.85026299	3020776.89441312	1940297.50231343	1557478.33936288	1334791.4720036	1194244.2647571	1110439.11454299	945235.831080858	869397.801781046	783854.450510168	716703.150912549	664944.039794504	632983.679179462	633034.051509015	519340.964060762	484087.229316529	463057.312862265	450481.644192277	415871.233007162	448518.261583375	448335.39005769	454123.477296791
574	9751324.5283524	4623986.986671	3451514.86580974	4168999.45580569	3138138.05312693	3466775.85026299	3182001.65628179	1996904.03353789	1597765.81148664	1361323.12585644	1215002.85304247	1156876.63230292	957288.697543454	878915.093216336	800751.605425864	729471.762527798	676150.369189831	645336.462174503	633997.585981813	524044.398059977	491516.273778924	467744.518118223	453091.538940189	420723.103908305	447706.624194092	450802.535281725	454073.816988844
576	9786182.06525905	4573281.7648101	3422215.0777927	3978695.34224317	3138138.05312693	3466775.85026299	3323824.69992221	2055277.78925781	1637201.45856877	1386519.43652385	1237791.5486542	1182714.93650051	967354.072454521	890646.572075294	812382.065216309	743786.207887234	686719.30464458	655802.516244188	620175.408705555	532067.604696706	499340.98306557	471511.928723911	456275.505565748	427189.965435978	447404.684971286	449785.268235456	453371.13497887
578	9750384.91504904	4585225.71739212	3403572.14741253	3791236.66968783	3138138.05312693	3466775.85026299	3479482.75332093	2124937.70765813	1679974.35256072	1416024.63425181	1258875.90036475	1187581.76354233	982182.337996513	904304.973792171	823166.058076695	756508.710172788	696501.305611459	665874.188079175	604383.588634297	540019.681272225	507854.377037348	476625.228459808	461853.340785246	432202.732626826	449181.145301821	446061.945234071	453589.731317306
580	9812454.82781417	4608973.43597402	3418821.96320548	3668452.60169824	6146945.69203157	3466775.85026299	3677855.08997723	2207574.32673368	1733665.8436624	1450837.88325344	1280857.1671304	1174442.0868063	997225.644823334	918880.896114659	834669.459062038	766801.265088174	707610.021843822	678728.409410304	599693.428395624	556457.792340119	519205.615889247	483566.764906638	466694.355292899	432591.933234956	451915.33170682	448202.218619075	454874.823875068
582	9836489.31053478	4631094.50670411	3402841.6765646	3584784.00232751	5677022.70255014	3466775.85026299	3677855.08997723	2311717.01515356	1783256.99708428	1489794.09041625	1305249.23828577	1156519.5880213	1013350.22410186	932474.770319668	845934.295714164	773510.59240543	716071.014777317	689561.947217152	606532.501903004	583626.431812165	529045.679423747	489649.133449866	470809.778384081	432495.447536912	455116.045116141	450718.765902643	458459.552868639
584	9821058.56478889	4612597.05711042	3371967.38199185	3490949.15846363	5250109.728226	3466775.85026299	3677855.08997723	2448581.8238257	1834662.84077325	1529134.41123327	1326162.39257952	1154040.10291818	1039482.42749853	945637.623002537	852559.777830294	784699.257106857	724982.138980938	695555.856303338	618496.530781354	619095.533006252	533952.260895414	492445.918862444	474555.852630808	431541.991546665	456380.11108134	452844.820528669	464095.458231084
586	9788672.06830366	4604781.32820696	3361704.42821515	3427430.84203306	4947755.36664547	3466775.85026299	3677855.08997723	2627054.22046242	1894890.59989972	1569315.84553015	1356450.13768667	1171033.27737447	1083724.45375041	962803.443704911	861121.892957774	794942.705277634	733051.349973682	702631.265428839	625716.270591144	643880.14723801	537841.08084077	499650.540056356	479189.543933279	433215.311576524	463692.679812529	452758.758506851	464639.006778664
588	9770281.86946051	4629776.53339267	3343036.71251135	3359643.01379189	4747375.14351698	3466775.85026299	3677855.08997723	2867593.13515599	1948613.54593791	1610751.68772702	1387399.91967047	1195993.27809052	1139103.56877432	975078.44940237	870984.847925471	806555.545770551	740427.962950037	708541.631825141	634250.590346091	645555.250595367	542787.247088954	505480.922574165	483871.105740713	435598.613176894	469787.985753478	452395.702953671	462051.307795067
590	9836207.30705266	4652561.74692256	3315328.35617279	3310404.62668333	4554445.67847102	3466775.85026299	3677855.08997723	3094448.53311369	2002772.94729492	1649914.42299058	1416229.97381769	1221529.92964549	1192426.11299273	985746.393823602	879287.6247042	815954.380578344	749069.714119412	713887.806649588	642524.886896183	628934.638253611	550428.040091412	515511.99290281	488026.858603181	438577.205136873	475535.677195747	449818.240234563	459675.543272491
592	9828384.28770941	4683547.93006074	3297351.07451017	3266851.62471971	4387624.78753776	3466775.85026299	3677855.08997723	3276526.51269057	2066485.8246626	1686134.34994609	1448139.77820745	1244999.20430768	1222817.78531356	1002461.44722367	893062.661736226	827516.338966788	759576.036368047	717833.465068445	654191.657820767	608443.688073997	559794.618429548	526538.686632449	494518.109075143	442225.262915952	476723.766342434	455091.412301742	457901.506231869
594	9942394.95709095	4708425.46340053	3285223.74142728	3225904.47622659	4206463.33048538	3466775.85026299	3677855.08997723	3406347.30333138	2128491.82601234	1730574.29195542	1481431.48691508	1265801.58853823	1228058.73346339	1016598.47736678	906272.390496397	836391.260251997	767575.06969841	725638.591602042	663788.525167134	601909.947479266	570745.88568786	535964.548989098	501496.272583427	444978.589695283	474765.179140502	457911.66124332	462105.313261471
596	9896306.62156802	4717245.27076878	3259994.28469504	3203254.16887225	4019044.16333631	3466775.85026299	3677855.08997723	3539589.84005351	2185748.96356794	1773497.12957664	1516629.64198237	1289530.0037185	1217265.79194609	1031966.57992173	927060.316863069	850571.127612029	778780.389174842	732367.671260479	673562.918927694	606306.976774952	595919.671203034	540330.445502745	503243.382892813	451743.412474812	474697.191476888	460243.261117349	462373.388681378
598	10045678.8347111	4726808.33027565	3255143.35635663	3170442.58519455	3822605.92861936	3466775.85026299	3677855.08997723	3679465.39223405	2261698.13855717	1831746.53122746	1562823.26518502	1313201.58439003	1198975.63404282	1051037.20022	942787.324185919	860394.906024223	787389.136014859	744057.294625165	684523.936602737	616258.620868536	628813.158958242	542626.665834094	508615.879321251	453937.52154569	475573.159157875	468810.02191061	463492.041853799
600	10032620.9678465	4736206.34176478	3254251.28036633	3153729.32636552	3632451.55752243	5918907.00284792	3677855.08997723	3883496.63101212	2355032.90320158	1878413.75336754	1607982.92520447	1341645.81999872	1195765.34261793	1076933.32457437	960235.15837911	872555.153832886	799180.822743996	752582.400272746	696920.644490622	624208.726393741	652632.511507214	545480.662076897	514344.884802331	458919.568798334	479008.042531688	475082.607987193	461590.341807476
