Wavelength	240	250	260	270	280	290	300	310	320	330	340	350	360	370	380	390	400	410	420	430	440	450	460	470	480	490	500
nm	CPS / MicroAmps	CPS / MicroAmps	CPS / MicroAmps	CPS / MicroAmps	CPS / MicroAmps	CPS / MicroAmps	CPS / MicroAmps	CPS / MicroAmps	CPS / MicroAmps	CPS / MicroAmps	CPS / MicroAmps	CPS / MicroAmps	CPS / MicroAmps	CPS / MicroAmps	CPS / MicroAmps	CPS / MicroAmps	CPS / MicroAmps	CPS / MicroAmps	CPS / MicroAmps	CPS / MicroAmps	CPS / MicroAmps	CPS / MicroAmps	CPS / MicroAmps	CPS / MicroAmps	CPS / MicroAmps	CPS / MicroAmps	CPS / MicroAmps
300	33890.2398234204	404.831190819614	368.269971938271	67.9785462669535	80.6299403151917	94.3867600431199	8025.35667849186	38.8831252433573	38.4242054110716	18.1310885994978	23.7547077384839	23.4713709306883	13.2400079259536	13.7613199067805	19.9638151398112	16.5309463727362	23.6470911519598	30.3822932755786	35.4226564246325	48.0384599415604	46.2756406730182	43.1042892939391	40.8839449797498	35.1298960237477	38.1835887676447	48.9647873421912	40.3496451444045
302	26774.7280707228	600.17632167337	160.296963151238	144.408666423241	152.072304090749	129.545440409435	30.4881451905973	38.8831252433573	38.4242054110716	18.1310885994978	23.7547077384839	23.4713709306883	13.2400079259536	13.7613199067805	19.9638151398112	16.5309463727362	23.6470911519598	30.3822932755786	35.4226564246325	48.0384599415604	46.2756406730182	43.1042892939391	40.8839449797498	35.1298960237477	38.1835887676447	48.9647873421912	40.3496451444045
304	30072.4823008499	563.959336554112	175.729773942656	196.139368079102	71.4586913773572	91.3526921360047	30.4881451905973	38.8831252433573	38.4242054110716	18.1310885994978	23.7547077384839	23.4713709306883	13.2400079259536	13.7613199067805	19.9638151398112	16.5309463727362	23.6470911519598	30.3822932755786	35.4226564246325	48.0384599415604	46.2756406730182	43.1042892939391	40.8839449797498	35.1298960237477	38.1835887676447	48.9647873421912	40.3496451444045
306	24919.5946444666	338.631876041777	94.6210333783719	142.123506999803	76.9893940574474	78.8794762827941	30.4881451905973	38.8831252433573	38.4242054110716	18.1310885994978	23.7547077384839	23.4713709306883	13.2400079259536	13.7613199067805	19.9638151398112	16.5309463727362	23.6470911519598	30.3822932755786	35.4226564246325	48.0384599415604	46.2756406730182	43.1042892939391	40.8839449797498	35.1298960237477	38.1835887676447	48.9647873421912	40.3496451444045
308	22444.2876125621	411.816541915461	156.729990891602	94.0858164663185	91.0621403088982	74.545251959434	30.4881451905973	38.8831252433573	38.4242054110716	18.1310885994978	23.7547077384839	23.4713709306883	13.2400079259536	13.7613199067805	19.9638151398112	16.5309463727362	23.6470911519598	30.3822932755786	35.4226564246325	48.0384599415604	46.2756406730182	43.1042892939391	40.8839449797498	35.1298960237477	38.1835887676447	48.9647873421912	40.3496451444045
310	18456.1828677347	387.933506748948	126.663463406131	139.387610243962	77.2344281174589	89.5791561556607	30.4881451905973	38.8831252433573	38.4242054110716	18.1310885994978	23.7547077384839	23.4713709306883	13.2400079259536	13.7613199067805	19.9638151398112	16.5309463727362	23.6470911519598	30.3822932755786	35.4226564246325	48.0384599415604	46.2756406730182	43.1042892939391	40.8839449797498	35.1298960237477	38.1835887676447	48.9647873421912	40.3496451444045
312	18307.3756543888	284.645445239124	139.376343025365	71.7938744739038	97.1469102581217	54.3171643495904	57.5424252319061	38.8831252433573	38.4242054110716	18.1310885994978	23.7547077384839	23.4713709306883	13.2400079259536	13.7613199067805	19.9638151398112	16.5309463727362	23.6470911519598	30.3822932755786	35.4226564246325	48.0384599415604	46.2756406730182	43.1042892939391	40.8839449797498	35.1298960237477	38.1835887676447	48.9647873421912	40.3496451444045
314	14292.325123316	420.693099051034	149.732949925651	56.2383597171717	152.206429274958	39.7193945338291	58.6386805492211	38.8831252433573	38.4242054110716	18.1310885994978	23.7547077384839	23.4713709306883	13.2400079259536	13.7613199067805	19.9638151398112	16.5309463727362	23.6470911519598	30.3822932755786	35.4226564246325	48.0384599415604	46.2756406730182	43.1042892939391	40.8839449797498	35.1298960237477	38.1835887676447	48.9647873421912	40.3496451444045
316	13926.8485594701	217.46666405444	124.091329284155	117.112264430653	79.369435080886	91.328267784602	59.7894336582351	38.8831252433573	38.4242054110716	18.1310885994978	23.7547077384839	23.4713709306883	13.2400079259536	13.7613199067805	19.9638151398112	16.5309463727362	23.6470911519598	30.3822932755786	35.4226564246325	48.0384599415604	46.2756406730182	43.1042892939391	40.8839449797498	35.1298960237477	38.1835887676447	48.9647873421912	40.3496451444045
318	11422.1227482476	380.605998261496	169.480508172034	152.595838656609	55.1193972232125	56.462705034231	36.7318745274553	38.8831252433573	38.4242054110716	18.1310885994978	23.7547077384839	23.4713709306883	13.2400079259536	13.7613199067805	19.9638151398112	16.5309463727362	23.6470911519598	30.3822932755786	35.4226564246325	48.0384599415604	46.2756406730182	43.1042892939391	40.8839449797498	35.1298960237477	38.1835887676447	48.9647873421912	40.3496451444045
320	9801.84482322319	362.963306076973	161.523182074775	77.6515352283821	52.5306043878862	44.0581298166623	46.6477332013238	38.8831252433573	38.4242054110716	18.1310885994978	23.7547077384839	23.4713709306883	13.2400079259536	13.7613199067805	19.9638151398112	16.5309463727362	23.6470911519598	30.3822932755786	35.4226564246325	48.0384599415604	46.2756406730182	43.1042892939391	40.8839449797498	35.1298960237477	38.1835887676447	48.9647873421912	40.3496451444045
322	7904.8881465207	190.99356014304	187.041935628392	159.204615029172	76.0300592090174	42.5189723910034	48.7911725847252	21.8994092281157	38.4242054110716	18.1310885994978	23.7547077384839	23.4713709306883	13.2400079259536	13.7613199067805	19.9638151398112	16.5309463727362	23.6470911519598	30.3822932755786	35.4226564246325	48.0384599415604	46.2756406730182	43.1042892939391	40.8839449797498	35.1298960237477	38.1835887676447	48.9647873421912	40.3496451444045
324	8205.69082547459	337.810657077692	165.216990327076	36.1099707233105	36.6781445536341	22.7763731959115	50.7024345070824	27.1508890265679	38.4242054110716	18.1310885994978	23.7547077384839	23.4713709306883	13.2400079259536	13.7613199067805	19.9638151398112	16.5309463727362	23.6470911519598	30.3822932755786	35.4226564246325	48.0384599415604	46.2756406730182	43.1042892939391	40.8839449797498	35.1298960237477	38.1835887676447	48.9647873421912	40.3496451444045
326	11102.1252256067	295.084855217368	129.998523382355	60.6733882398889	64.6052050334868	56.8450854543216	52.1855663029285	43.4691354328986	38.4242054110716	18.1310885994978	23.7547077384839	23.4713709306883	13.2400079259536	13.7613199067805	19.9638151398112	16.5309463727362	23.6470911519598	30.3822932755786	35.4226564246325	48.0384599415604	46.2756406730182	43.1042892939391	40.8839449797498	35.1298960237477	38.1835887676447	48.9647873421912	40.3496451444045
328	6778.48077763553	254.255723686043	124.464811250695	58.1309865407379	78.7121777773954	67.0479718979545	36.6279382110284	38.8238372399311	38.4242054110716	18.1310885994978	23.7547077384839	23.4713709306883	13.2400079259536	13.7613199067805	19.9638151398112	16.5309463727362	23.6470911519598	30.3822932755786	35.4226564246325	48.0384599415604	46.2756406730182	43.1042892939391	40.8839449797498	35.1298960237477	38.1835887676447	48.9647873421912	40.3496451444045
330	5664.37505964699	215.848830577669	211.45304415077	71.4700624082905	42.9789194647756	64.0920946931531	28.6201948277566	21.2007545521525	38.4242054110716	18.1310885994978	23.7547077384839	23.4713709306883	13.2400079259536	13.7613199067805	19.9638151398112	16.5309463727362	23.6470911519598	30.3822932755786	35.4226564246325	48.0384599415604	46.2756406730182	43.1042892939391	40.8839449797498	35.1298960237477	38.1835887676447	48.9647873421912	40.3496451444045
332	6438.50961506767	259.679441370977	190.459357180069	99.1681325466412	46.4809120074972	61.593814784168	42.838352052105	22.9427523435533	28.2410879737802	18.1310885994978	23.7547077384839	23.4713709306883	13.2400079259536	13.7613199067805	19.9638151398112	16.5309463727362	23.6470911519598	30.3822932755786	35.4226564246325	48.0384599415604	46.2756406730182	43.1042892939391	40.8839449797498	35.1298960237477	38.1835887676447	48.9647873421912	40.3496451444045
334	4820.57131193029	224.181317367858	85.2892655500495	43.9034433773999	44.633449956906	44.3210031457909	32.3012772255644	26.9056071449133	29.2048940239193	18.1310885994978	23.7547077384839	23.4713709306883	13.2400079259536	13.7613199067805	19.9638151398112	16.5309463727362	23.6470911519598	30.3822932755786	35.4226564246325	48.0384599415604	46.2756406730182	43.1042892939391	40.8839449797498	35.1298960237477	38.1835887676447	48.9647873421912	40.3496451444045
336	4514.23168338795	144.019073286025	152.759386434861	77.6366187919375	52.5314988899744	24.9008952676994	45.2438763493538	21.2101655623956	20.101395389197	18.1310885994978	23.7547077384839	23.4713709306883	13.2400079259536	13.7613199067805	19.9638151398112	16.5309463727362	23.6470911519598	30.3822932755786	35.4226564246325	48.0384599415604	46.2756406730182	43.1042892939391	40.8839449797498	35.1298960237477	38.1835887676447	48.9647873421912	40.3496451444045
338	3102.42706401151	209.097609977829	125.112879683897	68.3206111091061	50.8505793892965	37.9192646185458	27.3782531809763	18.2528967742902	29.1985285954558	18.1310885994978	23.7547077384839	23.4713709306883	13.2400079259536	13.7613199067805	19.9638151398112	16.5309463727362	23.6470911519598	30.3822932755786	35.4226564246325	48.0384599415604	46.2756406730182	43.1042892939391	40.8839449797498	35.1298960237477	38.1835887676447	48.9647873421912	40.3496451444045
340	4407.8303924263	89.8921660470632	109.954525155228	59.4370924029125	35.748328140805	39.9890470076537	47.6428924777814	13.2379523321601	20.6886235044454	18.1310885994978	23.7547077384839	23.4713709306883	13.2400079259536	13.7613199067805	19.9638151398112	16.5309463727362	23.6470911519598	30.3822932755786	35.4226564246325	48.0384599415604	46.2756406730182	43.1042892939391	40.8839449797498	35.1298960237477	38.1835887676447	48.9647873421912	40.3496451444045
342	2738.49634141908	174.736168155856	85.4568286342757	64.1764789232834	60.9023238985033	35.6293997604694	15.4513621694257	19.3081094801985	20.1035154939216	19.2056980174908	23.7547077384839	23.4713709306883	13.2400079259536	13.7613199067805	19.9638151398112	16.5309463727362	23.6470911519598	30.3822932755786	35.4226564246325	48.0384599415604	46.2756406730182	43.1042892939391	40.8839449797498	35.1298960237477	38.1835887676447	48.9647873421912	40.3496451444045
344	2833.10142732069	127.271302429672	62.3006028755275	87.2602800539275	33.7658798660123	31.4458756639203	29.9836310648678	27.0949953250506	19.537318933901	18.6599758694873	23.7547077384839	23.4713709306883	13.2400079259536	13.7613199067805	19.9638151398112	16.5309463727362	23.6470911519598	30.3822932755786	35.4226564246325	48.0384599415604	46.2756406730182	43.1042892939391	40.8839449797498	35.1298960237477	38.1835887676447	48.9647873421912	40.3496451444045
346	2687.22573379963	287.470574430722	100.572577317648	66.4394129295187	16.350947712527	30.4524769134791	26.6266936196663	34.3176550969086	24.0777765724561	28.6137440341614	23.7547077384839	23.4713709306883	13.2400079259536	13.7613199067805	19.9638151398112	16.5309463727362	23.6470911519598	30.3822932755786	35.4226564246325	48.0384599415604	46.2756406730182	43.1042892939391	40.8839449797498	35.1298960237477	38.1835887676447	48.9647873421912	40.3496451444045
348	2376.89996635419	138.745382354013	155.231939474766	64.1152766615194	39.4189438258833	26.4691572892593	32.7034882531027	19.474376313358	13.2812050318576	18.896842458091	23.7547077384839	23.4713709306883	13.2400079259536	13.7613199067805	19.9638151398112	16.5309463727362	23.6470911519598	30.3822932755786	35.4226564246325	48.0384599415604	46.2756406730182	43.1042892939391	40.8839449797498	35.1298960237477	38.1835887676447	48.9647873421912	40.3496451444045
350	2188.76257707594	191.282484570849	46.7560376449772	44.960011327	19.0352470305302	28.3604093695085	11.2622147949096	11.2669341474423	17.5986172521853	14.0127396577164	23.7547077384839	23.4713709306883	13.2400079259536	13.7613199067805	19.9638151398112	16.5309463727362	23.6470911519598	30.3822932755786	35.4226564246325	48.0384599415604	46.2756406730182	43.1042892939391	40.8839449797498	35.1298960237477	38.1835887676447	48.9647873421912	40.3496451444045
352	2072.91990622293	204.058720577175	145.230440030274	32.7031235299674	33.2352233428257	27.5145538033122	45.9324202548861	5.46771296155661	18.6385410025725	17.6719932594214	16.9891928469075	23.4713709306883	13.2400079259536	13.7613199067805	19.9638151398112	16.5309463727362	23.6470911519598	30.3822932755786	35.4226564246325	48.0384599415604	46.2756406730182	43.1042892939391	40.8839449797498	35.1298960237477	38.1835887676447	48.9647873421912	40.3496451444045
354	2156.40895509014	161.872580411882	79.245402418876	37.010593466213	46.5319614205441	21.318491760677	23.311013237163	17.663079268451	25.6088967668234	13.1814312317906	21.1774600865296	23.4713709306883	13.2400079259536	13.7613199067805	19.9638151398112	16.5309463727362	23.6470911519598	30.3822932755786	35.4226564246325	48.0384599415604	46.2756406730182	43.1042892939391	40.8839449797498	35.1298960237477	38.1835887676447	48.9647873421912	40.3496451444045
356	1142.53504991072	174.700348010031	119.725319029427	46.2508245619072	41.7098995908459	23.3344868675749	16.4785876563921	18.8778700143337	17.5671701443229	15.3793640739355	10.2842727724304	23.4713709306883	13.2400079259536	13.7613199067805	19.9638151398112	16.5309463727362	23.6470911519598	30.3822932755786	35.4226564246325	48.0384599415604	46.2756406730182	43.1042892939391	40.8839449797498	35.1298960237477	38.1835887676447	48.9647873421912	40.3496451444045
358	1298.78084833634	170.437891445852	100.011407001722	30.0421980068229	20.3506882262259	27.7818134364703	16.0527019316883	13.3745023368457	15.692347915555	18.7373638268542	16.6885138450874	23.4713709306883	13.2400079259536	13.7613199067805	19.9638151398112	16.5309463727362	23.6470911519598	30.3822932755786	35.4226564246325	48.0384599415604	46.2756406730182	43.1042892939391	40.8839449797498	35.1298960237477	38.1835887676447	48.9647873421912	40.3496451444045
360	1220.54679815461	132.696321117582	97.3541609825312	29.2498333539286	23.1078338399035	34.4400643149852	23.4554549638158	8.14819876845335	16.6590531564386	14.5898933413737	15.1869311122619	23.4713709306883	13.2400079259536	13.7613199067805	19.9638151398112	16.5309463727362	23.6470911519598	30.3822932755786	35.4226564246325	48.0384599415604	46.2756406730182	43.1042892939391	40.8839449797498	35.1298960237477	38.1835887676447	48.9647873421912	40.3496451444045
362	1238.28748156707	97.3257427495963	79.3863380588685	47.6583437401067	29.0460731911744	21.6364791629828	28.6809608071395	25.4921587676059	10.8672894026234	7.13076148627954	10.6026065851842	10.5129557280633	13.2400079259536	13.7613199067805	19.9638151398112	16.5309463727362	23.6470911519598	30.3822932755786	35.4226564246325	48.0384599415604	46.2756406730182	43.1042892939391	40.8839449797498	35.1298960237477	38.1835887676447	48.9647873421912	40.3496451444045
364	907.025418813656	79.2048861134668	85.3128335100537	65.2413195326374	25.2115777534843	16.4427524123854	22.4188170578514	10.8959767232134	11.9519573237007	16.2758167253039	12.431556537522	14.0231824352375	13.2400079259536	13.7613199067805	19.9638151398112	16.5309463727362	23.6470911519598	30.3822932755786	35.4226564246325	48.0384599415604	46.2756406730182	43.1042892939391	40.8839449797498	35.1298960237477	38.1835887676447	48.9647873421912	40.3496451444045
366	718.685024921905	62.0756700106137	83.5635397856647	36.5129530472346	27.8196842000727	27.6352982186578	21.9574713517766	6.09674533449787	11.7006898510069	9.10814530421738	16.2349521762276	7.32602677876015	13.2400079259536	13.7613199067805	19.9638151398112	16.5309463727362	23.6470911519598	30.3822932755786	35.4226564246325	48.0384599415604	46.2756406730182	43.1042892939391	40.8839449797498	35.1298960237477	38.1835887676447	48.9647873421912	40.3496451444045
368	748.035473957723	167.812718426419	74.587370581688	58.277172838288	27.3181318087845	15.8285520248088	21.5475811064022	13.4708008333631	10.2131578814668	6.70593299798515	2.99084938460429	17.0841987619303	13.2400079259536	13.7613199067805	19.9638151398112	16.5309463727362	23.6470911519598	30.3822932755786	35.4226564246325	48.0384599415604	46.2756406730182	43.1042892939391	40.8839449797498	35.1298960237477	38.1835887676447	48.9647873421912	40.3496451444045
370	979.718112994944	179.740982493025	102.549958703483	35.1923477461561	32.7767860412634	6.66203026207297	15.8828232481141	10.2990612006418	23.8019366179327	7.67751468422025	17.6299832112328	6.17788089606956	13.2400079259536	13.7613199067805	19.9638151398112	16.5309463727362	23.6470911519598	30.3822932755786	35.4226564246325	48.0384599415604	46.2756406730182	43.1042892939391	40.8839449797498	35.1298960237477	38.1835887676447	48.9647873421912	40.3496451444045
372	962.103863674469	147.091068283994	50.3848635989304	43.2529354128541	40.957263703785	26.1441671132735	19.0713605623678	18.7808531444575	12.3126630568252	12.9381659109562	15.3861898176158	11.267022178772	13.8292740724272	13.7613199067805	19.9638151398112	16.5309463727362	23.6470911519598	30.3822932755786	35.4226564246325	48.0384599415604	46.2756406730182	43.1042892939391	40.8839449797498	35.1298960237477	38.1835887676447	48.9647873421912	40.3496451444045
374	669.164613819516	115.40922104444	77.6996074769366	46.6872903192689	51.7349211177355	23.5429097594374	5.10441234946615	12.7663057290379	7.25168014963922	16.9408866431845	5.66549580976322	12.77662577211	8.78598882917704	13.7613199067805	19.9638151398112	16.5309463727362	23.6470911519598	30.3822932755786	35.4226564246325	48.0384599415604	46.2756406730182	43.1042892939391	40.8839449797498	35.1298960237477	38.1835887676447	48.9647873421912	40.3496451444045
376	928.223587858662	170.346032111881	62.4665350937839	16.6821259979675	28.2409281262571	12.6263876936924	20.0642380768353	25.0779145792673	13.0706709883941	9.36271279736908	8.34478643676839	10.8748643703975	10.2003366707002	13.7613199067805	19.9638151398112	16.5309463727362	23.6470911519598	30.3822932755786	35.4226564246325	48.0384599415604	46.2756406730182	43.1042892939391	40.8839449797498	35.1298960237477	38.1835887676447	48.9647873421912	40.3496451444045
378	875.858657728916	111.752653313094	54.6450353086813	20.5169911380709	41.6995544540084	20.7110283769598	27.9629438303848	9.60068056881889	9.35104626589782	5.12137500633989	16.4357951240288	9.05857191592514	8.48968187447048	13.7613199067805	19.9638151398112	16.5309463727362	23.6470911519598	30.3822932755786	35.4226564246325	48.0384599415604	46.2756406730182	43.1042892939391	40.8839449797498	35.1298960237477	38.1835887676447	48.9647873421912	40.3496451444045
380	449.864919801922	109.940218031959	80.7590732597343	24.2449636716487	19.1423376335666	20.3725409065816	17.8223063829231	17.5472837431147	13.8051374949475	10.071043038814	8.98740347118458	11.3448420206185	7.59962723043065	13.7613199067805	19.9638151398112	16.5309463727362	23.6470911519598	30.3822932755786	35.4226564246325	48.0384599415604	46.2756406730182	43.1042892939391	40.8839449797498	35.1298960237477	38.1835887676447	48.9647873421912	40.3496451444045
382	445.952625363142	177.126387955107	60.0378893497097	48.0713511510989	21.6908436570734	8.07915675565777	19.2768922780628	21.4127477045858	14.8336417719295	8.99451460121649	12.4742436486111	8.84304080870988	10.5529141904915	10.0622346839461	19.9638151398112	16.5309463727362	23.6470911519598	30.3822932755786	35.4226564246325	48.0384599415604	46.2756406730182	43.1042892939391	40.8839449797498	35.1298960237477	38.1835887676447	48.9647873421912	40.3496451444045
384	699.757263732033	189.07110242497	46.2927180575449	55.6040968400637	32.2804490252232	24.0552426317155	22.2948368149459	7.96153818258746	12.4506336471355	8.91906587775881	8.83498649523287	9.56350529858143	5.22934434416217	16.3960700402196	19.9638151398112	16.5309463727362	23.6470911519598	30.3822932755786	35.4226564246325	48.0384599415604	46.2756406730182	43.1042892939391	40.8839449797498	35.1298960237477	38.1835887676447	48.9647873421912	40.3496451444045
386	512.819980360311	80.6393116046125	59.1877689173506	35.5344038470453	32.0931952611422	21.9223673788825	20.5866163786626	22.4251794129496	10.1333982798327	9.85565910404475	7.90310364870416	8.72117522434084	8.17054187169797	12.0489002952755	19.9638151398112	16.5309463727362	23.6470911519598	30.3822932755786	35.4226564246325	48.0384599415604	46.2756406730182	43.1042892939391	40.8839449797498	35.1298960237477	38.1835887676447	48.9647873421912	40.3496451444045
388	548.335683327105	134.079133748208	65.5968586261926	35.4562877270778	29.3527577467436	7.95280761046743	26.8403627951802	13.1659180705761	15.7133519500804	6.87665765184711	12.2768105648117	3.95127276911867	16.2979267956449	16.2546663879181	19.9638151398112	16.5309463727362	23.6470911519598	30.3822932755786	35.4226564246325	48.0384599415604	46.2756406730182	43.1042892939391	40.8839449797498	35.1298960237477	38.1835887676447	48.9647873421912	40.3496451444045
390	583.337843970228	80.24011693702	52.3763032887533	39.3117098093797	37.2468029328016	37.6576244709931	22.0739973000747	10.5042399052542	10.0805132528445	10.7799376334746	6.12295684343454	7.88805570454475	11.0904927853922	18.3257592298786	19.9638151398112	16.5309463727362	23.6470911519598	30.3822932755786	35.4226564246325	48.0384599415604	46.2756406730182	43.1042892939391	40.8839449797498	35.1298960237477	38.1835887676447	48.9647873421912	40.3496451444045
392	761.853918056032	146.296612043996	71.6308792392304	19.552642690447	34.4370886169672	25.643375841628	12.5433855688246	19.599154378273	12.2657545122063	12.6825587177198	10.4467764267571	7.85092476765285	11.0357050154805	9.12651869100974	13.896591293671	16.5309463727362	23.6470911519598	30.3822932755786	35.4226564246325	48.0384599415604	46.2756406730182	43.1042892939391	40.8839449797498	35.1298960237477	38.1835887676447	48.9647873421912	40.3496451444045
394	324.77632658411	145.599757716417	123.085652214671	58.3812402192971	28.9962024830322	25.5410194615503	17.1669778909316	13.0036920316603	13.3125424006975	13.5907219034091	16.4516795151348	9.37399308651027	8.78122581236063	11.8712883054666	10.5386788712153	16.5309463727362	23.6470911519598	30.3822932755786	35.4226564246325	48.0384599415604	46.2756406730182	43.1042892939391	40.8839449797498	35.1298960237477	38.1835887676447	48.9647873421912	40.3496451444045
396	323.212351982643	171.273260649325	57.9966880493447	42.5585756214825	36.7178317023214	9.76781557046071	17.0704087413671	16.8112695634632	15.4339616780189	10.6194285229654	16.3503652359005	6.98860790583386	11.6436312621979	9.03174314126362	9.16766234242857	16.5309463727362	23.6470911519598	30.3822932755786	35.4226564246325	48.0384599415604	46.2756406730182	43.1042892939391	40.8839449797498	35.1298960237477	38.1835887676447	48.9647873421912	40.3496451444045
398	535.380560840642	78.5895793385223	51.3203314675205	26.9538519588408	18.2451185678748	17.4826656931566	23.1425035531327	10.2944613614781	16.4506045354597	9.59705732250384	11.137830865845	11.5836323990448	13.0340650294608	11.0446589778849	12.3803778655449	16.5309463727362	23.6470911519598	30.3822932755786	35.4226564246325	48.0384599415604	46.2756406730182	43.1042892939391	40.8839449797498	35.1298960237477	38.1835887676447	48.9647873421912	40.3496451444045
400	638.727834540941	78.1277110803499	31.8738106983974	30.6294672027769	28.4978424755424	15.4393885910183	15.3501654690639	16.6327515411842	9.81822665056105	20.0419804989343	14.4739522598924	7.68146430262389	13.6821330737807	10.9930667044939	11.0131171037368	16.5309463727362	23.6470911519598	30.3822932755786	35.4226564246325	48.0384599415604	46.2756406730182	43.1042892939391	40.8839449797498	35.1298960237477	38.1835887676447	48.9647873421912	40.3496451444045
402	493.916940261511	64.6940752650249	50.6965634936331	26.649161940883	36.0922966015684	19.2015911463778	13.7346722447625	12.7179763916116	13.0134068695696	15.1906637917513	17.7749131196713	10.6943958638319	10.7369055545426	4.7803229605316	9.66452331134115	17.6625028588319	23.6470911519598	30.3822932755786	35.4226564246325	48.0384599415604	46.2756406730182	43.1042892939391	40.8839449797498	35.1298960237477	38.1835887676447	48.9647873421912	40.3496451444045
404	350.875380069354	103.001012443171	12.6014203818809	49.1649710342641	23.0724794771862	21.0049174803224	12.1359077275989	13.8996467303447	10.7802838215694	8.49799295751447	8.41291358839968	11.3882735365245	9.9590643552508	14.2634810285443	10.8859593318505	10.2982276898103	23.6470911519598	30.3822932755786	35.4226564246325	48.0384599415604	46.2756406730182	43.1042892939391	40.8839449797498	35.1298960237477	38.1835887676447	48.9647873421912	40.3496451444045
406	558.350061088187	115.195913006137	75.1752879153262	18.8245854578519	22.9352032723644	22.7763541696456	9.04983180761323	13.8309564421942	4.28418563364996	7.51054687134105	5.85915104599274	16.6002150448422	19.1059080868284	18.225721079171	5.72939056995419	13.246718334376	23.6470911519598	30.3822932755786	35.4226564246325	48.0384599415604	46.2756406730182	43.1042892939391	40.8839449797498	35.1298960237477	38.1835887676447	48.9647873421912	40.3496451444045
408	277.649806452309	89.1079341585793	37.3904359308753	29.9269225794027	30.3924233053698	15.0962027314289	17.9971103010466	26.2609859541958	17.0572147006711	11.192024688804	16.653917303928	11.2576054035905	14.0780208192509	12.7450975345279	13.2950206118237	11.9696766886056	23.6470911519598	30.3822932755786	35.4226564246325	48.0384599415604	46.2756406730182	43.1042892939391	40.8839449797498	35.1298960237477	38.1835887676447	48.9647873421912	40.3496451444045
410	207.028515289022	151.847711156184	74.3150794969861	33.4862793197989	32.7558194621151	16.8780832692345	16.4122971880414	6.21258479645924	12.7200330886151	10.2056321728209	12.4162440047355	17.1755544996891	6.99947497810893	12.6852518192297	11.9675021746874	13.6890890228072	23.6470911519598	30.3822932755786	35.4226564246325	48.0384599415604	46.2756406730182	43.1042892939391	40.8839449797498	35.1298960237477	38.1835887676447	48.9647873421912	40.3496451444045
412	515.215711004668	88.1869272938448	80.1760323053148	33.3231932709592	17.5697018272611	9.350577513105	19.3150629580318	12.3718091393341	16.894377845691	9.24363634887994	13.1948355426736	11.1536742946863	12.5406231964524	10.6360924150987	18.8144246498118	8.30456941106783	17.8250936548651	30.3822932755786	35.4226564246325	48.0384599415604	46.2756406730182	43.1042892939391	40.8839449797498	35.1298960237477	38.1835887676447	48.9647873421912	40.3496451444045
414	616.225591286223	138.065346079824	67.5241171831834	55.3341642774357	22.5019172810441	14.8921086705664	8.8768296202871	16.0145721894312	21.0177901150536	8.27879050044456	13.9444271131773	9.62611493740491	6.93756434639168	15.2284421206579	11.8598859326452	7.67519096357475	21.7577378893282	30.3822932755786	35.4226564246325	48.0384599415604	46.2756406730182	43.1042892939391	40.8839449797498	35.1298960237477	38.1835887676447	48.9647873421912	40.3496451444045
416	444.018549053964	225.408068287619	73.5461543560251	36.8270987928537	12.4625260792811	16.7124647266305	14.7489049843206	15.9966084997202	17.8134924693148	8.25949496828771	8.1877152169599	11.8099467077183	11.0819996708741	18.4879938648177	12.4566319275073	14.133124132196	21.6988101450698	30.3822932755786	35.4226564246325	48.0384599415604	46.2756406730182	43.1042892939391	40.8839449797498	35.1298960237477	38.1835887676447	48.9647873421912	40.3496451444045
418	614.250225753505	137.682495418488	42.8931786810467	40.4578369563298	12.4531480796699	9.27538295196658	22.1118793265634	14.7453862120667	13.6286165404345	13.7513641957779	9.81909053752594	15.5035685005173	14.5365165662699	14.5165935340575	12.4546767749208	10.5937146767897	21.1020894098637	30.3822932755786	35.4226564246325	48.0384599415604	46.2756406730182	43.1042892939391	40.8839449797498	35.1298960237477	38.1835887676447	48.9647873421912	40.3496451444045
420	477.206316072727	100.008410417322	42.8471227952308	33.0873742199593	39.8434242913169	14.8361864088072	14.7471020790111	19.6525945166254	12.5647913467738	5.50257122830359	6.54117436481216	9.59246360904105	12.4472038872773	11.8699264753285	14.9320520592648	15.886857717898	18.8212351694055	30.3822932755786	35.4226564246325	48.0384599415604	46.2756406730182	43.1042892939391	40.8839449797498	35.1298960237477	38.1835887676447	48.9647873421912	40.3496451444045
422	339.568549643709	149.489744859749	79.2703903247126	40.2800752709367	34.7489455544165	16.6322704950258	17.6232981449666	9.78992268673408	13.5626397518996	10.9605185953382	7.33162615677355	9.55716373831777	10.3266120764113	15.116925755158	16.7346130362652	8.20654404663933	13.6419202323826	24.5690192492601	35.4226564246325	48.0384599415604	46.2756406730182	43.1042892939391	40.8839449797498	35.1298960237477	38.1835887676447	48.9647873421912	40.3496451444045
424	406.382438763019	173.942592726576	54.6738331160832	25.5665561469952	12.3569420393952	9.20649772422749	24.8765756652551	10.9728752834928	17.6634795556588	10.0131157339388	13.7946136857084	10.9818523856426	15.1048557155332	10.4797076003315	14.1998951965594	12.2612280400858	11.3241446210763	17.6531688967433	35.4226564246325	48.0384599415604	46.2756406730182	43.1042892939391	40.8839449797498	35.1298960237477	38.1835887676447	48.9647873421912	40.3496451444045
426	405.467698307932	49.561641181051	90.9816220808506	40.0591301790888	17.2558749101593	23.8704511489767	21.8840182449378	10.9532545548478	16.5938277787464	9.98781421320579	8.10417510612218	13.8690264600332	13.0171796983734	13.0600081083969	19.7191271328912	15.1433369252993	15.8106477809411	21.5882895503119	35.4226564246325	48.0384599415604	46.2756406730182	43.1042892939391	40.8839449797498	35.1298960237477	38.1835887676447	48.9647873421912	40.3496451444045
428	539.597472900805	160.870152638407	78.6969551822575	69.0811297830762	34.4835485069828	18.3376291220017	10.2060340388601	12.1550138490263	12.4347377552737	15.4159092860621	17.801095310846	14.594414880753	10.9412164413302	18.2701605584194	8.61835621384855	13.9704834438458	18.6120631483493	20.9657158935374	35.4226564246325	48.0384599415604	46.2756406730182	43.1042892939391	40.8839449797498	35.1298960237477	38.1835887676447	48.9647873421912	40.3496451444045
430	471.481499846156	160.531245165228	36.2657794482117	36.3041149340904	29.5261838997164	36.6401585340006	21.8446724717405	19.4210032733219	17.5874914350566	14.5005613804744	14.5474363985446	21.8528668873467	13.6519743555231	17.5963697263008	14.7481542134923	15.6922424841263	21.4136384627607	15.8526262875135	35.4226564246325	48.0384599415604	46.2756406730182	43.1042892939391	40.8839449797498	35.1298960237477	38.1835887676447	48.9647873421912	40.3496451444045
432	471.93152829698	123.669443626279	60.5026749466982	36.3562559569999	19.698222185664	23.8497675500179	16.0254711477319	24.2811517112063	11.3960690909355	12.7004212251526	13.7408197519634	16.7710016728047	10.9358711736386	10.4361969566134	12.917132492225	19.195305253632	16.3510246080695	14.1797837520508	23.6546901719701	48.0384599415604	46.2756406730182	43.1042892939391	40.8839449797498	35.1298960237477	38.1835887676447	48.9647873421912	40.3496451444045
434	304.000270188635	160.9615815585	54.5348621029734	36.4134787384609	19.7144820863084	34.8946301775982	16.0475541895353	18.2370882838919	19.6936330643184	10.8965789885777	17.0012926678181	8.75845069915868	12.3271194170598	18.930451217706	15.3975350377722	16.3016071714804	18.6267481300608	16.4643281919302	18.6069889404104	48.0384599415604	46.2756406730182	43.1042892939391	40.8839449797498	35.1298960237477	38.1835887676447	48.9647873421912	40.3496451444045
436	675.6099211511	136.388211356785	72.8130575148522	43.7213460403572	29.6149068960961	11.0259710946497	11.6811032600505	9.74149945692077	10.3801518043536	6.35780131829549	17.0245186697532	20.4741406123038	10.2786223312517	20.2699103474439	13.5712686861664	15.7419557507053	15.257212053537	20.4482715482968	18.6192654294859	48.0384599415604	46.2756406730182	43.1042892939391	40.8839449797498	35.1298960237477	38.1835887676447	48.9647873421912	40.3496451444045
438	541.270133525511	248.113129253893	85.0198684470303	32.8229797305668	37.0713639681902	27.6000724482022	24.8772423013488	23.1592912961162	13.5113841836213	8.18851486754722	21.0944945022024	11.7080175330908	19.2086983025191	22.2650294078288	22.226714059981	22.1999062335768	19.8112277934768	15.9216017185816	25.4067230096892	48.0384599415604	46.2756406730182	43.1042892939391	40.8839449797498	35.1298960237477	38.1835887676447	48.9647873421912	40.3496451444045
440	406.13763196419	148.965065816083	72.9292759849965	54.7571081180613	19.7855341410376	31.3282870246666	11.7101386768777	17.0747152284293	7.28534063142058	10.0141956309775	10.5526721884904	16.1195140666978	13.7279111976179	20.3095604504282	12.9793666100669	16.9480239314084	20.3866517429706	19.3694293046753	18.0920078044968	48.0384599415604	46.2756406730182	43.1042892939391	40.8839449797498	35.1298960237477	38.1835887676447	48.9647873421912	40.3496451444045
442	475.202908612433	211.568966771068	79.1332954380459	32.9325230182839	39.6246492754998	14.7687045217974	13.2012260474055	15.8821783124217	19.7888763482346	18.2493906684405	16.2731733368258	16.867996203311	19.9577054029405	15.7504664483892	15.4720216964257	21.0701095948388	15.8846358083928	21.1088908596383	21.5375778411095	28.1718809703483	46.2756406730182	43.1042892939391	40.8839449797498	35.1298960237477	38.1835887676447	48.9647873421912	40.3496451444045
444	510.0898393733	87.2865094202958	42.7455531667871	40.3205944702866	27.3032204061624	12.9446431458917	19.0952973194737	17.1443787004157	16.7059117629223	14.6168282497103	18.7657804362997	15.4391977084272	13.7905703625164	17.0930025509234	16.1290620868768	24.6186748154191	25.5700292980271	14.862783891289	15.894088858796	24.0899744435669	46.2756406730182	43.1042892939391	40.8839449797498	35.1298960237477	38.1835887676447	48.9647873421912	40.3496451444045
446	374.932831260103	62.5029487155985	61.1800295326017	44.0951014171061	37.345971393061	27.7957525352347	19.145605653543	15.9652707169546	12.5638701307559	19.232363362659	10.6283084479792	13.2754767252537	19.358575519141	19.7865691569739	20.53138345824	18.2393447757067	22.2433972410234	25.771816717187	22.1871584706874	14.1398524461258	46.2756406730182	43.1042892939391	40.8839449797498	35.1298960237477	38.1835887676447	48.9647873421912	40.3496451444045
448	444.245476774851	200.540483753624	55.2126803181991	40.5318776524642	19.9730996364166	20.4611917805112	20.7003452756368	23.4071604318175	22.0554311447099	9.19556838807164	18.0515280330259	15.5398075050457	12.4818551789224	22.4947046471504	16.2222477609625	25.9547906544991	21.7198801097079	21.2745877230613	17.1264107387548	13.0118314378501	46.2756406730182	43.1042892939391	40.8839449797498	35.1298960237477	38.1835887676447	48.9647873421912	40.3496451444045
450	480.202749544049	113.134080582713	79.9720685780975	25.8787429946953	45.0631891105036	37.3171239383355	25.1941347644497	21.0054223084295	13.686936943854	21.2133847292714	9.86704994670276	19.2972957890451	18.0753870009044	19.2364869344035	23.7637754902058	15.3806190019311	26.9492264039276	19.6020808437151	17.7495862268678	21.3510404132776	46.2756406730182	43.1042892939391	40.8839449797498	35.1298960237477	38.1835887676447	48.9647873421912	40.3496451444045
452	551.436506298257	63.1391773223932	49.4737337683231	37.1473846592661	35.1910119860556	26.2303958284225	17.8656211866153	13.6386527839568	16.9159710709965	14.8183278036449	17.3358145811377	11.920606100579	17.4654045707608	19.9777206117788	19.4728469920417	29.6917035010892	22.4425971896933	20.2677344942113	20.1316341431896	17.8651628142089	30.8071683033782	43.1042892939391	40.8839449797498	35.1298960237477	38.1835887676447	48.9647873421912	40.3496451444045
454	415.125861275537	152.240661466356	86.9209885545642	37.2948769969206	20.2064992169047	18.804723019096	25.4082681211772	14.9560998413261	20.1891631635299	24.1734246334174	11.6163736842771	11.9764584387861	18.2441093244778	19.4061582669392	22.7210431586246	25.6763221272168	21.4006333180896	24.4128012338454	25.4038323934193	16.7392029375485	28.0144053582136	43.1042892939391	40.8839449797498	35.1298960237477	38.1835887676447	48.9647873421912	40.3496451444045
456	417.219166775982	114.724598892057	112.317397502403	37.4708035518199	40.6108098281673	20.7846368689767	21.0336157104679	13.7734675468996	17.0874323495734	14.0162574231024	19.1735771682142	15.0460309807155	18.3418677228012	16.8137752970366	22.2028171610211	29.9934975112641	24.4212789579676	23.3877398876355	24.358692282209	21.0370390489072	30.485001330439	43.1042892939391	40.8839449797498	35.1298960237477	38.1835887676447	48.9647873421912	40.3496451444045
458	419.569861236214	166.642060315443	75.2922484029021	64.0983486297956	28.0691337414722	20.9265509483064	21.1665917868816	13.8515701021362	12.8920242008183	20.6928758531153	7.54409217920854	21.9303861102574	22.6818877932659	16.2390612524661	21.6944147780698	16.8899341041874	26.3234704729422	24.1075644273403	19.8543124755495	24.2028615185492	26.542178599423	43.1042892939391	40.8839449797498	35.1298960237477	38.1835887676447	48.9647873421912	40.3496451444045
460	598.571738867299	25.7913907560166	88.3962528922789	41.742223148029	25.6783359572615	22.9569920152009	22.8111445205224	16.464544461602	12.9620565895963	15.1345295608247	19.3871754632633	11.4056157994918	15.6947141346516	26.5420206484557	18.6021746764994	21.843268524655	21.7594220006176	27.797287251226	25.2595531372214	24.3281430420731	26.122492439886	43.1042892939391	40.8839449797498	35.1298960237477	38.1835887676447	48.9647873421912	40.3496451444045
462	598.571738867299	116.677836390245	101.519703923569	60.970503026872	64.5552724737161	28.8283062287406	16.8017795371645	25.4638420639475	27.1342853815482	10.4528534433564	15.2616008084398	16.8202291171003	17.9245643545579	23.2377470365196	18.6964722618167	23.7935529284086	23.0459730478748	26.731502471568	28.3143816512355	36.6489730642089	19.6792862941377	34.5360061239183	40.8839449797498	35.1298960237477	38.1835887676447	48.9647873421912	40.3496451444045
464	598.571738867299	156.27377222489	76.4766215917046	34.442068472751	10.3699541137671	21.2322200505285	24.5427655051685	24.3084122939452	20.7285781815062	27.6690728303597	24.6980039053787	17.6667646453758	16.5662485031427	14.4332977188819	28.5181166489602	23.2819654064819	29.7029991250166	21.500068860681	29.6330516379398	22.7081421645123	28.7497432490403	25.3293832755052	40.8839449797498	35.1298960237477	38.1835887676447	48.9647873421912	40.3496451444045
466	598.571738867299	170.249094948536	70.5037969105755	42.354907172157	20.856177881196	27.200075585555	16.9889877462754	19.299907296529	13.1693732657133	15.3612001838266	19.7114769174917	17.7700214761641	21.003435763328	20.7334899786445	22.1610225711074	29.5768529094344	24.5019153803791	22.8330523044516	32.8108572434315	31.5199256536144	25.9106157451766	34.8772398697398	40.8839449797498	35.1298960237477	38.1835887676447	48.9647873421912	40.3496451444045
468	598.571738867299	171.453665591156	77.4826713747895	58.2377653557165	31.5240179325415	11.742401075419	26.4442375636948	27.2184375190105	19.8955179386886	7.74108228300789	12.9485122143697	16.3330830477562	21.1619646977383	20.8865223005582	21.6535060285443	24.8290890495841	30.701520079507	25.4123406145915	25.8455875702032	13.6931859433963	19.4406411569324	29.5963816808172	40.8839449797498	35.1298960237477	38.1835887676447	48.9647873421912	40.3496451444045
470	598.571738867299	172.720593378399	58.5858120811303	27.3628386833906	42.364578284319	35.484839587431	15.6651911447423	20.8839008372466	16.6873715764133	12.6701893960811	13.0332493596573	15.6787934374241	15.4107133026566	22.4357242301686	25.1232165717831	24.3999852762613	24.2303924836611	30.4615868121772	28.4474489083629	29.4607079520342	22.020693851595	20.2399592856337	40.8839449797498	35.1298960237477	38.1835887676447	48.9647873421912	40.3496451444045
472	598.571738867299	147.779775931251	78.8879963581796	51.3389967554237	40.1151471032446	35.8352913103681	34.8164150188061	18.4740174334991	23.6315562503629	22.6473334547073	18.4474560982382	14.26040363306	22.9895977506935	22.6703207228414	22.0623638026215	18.9656783378952	33.0856943735149	29.5695023592558	31.7819081413581	28.4938651804169	19.7763531494321	14.7668965816922	34.2588637128817	35.1298960237477	38.1835887676447	48.9647873421912	40.3496451444045
474	598.571738867299	135.68827441376	126.156458986504	27.91351673627	27.0092321713676	24.1363747271162	31.9629715833247	11.9991265821526	27.280859560651	17.8998709484448	11.5381496680413	16.0082297430435	12.7434060029949	22.917436067896	20.2576528481157	23.6195143292585	32.8094721742773	26.1378798513968	26.5700021916411	31.3774926453381	23.7094971806362	21.2200939554484	32.4025440867715	35.1298960237477	38.1835887676447	48.9647873421912	40.3496451444045
476	598.571738867299	150.766352812036	120.71222217619	28.2298160828078	24.5536142583349	26.4443645527567	33.9364966789414	21.562039935597	14.9258584595948	12.0676275725016	17.0336994021687	20.2235365347291	9.0818236299371	21.7064902732969	21.1475043024049	26.4378318598003	25.6409452223823	31.4339223766462	26.2240352338374	34.2634905654445	20.82461099461	24.3612014830127	26.0744505314249	35.1298960237477	38.1835887676447	48.9647873421912	40.3496451444045
478	598.571738867299	83.0718195264197	101.754041950627	48.9045541854049	27.6019286747291	34.919578266	35.9146472023493	13.6098246117681	25.5266032162493	16.2668340279907	14.4866172686403	17.1492654442297	23.7209697369651	19.7392269751434	19.9805782221277	20.8699043428428	33.4667274926453	30.4683879251828	22.7084306152044	29.3983672981293	22.316434209993	20.5047634837255	20.1948100852537	35.1298960237477	38.1835887676447	48.9647873421912	40.3496451444045
480	598.571738867299	111.965385291557	82.2062178796515	37.0460158734395	30.6630984128433	14.5320742627696	18.1408871728203	21.9990191041242	15.2365839927207	21.5545643403602	19.2234668677538	13.2148679526398	17.8004058406688	20.6658118520914	23.6753786640205	34.2655333380603	31.2835081836432	30.1669334829054	30.5731371025754	23.0901556297972	22.5478480282305	24.2750794241471	19.2816762196644	35.1298960237477	38.1835887676447	48.9647873421912	40.3496451444045
482	598.571738867299	111.965385291557	75.976777160065	58.0744428797982	25.2819084036805	20.9160296813843	18.2844974849404	16.6445601013467	13.0066219411844	24.8254697792229	14.7754774552377	19.9878521447256	17.1632606304347	18.615905282705	26.6963753034255	17.9299604084728	30.2632702663798	34.9542569474872	25.7007038467183	33.2952517418203	31.805209239018	26.8492817979059	20.5695481358174	26.1787711729977	38.1835887676447	48.9647873421912	40.3496451444045
484	598.571738867299	111.965385291557	111.314481077621	20.9168541348959	39.6397526251131	27.4274041198075	28.4866132676852	18.1768874892858	27.4202991768146	13.552852737232	17.6761596384388	18.4664989296249	21.2287925263414	28.5402185792403	21.237823116734	36.1381344043405	24.660017508086	28.0474777834282	28.5078293981476	26.1661292655697	32.0836719328582	30.0865275745946	22.4671429998064	23.2979107497049	38.1835887676447	48.9647873421912	40.3496451444045
486	598.571738867299	111.965385291557	49.174265700439	37.9867581949346	20.0110260708837	36.1595987449438	33.8198441351318	25.3733014112751	13.2229182861375	17.8907444829036	21.5877939016001	20.3013117978822	19.8119132748621	9.83698524545549	17.1266207787436	24.316919308755	35.9882559916145	40.1153547117243	31.3536827514938	28.4158395489766	23.1163529473687	21.2451929107506	17.9997757668694	18.2653906084205	38.1835887676447	48.9647873421912	40.3496451444045
488	598.571738867299	111.965385291557	99.1527793512581	34.0359663253076	25.9275563374865	19.3141236397337	13.6435589727768	18.4792437987882	19.4026247975749	22.2818366823001	10.4074269981882	14.5156334881096	18.4017237190702	17.5559524182259	21.5911525526566	28.6125976003231	31.6691725981616	26.5374194028647	32.283389979954	23.1956031437762	25.9838900603135	26.3273365460884	21.6917922075431	20.0049322140423	38.1835887676447	48.9647873421912	40.3496451444045
490	598.571738867299	111.965385291557	92.8787168192034	47.2163135635944	37.7265099337749	47.6287143833652	17.2039936378626	21.5133178568488	31.7794033922936	16.0535991128207	13.3686328311879	24.9837656690085	15.338675787082	23.8583104195983	21.0713326552253	21.9807241666991	28.6422077645447	23.4403620904218	26.5823607067988	22.7295714330006	22.8267786785886	36.4395498287305	29.553624995667	20.1727167424897	38.1835887676447	48.9647873421912	40.3496451444045
492	598.571738867299	111.965385291557	108.198855629187	56.3409892957091	32.2389136193338	24.0449847570709	15.6274137717619	15.9427583600292	22.2440145599194	31.3468263091057	15.4344174154771	24.3560757215077	13.8603549817594	23.3512408518155	19.8148811545844	29.8201523697169	28.251811658409	31.7799570933027	26.1909039404202	26.4245947838221	29.1812420881891	27.4243655154546	25.074916530746	17.1682794603042	39.8277109626639	48.9647873421912	40.3496451444045
494	598.571738867299	111.965385291557	109.285438051509	65.6937009134478	38.5210479704783	22.0935524746445	28.0672622620146	14.629485287808	11.2284233918976	14.193901594994	12.6598479614407	18.4347633768983	23.0417328390103	14.9208246823496	22.2182840429685	23.1269855177157	26.4868371820258	30.0366822364816	31.1889076757765	27.3864672713141	24.6709465507519	28.972357816452	18.6808563913623	22.2076926602144	18.1715667225862	48.9647873421912	40.3496451444045
496	598.571738867299	111.965385291557	73.5065039813816	48.5606793706021	23.9110810943328	24.5011957123921	30.1111736916292	20.6592823851403	20.135749829351	16.5258196648935	12.7689686050066	16.8258776261563	22.4075975744369	16.6386432688817	14.9355781113158	24.7377774775515	34.9242947099719	32.3521662751228	30.0826754707321	29.7343604606625	26.9648957027044	19.6966643457606	30.4164229638403	19.6709843185636	20.2958414917203	48.9647873421912	40.3496451444045
498	598.571738867299	111.965385291557	88.9352607634439	57.8667950617699	33.1394572614477	20.2063941384025	32.1073471367082	22.2938831052587	21.5442335353782	15.5477026541183	14.8444615060292	16.9752506658775	20.0902869967967	24.7495101124374	18.0773388276119	16.3808277692908	36.6132222453065	32.6397832726738	33.7702108200897	22.8527297491597	18.8051154011521	20.4974580066058	23.9146599083303	12.6629502542028	27.0457305496021	48.9647873421912	40.3496451444045
500	541.507863393385	111.965385291557	67.2125729799419	40.3671784693396	48.5685883406082	29.4085794681519	28.7699790119117	10.4953023059988	19.1691654912074	19.0292293619097	18.9709853516945	18.0065876571909	13.502989217365	16.101556372233	22.0284649624947	20.094971639172	26.4637674848705	32.9007772239427	27.8013827918467	33.8342333208982	28.7874995357374	26.4524372932112	21.0184795642197	19.9826697706024	21.933225093942	48.9647873421912	40.3496451444045
502	631.152390680505	111.965385291557	67.2125729799419	40.8414960124383	18.4210471312608	34.3169468034814	27.2384351511001	22.7225582286844	24.5558412930248	10.1722195478646	21.1764936497654	23.657118937753	12.7851159031317	24.4048103819375	18.4198700196739	19.5990780319383	28.1492474707364	31.8297335652144	28.7962107518827	37.0770811851092	23.4320091744647	20.2198221995179	17.4792698730456	21.3261696339318	21.516107969707	30.630085109099	40.3496451444045
504	425.185507540112	111.965385291557	67.2125729799419	54.9835576640984	37.2303208418924	36.9616841951161	16.5272307602906	16.8339070183985	15.6601073124317	11.4313352404448	11.2115617043552	13.7794928054465	14.6352983518907	21.3731165061896	27.906957265867	16.8719132947499	25.5886721573179	25.0010008731686	23.4229172691378	23.5021678348317	22.9545128026583	29.0177223621378	24.609286030454	24.3794289565409	18.3333039480246	24.64854351642	40.3496451444045
506	515.283018430457	111.965385291557	67.2125729799419	50.955042559953	25.0686143038095	28.0210675491073	37.1172428092735	23.1921434889001	22.420902587111	23.1054686961593	14.4184806673726	13.0059775043188	17.4120402224553	25.7462561648064	21.147277237591	27.4150679787638	35.2064831022995	21.6615845381402	36.5500033780596	26.0029104300756	29.7075701649291	31.3137446205588	22.9681544305791	17.1785298505612	19.2131631339666	27.0448883046589	40.3496451444045
508	521.430227333867	111.965385291557	67.2125729799419	79.5153824745557	28.4918226966493	37.7526920251592	26.2557559713498	23.4534588802332	19.9971341034626	16.3440384899887	17.6940619160598	15.0302796809114	29.0407058845544	29.3823957186905	21.3841515163474	20.2180916930587	20.338851120072	25.5594313946358	31.9001263775039	31.5279190516144	29.2839657239574	28.2681040260392	25.7822029791498	11.5868264338232	23.5725775660177	23.0096772209283	40.3496451444045
510	395.090814976237	111.965385291557	67.2125729799419	85.229589928591	35.2352579825557	21.4728613596219	20.8479679577018	15.813958776464	18.8643346153002	18.8787974413216	25.2620698649744	9.49690103761367	16.8979161949525	19.5253507772118	18.4176546753039	18.1666196345786	24.2272289757916	30.2484783679256	29.313844155904	21.2411027997185	32.5870744098704	26.5290705615036	17.5836253413876	28.1121328661964	17.5255934555368	21.0784241941559	40.3496451444045
512	755.96984847129	111.965385291557	67.2125729799419	91.0244871958632	22.6997345965105	31.415190662745	34.5344050498086	22.4088884245734	23.2072109735118	16.7262230244305	22.3889443793417	20.1896337298002	18.0047718616	18.0560870419584	24.3204285048471	28.3800646883215	24.5320604642837	31.3756887915843	28.2020844117259	26.8833846011225	32.236955287224	31.026572075825	25.0701923029109	20.7469375742702	20.5979220562014	25.0245719240001	26.1430825619814
514	540.160923392354	111.965385291557	67.2125729799419	38.8104592750908	42.6766866392044	19.5759491738799	23.3308952896591	38.9087054255813	22.13058794892	9.68423598543296	17.2501337285354	21.4009018323404	12.7643326918633	27.8646121318694	16.4084907923725	27.9496482595131	34.6147217823906	20.4172158901359	25.5375795482035	35.004441790938	24.2957441504891	29.3047427279639	24.7332838767076	24.6003782770707	20.1303036550181	16.4019462698609	28.1032484504242
516	546.654072101996	111.965385291557	67.2125729799419	39.28117876444	36.5647689943667	17.3409757461841	27.5501522690897	29.5359670833639	23.7952449599766	19.6128194334084	16.3859496453509	12.8196936582109	25.8747361363503	17.6182745671444	29.0895876505801	18.0767745881553	26.6917504453164	22.9927029263475	25.097535318645	26.0167948585911	29.9715291970785	28.9672504746951	22.3255205811257	20.6656376047023	16.0134897546669	22.6505972282539	23.4443297159127
518	507.874253965043	111.965385291557	67.2125729799419	54.7657310776967	30.3088770084079	37.6211990671221	23.922280793079	29.9224548595732	21.2486715228634	29.7879911469432	24.3482014196089	19.970033748297	14.9681710280488	17.8553700988206	23.5840517661132	21.4896008199967	18.5307694059093	30.2612404358361	22.3541693373672	31.1169969078526	17.9069556220554	18.5986134947201	22.6071387293167	21.5587524086561	22.1117073256641	19.1111504899701	22.9113052577758
520	327.169195269101	274.140417146326	67.2125729799419	35.2733444740358	37.5333313161864	35.5812206052252	16.1473052322103	25.2629843505858	27.2815758124106	22.6013104670725	19.0458918347769	21.2277079916404	12.3144600342375	13.5666075469333	18.7667406368402	24.1925076674398	32.8475569992795	21.2155320992773	35.8974376091554	26.6582087279168	15.7732796134157	30.4485735086413	24.9662202059701	18.7044961459681	14.1938342351658	18.5746266132965	22.3313593698497
522	473.755920912644	191.006184830488	67.2125729799419	35.2733444740358	44.9293786885602	25.7531027333145	32.7264399858128	18.7742439498952	30.5558429589853	25.4592443142485	20.4396767577645	20.4725724669181	22.0597507814986	18.3300265093852	28.5039369508871	19.6102158502442	26.9240723496143	30.2389914581787	28.4610032724338	22.9165555142664	25.5748617566836	22.0311784196315	27.4340934092689	16.4199128591287	18.9195313849719	18.8350699689398	22.6333935682099
524	1103.38485760744	193.495481300674	67.2125729799419	35.2733444740358	41.9942233630979	23.4724248487701	12.434742813817	17.2919187502307	22.1120045608124	16.7845401141182	19.5449168828495	19.7231742137483	15.5686408794738	20.4196408215615	19.2556049210342	20.6864493941976	24.0841975128713	28.2292185377879	20.0126833095307	29.0514825871545	28.320298334586	24.5494322779295	35.6154277894574	20.470774469014	24.5269162162251	27.0359119706989	17.6304750349715
526	486.431318622864	142.606500251943	67.2125729799419	35.2733444740358	21.2893550179885	42.2951526594927	25.225641361704	17.5121848190188	17.9183110816685	18.3112119827152	17.501814253814	13.6759309178285	13.8098677372269	24.4597836633669	21.2975453965193	22.6465133491807	29.2967165370423	24.5440822688552	33.3157189748291	26.07542442645	23.8057679260992	30.1543597984904	19.4943691879778	18.1774598932079	15.5349089741163	17.7252268388617	19.6740208499699
528	542.753088039443	162.73576704021	67.2125729799419	35.2733444740358	32.3710381771772	26.8198288727269	10.6601467228985	14.2205953259147	19.6945672864687	18.5684431227429	28.4023052255903	20.2786907412449	18.003129416963	14.3195662903488	21.6185792012764	11.922374654014	23.122278718677	27.3820771934435	23.8954609732504	14.5008868994427	26.6550233203389	23.7278537972467	26.357483670227	23.0334932016117	16.5629136873505	15.5239028682388	24.487932029362
530	450.330519653376	256.961997995438	67.2125729799419	35.2733444740358	47.3902412107096	29.9376747558844	43.2199809925211	41.4691590728843	24.599081013699	18.8274844105459	24.0115089692458	21.6304629526043	14.1971969424676	17.433629352182	18.2581383005227	16.3989165705656	19.2497022286945	24.3919871205796	26.7373500495102	26.807369888452	28.7145235782917	26.3762221515471	22.2972478389336	22.0205298474578	15.9919644469425	18.2424419868698	20.2331121603655
532	507.979463583691	149.034267215612	67.2125729799419	35.2733444740358	70.3967476521997	30.3748158647682	35.1004129820499	14.635461470035	26.5233568479417	20.4914998431726	13.4002592919653	25.2650264804619	20.5877983820836	17.6917459273022	22.2361024804003	13.1440496288308	15.2905455596175	18.7799455063707	27.9742806832862	29.8586835446719	28.2773249407424	26.7847586109515	30.9189411940416	23.0250072746887	24.3483537347183	21.8923590887468	20.5386097096788
534	463.759365086516	188.985579597954	67.2125729799419	35.2733444740358	30.0988226025628	36.4253054346707	31.1995472522869	11.1410332054673	17.4200538809147	15.2521314773022	17.2918121761623	20.0787172661258	14.6362413986901	16.9512931726646	23.5010567877069	23.1342721231566	22.4312457771575	14.7424805672689	24.098920679964	32.0954369791098	25.216916080849	19.9787619517465	23.7302178805799	21.3232264054233	20.580983008525	19.6501156177689	26.5158798270745
536	627.796308778932	210.860197835159	67.2125729799419	35.2733444740358	42.0068693535521	34.1108813828502	24.8603005162973	28.2565309951791	33.7292777028878	30.9492635286522	16.3129490146646	16.9733929220227	16.9646533285373	15.1760275037172	23.8805958079162	20.7613832399964	32.3960112063462	26.3942073219848	28.8398533901959	22.6155466260271	28.264173366492	23.5223233515997	24.8461602965128	23.0334638926579	22.5652710658043	24.2681529911548	26.936497981225
538	637.274853592255	233.482326125279	67.2125729799419	35.2733444740358	38.6889512828741	37.5347144228395	29.8120612993644	19.126449203753	22.832481302088	19.9794727299315	16.5474686193265	11.480730322187	19.3656440828191	16.4408867805284	19.375014606257	25.6331477241041	23.0961119644183	13.3836046395121	26.5890300538445	23.8587321599424	22.392229654691	23.0496742199234	18.1265249924925	16.2859728090666	30.5390034623934	23.7351778739249	25.3625083156964
540	484.704392172671	118.477956700913	67.5995749041399	35.2733444740358	51.0262941879111	17.5642318183945	34.8684389499844	19.4075371702003	21.4975230427452	17.3623423257617	14.1987737025367	16.2941863594526	18.5428411425772	17.7148176869483	13.7510614263094	19.4936568578525	28.8107207746073	18.9983394052969	21.5701389673298	25.1204415607775	24.5302025695522	27.5607177703971	18.3928899482975	16.5204405125416	23.2272866506781	16.9540179005022	13.8556668958146
542	711.651174943174	220.7821078196	88.4191112038539	35.2733444740358	51.0262941879111	35.7038682320609	30.747871036108	35.5008108773364	15.138931920584	22.0796157859324	13.1214918865065	13.0284301380326	12.2083035032701	28.5924759029381	20.9653356744256	19.8319752104125	15.5756378768189	24.8575862449711	21.9327486883391	24.6166481714556	29.5406971572567	19.5159614596402	13.8193230113123	29.1971018594181	18.3650980328797	17.2313078935424	21.1297808999188
544	500.740214600939	244.660399761148	119.877253815201	35.2733444740358	51.0262941879111	27.2107349181223	26.4546272044603	14.0218122712141	40.9906732591057	28.4400805118778	14.6755795912911	15.6525258635463	19.1812888993427	13.9853335408264	15.2261982096472	12.4799923265834	19.5601236363078	29.9477953113065	18.5865339648801	19.2516549603139	25.3578171430546	21.5744664779039	16.522127132676	24.499948492343	24.0056190382803	14.7452397601778	20.4532321289759
546	904.94361239589	186.379096970396	71.0199453421496	35.2733444740358	51.0262941879111	30.747811684837	29.2984067581425	16.2853352655833	26.0301664687085	21.2825847492605	17.6242696445144	19.5688106480367	19.4844571953446	15.3130520875243	15.4709722719028	21.4507910055073	22.7001792522605	15.2064355664523	16.9922918175019	27.3595211232423	25.752947289615	17.5436228618871	17.6131579697394	24.1425313988708	21.6800201071733	19.661501686726	19.7492368838365
548	459.23441125771	252.486207334801	51.4881321480933	35.2733444740358	51.0262941879111	21.8314826944177	42.1340945697427	28.947951164249	22.9217741522695	16.96618070585	31.6571361128919	18.6165417821133	24.4249348185385	22.2071271100981	14.6511965649737	15.8368031105482	21.1145452028723	36.6536638714181	16.2803937535886	26.7781278058548	28.0797375516338	22.2507167910375	15.3464100204707	10.7164243364471	20.1739111390406	19.9808337652159	16.8836619794451
550	932.391967495294	128.133043127541	114.943107153623	35.2733444740358	51.0262941879111	28.5009985348456	25.1513938107218	29.3664894688335	25.0485856341101	18.7910268204706	26.5461378428597	12.5915088123351	11.8033827722862	22.5366768710291	18.0555695738159	13.0645100207961	24.3579233356351	16.6459891427889	21.3998494208093	16.125055915779	31.4407234173541	20.7655988312263	19.8955646051388	23.2975925736129	18.6096430592382	26.0526372818366	20.3472597660313
552	711.486278111388	152.078168762502	117.083079419802	35.2733444740358	51.0262941879111	32.2097590186782	28.1866663974687	32.0189444448956	25.4974931606977	17.5457391232241	15.6290235721158	15.3916112166387	20.4404955184254	20.6417669497752	20.5361678179234	11.2492046042803	18.8534557455942	12.9623389963712	22.7661746767776	17.4241701636008	21.9930849729076	14.6965813248552	21.1154550942467	18.990247317903	28.4114848346833	22.5878167040383	17.4260230506221
554	482.652980896528	243.079962408214	129.935181471303	35.2733444740358	51.0262941879111	49.1719486035695	49.5021714848589	28.2247289194387	12.9626621872581	19.4655685375678	18.7957813390487	18.2605348137058	17.1270869878391	11.6626469952448	23.117135307667	16.6451581794631	13.1222119524847	9.12492605719095	18.130150234285	12.509416775852	24.4250520931905	17.7805062923429	28.6436940607051	24.9508050121744	23.1342924298928	18.9807273388442	21.0562919210643
556	368.448499939035	224.897585493382	110.137288855728	35.2733444740358	51.0262941879111	16.6843385851108	29.1655592875958	24.323723540514	20.7361558041494	21.4424350702277	20.6107003728058	14.6023436187599	24.8936455351505	22.5622314336349	24.6245647292191	14.8189827377486	16.4290267676666	24.7601060390029	20.4841938231708	20.1476479780502	16.568929547476	26.637868720179	25.5236967393202	11.4594316660173	17.6532990415194	24.4136970571786	16.9170907273631
558	999.652580469054	137.435422514715	67.2078731860771	35.2733444740358	51.0262941879111	37.3542232132987	35.0479339691956	24.7446049164948	30.7020075998843	35.2417921767761	26.9532199428798	28.3537400156224	18.9831288027593	16.9172797056851	12.526956484077	11.8478192658606	15.6605386690996	16.7901400633103	21.8987216824529	23.7653619014538	28.4498959794566	29.0363963233151	22.2499872674689	11.6553059899714	17.9627337950768	12.419396448341	13.7706180675869
560	699.301077262897	256.150592997962	114.055755852708	75.3485863734887	51.0262941879111	24.1728500692787	24.693898245407	22.8884204083471	29.2780666047156	20.5042067501945	13.7058555979572	20.6138253329644	18.0351262960404	14.7500521711915	12.7374291900365	20.8296050984072	14.8850330796017	13.8920574840995	25.4593990225013	21.9681221386489	16.0665853337681	22.6433729199796	16.0362723565146	14.4101126573619	16.2320478285493	14.7414075818703	21.0054330774166
562	582.447363605818	166.111110829217	174.317210189743	90.7531951526606	51.0262941879111	24.1728500692787	19.5779500235839	30.3124550354958	17.8989877082626	17.4085811953722	13.9600350657154	12.6016599209183	24.9517499127937	18.7814032576949	14.1735821242593	14.5222227423335	28.1637926225367	16.331182947529	23.7644834268414	20.143679452034	12.0159032845548	14.0589907348709	20.1732541004818	18.1317606781252	24.8290140050739	20.3715923589392	19.0148389721215
564	527.81039959598	193.284729578079	142.025075469948	56.8414569892778	51.0262941879111	24.1728500692787	37.036605975559	26.1254880629462	16.1958346749993	14.1855280452627	22.1395272374404	17.1130201331524	18.7256717346587	15.2997381910283	12.0278992774356	20.4777204536315	16.5497878502016	11.0879736686256	12.1173409884866	22.7934104638947	18.9198921099585	15.3356201339135	25.4534651285198	11.4345012056379	22.130981778581	20.7703858546984	16.9620677568903
566	873.388887730726	123.008532118189	240.891016093415	79.6274833401584	51.0262941879111	24.1728500692787	26.0956692914769	19.3590381514721	24.7465324032814	32.4903797228704	14.4864189699641	11.6095180011822	10.884160120744	18.1886637115309	23.2635711177915	9.25838018402467	12.3465221559788	13.536913933324	17.936401555201	22.045797885674	20.3837491402751	20.8141784698783	21.9267128629321	10.7410381308068	19.2972015149772	18.9115436901788	23.4361132750068
568	682.963933519603	250.273531279706	97.9595340646032	88.3243771940771	51.0262941879111	24.1728500692787	32.4245300354362	29.5151684390093	23.0635751111604	33.0291191986267	19.6422762613095	20.6592893150134	22.130429990057	14.5291255766705	19.9153447684477	27.0903899427	19.4290448891235	20.6687218933573	22.789809478202	14.1649874843141	18.4228352317161	21.1573751169166	9.12228814910421	19.1144270661411	13.0783499241547	21.4902720176045	12.5400745197693
570	694.23154807677	254.369211332501	137.039714926005	149.671360844702	51.0262941879111	24.1728500692787	29.9714318008479	42.5182626560726	49.0327069184804	28.0022342627943	26.6123155822587	13.5130670385446	22.5245178596886	26.855659869524	20.257306942687	17.965713924234	15.0978248416295	12.8424639592394	16.217588731064	16.8020866634871	28.0909582492222	21.5310084352827	20.6016487971234	22.2245405181458	26.6120112405146	23.0010623982655	14.0229267865894
572	777.99023740387	311.020391453736	126.977282343605	68.6373944994538	51.0262941879111	24.1728500692787	54.9852247351542	30.5512510516941	21.7128944369512	22.8389597263705	32.235817364603	13.768795519273	11.4686266063886	16.4129829830907	14.1971908372478	18.3047237361428	16.5713750402741	22.5995401505346	16.5466336754935	12.2215927553054	20.2936514115028	21.9341070905367	27.3031498140606	17.9299162757768	23.7397961459975	11.7178134004131	28.5664087234204
574	432.603890885925	131.98539401948	129.35136995923	100.943254129184	51.0262941879111	24.1728500692787	21.7823204926753	46.7254956307257	24.3371572359959	27.1316023394486	15.5501513016217	14.0249815686712	26.2886551823464	16.721963055409	19.707890428821	27.3278871525158	18.076107171275	13.3204915742207	25.264400394497	13.6992616401352	18.2345348641986	16.7588700795751	20.3299327604405	21.1440837535612	19.5635392376784	25.0742345338659	19.8600065201243
576	807.854790069946	215.245449867698	223.874395977241	87.0733642395617	51.0262941879111	24.1728500692787	34.8701114551794	37.0204848046344	22.5493074908296	23.6751381901773	29.9279567033099	25.3809064167815	10.4074175903303	12.7848953936021	17.3902484261532	16.4576056507556	24.5622951339825	23.4497166879996	23.2824937228527	16.5040986092429	21.0476092095165	20.4805546448227	25.0726610603905	19.5750089280097	17.5812622605823	24.3273265993907	21.578357887789
578	598.202501774813	411.155087613997	120.804667837511	48.3627240084337	51.0262941879111	24.1728500692787	48.4183353064767	18.8535958785624	39.0486651993053	22.1063330198591	32.243753721467	17.7844641993736	21.2209046487057	15.9097746386465	13.6417142930606	16.7693442718709	13.7617460793261	21.3797285308363	28.6923851577679	18.0982459312597	32.7834764910414	28.9732080417895	14.4277077007719	14.9626361152035	28.6504045732444	9.90882145173118	16.4750366246971
580	532.957922082056	167.409140245105	68.3483412854361	90.2849791311809	94.3987811307451	24.1728500692787	23.0275557355886	38.391748056342	28.0748579691926	40.949725788296	27.3677474006722	11.5268596456097	18.5165318859103	23.564628603593	18.0592200092089	19.7062512756467	14.0152890352561	23.0397971255985	11.4437088385476	13.162215377716	24.4076057899393	21.256161140092	20.332457412385	21.3335027605317	21.9006420017242	13.8670935079824	25.1663283964953
582	775.392831360661	141.953038335404	139.133218945049	91.8670418186437	50.8676886429383	24.1728500692787	23.0275557355886	41.8667579679511	7.13818087160131	14.5867520642256	20.442788955446	16.7641044830683	23.5670879771409	28.4736246496269	18.3775207690941	22.7224869863181	18.1495247618546	24.7472807350829	19.4133720124614	22.7675887373851	26.1434180753793	16.8300767595471	16.1137662541115	21.7125856539671	21.0474375269589	24.4029003716625	11.3843460711501
584	315.734398998896	202.255599300668	99.0420697860836	119.092397381308	40.3030853957368	24.1728500692787	23.0275557355886	19.8976373096317	24.2316287093262	19.0808737648808	30.2602842867262	22.1737101990552	15.9870290692336	19.8425356700619	18.6941753642036	28.5600964515912	18.4714280213597	18.5596668866258	13.1695194288262	17.7376156753049	18.6280137898038	29.3528559168742	15.2206320494855	26.2893706855423	23.9351420572797	23.5305769150439	17.3983842071666
586	963.368846965542	353.328973924003	129.610916315682	95.1872056872357	70.301110297151	24.1728500692787	23.0275557355886	17.3527645745603	27.1286623067283	25.8946302077518	11.5450156527538	10.4066963633116	21.0997827059884	21.7390000018202	10.243374936872	22.1587539697789	6.71701771803059	18.9050822684971	18.7539304081756	20.8216354964535	21.6537916337811	7.46328261730239	29.7784883934882	12.8438817407891	21.7866700094586	15.955714157368	14.745491621775
588	898.156963570974	299.376121400712	131.986967031905	52.8274202873221	53.6859801563451	24.1728500692787	23.0275557355886	26.4825995241321	47.6787384250058	26.3506031702467	25.4427414847344	8.83337831551741	8.2656036534467	11.0591718188199	20.8666171163304	12.6851756870924	19.1423967068827	16.4788907962493	17.7227053146026	11.2948699024093	22.0484455510162	26.5967345838623	13.331526716315	15.2570363862144	18.2684311473052	21.6407283402421	21.0078619370456
590	581.432083190055	334.977556698286	134.224303366951	98.4694765487146	54.5936533073848	24.1728500692787	23.0275557355886	50.8514672468098	28.0620724121552	17.8861969955381	17.9257114111143	16.1704712876825	13.4567679652778	24.1001850894921	24.2479549618587	12.89708553694	18.0713894775548	16.759877003028	19.4271017951893	22.9712969306483	19.6246824299601	15.4655231469321	23.4517139722776	17.7304370940819	23.8891857263227	26.1550835343675	16.7878143727585
592	1185.37601598259	403.023744663229	182.245635332371	82.1081470443208	37.0456455336917	24.1728500692787	23.0275557355886	42.6610467461875	31.1781788748575	29.5981749518818	14.2037894013086	23.7936559970503	23.9940214574945	9.82077224151781	16.9782210956842	26.2631357267164	12.7383556976052	19.9120611881258	28.2629933297952	24.8916273469072	27.1236972710639	23.6152775483542	26.3806791728492	14.6660398383215	16.2181703681491	16.8319416443409	27.9877692936256
594	1120.12795589692	379.270740125493	139.135216570803	92.9310519734314	50.3476381972894	24.1728500692787	23.0275557355886	27.9501027501354	31.7743010268012	30.1259566938087	26.8637190844353	18.6295446566109	8.72286608319513	16.6720879562786	23.5599126638488	20.8133164563183	11.5413287658	14.4964616241944	25.8950830264085	22.3488061076339	17.4341005096815	12.0184056101317	15.3490108211206	12.6373791408353	19.2699565804517	21.4176183323678	12.671895003889
596	965.636596747856	547.241098204107	126.068356811069	113.570722229746	57.7024785994815	24.1728500692787	23.0275557355886	41.1025749863303	24.2637634003948	16.5139942584238	25.2484880036544	13.291976536399	24.8897890648981	27.1763720979517	28.8357629433436	19.6976914840397	27.9231640438938	17.7151986349514	23.4516983803686	25.8018715469326	26.6656861414386	20.4263506929431	19.5414508362909	14.0577759016595	11.2196504872095	18.9005579108719	25.8164108209975
598	536.730048588566	295.128259426854	144.538239329155	86.7485641084341	52.276082968963	24.1728500692787	23.0275557355886	41.8981767564944	27.4864627425883	2.40731357836962	23.5805843343402	15.4879792758692	25.3869910066647	22.5008658872467	14.6912702275709	13.8941200234053	20.9618204172573	24.0675448599563	20.9175317134631	18.5525748567148	19.6293700093802	13.8770439352572	19.9341960283247	23.8675112295667	18.5960057516626	23.7337130806279	21.3800651922328
600	820.59505691437	233.811718831556	130.896726056455	117.879074279178	59.8685309051134	39.6463421975952	23.0275557355886	39.3856686235928	30.7777770157016	22.0612208991744	45.9183497459167	7.88731722529234	18.4723677623304	28.2060625141426	23.2830275028909	11.0049691018473	24.3970037436413	16.8523511965789	24.3550877438266	14.1943052134038	24.6032330207731	12.7197418655373	28.4218136350901	17.0211766918249	21.8534667953563	13.5960274274046	18.4214350037833
