Wavelength	240	250	260	270	280	290	300	310	320	330	340	350	360	370	380	390	400	410	420	430	440	450
nm	CPS / MicroAmps	CPS / MicroAmps	CPS / MicroAmps	CPS / MicroAmps	CPS / MicroAmps	CPS / MicroAmps	CPS / MicroAmps	CPS / MicroAmps	CPS / MicroAmps	CPS / MicroAmps	CPS / MicroAmps	CPS / MicroAmps	CPS / MicroAmps	CPS / MicroAmps	CPS / MicroAmps	CPS / MicroAmps	CPS / MicroAmps	CPS / MicroAmps	CPS / MicroAmps	CPS / MicroAmps	CPS / MicroAmps	CPS / MicroAmps
300	15423.6729100762	10262.6069557759	9137.1501534028	150058.259015887	20248.7808820116	22973.9514342332	2871053.76151515	16206.6692230525	17074.5549973344	19934.5161889145	17139.2210530623	11067.1343438738	9566.25241139265	9179.30995810013	13173.6943645411	13338.5435563559	9621.00828253747	7968.32972761381	7133.07852571816	8465.45720649418	10473.75970074	8248.36245141488
302	17009.4947249309	9556.69684433837	9299.85476824398	96902.6525446399	40011.2018718151	13143.3738025508	20108.5032053298	16206.6692230525	17074.5549973344	19934.5161889145	17139.2210530623	11067.1343438738	9566.25241139265	9179.30995810013	13173.6943645411	13338.5435563559	9621.00828253747	7968.32972761381	7133.07852571816	8465.45720649418	10473.75970074	8248.36245141488
304	16191.5823289808	9059.18148434788	8254.11870633693	50940.5437433193	73921.3181081035	10731.7990577435	20108.5032053298	16206.6692230525	17074.5549973344	19934.5161889145	17139.2210530623	11067.1343438738	9566.25241139265	9179.30995810013	13173.6943645411	13338.5435563559	9621.00828253747	7968.32972761381	7133.07852571816	8465.45720649418	10473.75970074	8248.36245141488
306	14079.1796036536	9278.89472845435	8235.95688028302	23518.68121195	113511.918322068	9345.71705546405	20108.5032053298	16206.6692230525	17074.5549973344	19934.5161889145	17139.2210530623	11067.1343438738	9566.25241139265	9179.30995810013	13173.6943645411	13338.5435563559	9621.00828253747	7968.32972761381	7133.07852571816	8465.45720649418	10473.75970074	8248.36245141488
308	15192.9679965549	9121.46937715093	7655.50267294274	12049.6937129713	143202.495468745	8663.72306954908	20108.5032053298	16206.6692230525	17074.5549973344	19934.5161889145	17139.2210530623	11067.1343438738	9566.25241139265	9179.30995810013	13173.6943645411	13338.5435563559	9621.00828253747	7968.32972761381	7133.07852571816	8465.45720649418	10473.75970074	8248.36245141488
310	13817.435563894	9016.98078848993	7467.12493480958	9091.60765523289	144700.648591868	9106.29397061054	20108.5032053298	16206.6692230525	17074.5549973344	19934.5161889145	17139.2210530623	11067.1343438738	9566.25241139265	9179.30995810013	13173.6943645411	13338.5435563559	9621.00828253747	7968.32972761381	7133.07852571816	8465.45720649418	10473.75970074	8248.36245141488
312	14102.5067348522	7598.75637883994	7371.62618214303	7967.88197692915	117842.012638168	15567.9788380241	10418.3915985179	16206.6692230525	17074.5549973344	19934.5161889145	17139.2210530623	11067.1343438738	9566.25241139265	9179.30995810013	13173.6943645411	13338.5435563559	9621.00828253747	7968.32972761381	7133.07852571816	8465.45720649418	10473.75970074	8248.36245141488
314	13314.4301853846	8038.38749308369	7450.28862139983	7632.99494892353	77178.4840082642	30539.9157283465	8297.34453967924	16206.6692230525	17074.5549973344	19934.5161889145	17139.2210530623	11067.1343438738	9566.25241139265	9179.30995810013	13173.6943645411	13338.5435563559	9621.00828253747	7968.32972761381	7133.07852571816	8465.45720649418	10473.75970074	8248.36245141488
316	12271.1679711227	8549.3686531601	7308.65518584441	6901.81667943684	41089.6301519227	56189.1961208327	7137.571412103	16206.6692230525	17074.5549973344	19934.5161889145	17139.2210530623	11067.1343438738	9566.25241139265	9179.30995810013	13173.6943645411	13338.5435563559	9621.00828253747	7968.32972761381	7133.07852571816	8465.45720649418	10473.75970074	8248.36245141488
318	13355.5043953947	8006.73751699532	7333.79099549537	7286.90364469776	19967.6614088125	85955.3898411894	6720.26591889529	16206.6692230525	17074.5549973344	19934.5161889145	17139.2210530623	11067.1343438738	9566.25241139265	9179.30995810013	13173.6943645411	13338.5435563559	9621.00828253747	7968.32972761381	7133.07852571816	8465.45720649418	10473.75970074	8248.36245141488
320	11777.3956507814	7293.38050971151	7310.80901485472	7793.37780873921	11514.2129415302	106433.134076389	6253.43192116775	16206.6692230525	17074.5549973344	19934.5161889145	17139.2210530623	11067.1343438738	9566.25241139265	9179.30995810013	13173.6943645411	13338.5435563559	9621.00828253747	7968.32972761381	7133.07852571816	8465.45720649418	10473.75970074	8248.36245141488
322	13430.3237467115	8021.4332684405	7532.40624831402	8302.45108075469	8936.1194032431	109956.330240267	6751.72232743571	8545.51129921063	17074.5549973344	19934.5161889145	17139.2210530623	11067.1343438738	9566.25241139265	9179.30995810013	13173.6943645411	13338.5435563559	9621.00828253747	7968.32972761381	7133.07852571816	8465.45720649418	10473.75970074	8248.36245141488
324	12796.4830877776	8562.64169697942	7374.16380965503	8146.05665171904	8278.03880695476	90731.401835118	11236.5699190042	7125.96848483712	17074.5549973344	19934.5161889145	17139.2210530623	11067.1343438738	9566.25241139265	9179.30995810013	13173.6943645411	13338.5435563559	9621.00828253747	7968.32972761381	7133.07852571816	8465.45720649418	10473.75970074	8248.36245141488
326	15522.3985078205	7343.25788574518	7703.36890037217	8270.38678814812	8182.25189566464	61433.9719038539	22450.1170493598	6117.2350949301	17074.5549973344	19934.5161889145	17139.2210530623	11067.1343438738	9566.25241139265	9179.30995810013	13173.6943645411	13338.5435563559	9621.00828253747	7968.32972761381	7133.07852571816	8465.45720649418	10473.75970074	8248.36245141488
328	14075.1963566489	7795.4640999239	7661.69988717524	8375.26062643147	7759.32932984785	35158.2689032943	40741.6547227702	5627.21449912339	17074.5549973344	19934.5161889145	17139.2210530623	11067.1343438738	9566.25241139265	9179.30995810013	13173.6943645411	13338.5435563559	9621.00828253747	7968.32972761381	7133.07852571816	8465.45720649418	10473.75970074	8248.36245141488
330	14231.0161528054	7866.29180204388	7521.24828138155	8123.49336811103	7750.82918198266	17533.6326874363	63583.4385356918	5340.17521391684	17074.5549973344	19934.5161889145	17139.2210530623	11067.1343438738	9566.25241139265	9179.30995810013	13173.6943645411	13338.5435563559	9621.00828253747	7968.32972761381	7133.07852571816	8465.45720649418	10473.75970074	8248.36245141488
332	15600.8579064233	8416.61526954677	7898.2770869453	8504.84904333239	7736.77510141096	10050.3507838253	80681.388698676	4864.83351529322	7892.03742369692	19934.5161889145	17139.2210530623	11067.1343438738	9566.25241139265	9179.30995810013	13173.6943645411	13338.5435563559	9621.00828253747	7968.32972761381	7133.07852571816	8465.45720649418	10473.75970074	8248.36245141488
334	16892.9295355828	8389.16039824739	7376.84441196327	8151.20759474265	7865.02015767298	7918.81390647637	83839.1973008578	5471.37154049894	6271.54269407632	19934.5161889145	17139.2210530623	11067.1343438738	9566.25241139265	9179.30995810013	13173.6943645411	13338.5435563559	9621.00828253747	7968.32972761381	7133.07852571816	8465.45720649418	10473.75970074	8248.36245141488
336	14285.5319640331	7589.84759118924	7676.93412130844	8116.38128999896	8039.21396337098	6944.78497496186	71348.4984720389	8315.17417650935	5417.99518562851	19934.5161889145	17139.2210530623	11067.1343438738	9566.25241139265	9179.30995810013	13173.6943645411	13338.5435563559	9621.00828253747	7968.32972761381	7133.07852571816	8465.45720649418	10473.75970074	8248.36245141488
338	15096.8608614085	8636.79673278809	7517.87450766161	8317.0114873964	8085.29244067	6976.28146836412	50330.1908742577	15871.0742576017	5045.50786912114	19934.5161889145	17139.2210530623	11067.1343438738	9566.25241139265	9179.30995810013	13173.6943645411	13338.5435563559	9621.00828253747	7968.32972761381	7133.07852571816	8465.45720649418	10473.75970074	8248.36245141488
340	16758.2428074851	8165.36794355895	7496.75606069301	7815.64667857689	7971.2645726178	6753.98287175486	29233.0969360195	29494.4777292622	4703.50750798286	19934.5161889145	17139.2210530623	11067.1343438738	9566.25241139265	9179.30995810013	13173.6943645411	13338.5435563559	9621.00828253747	7968.32972761381	7133.07852571816	8465.45720649418	10473.75970074	8248.36245141488
342	17249.801762241	8613.68327741111	7477.13931421366	7759.56995379983	7886.573410089	6397.33399126435	14929.5773711193	47566.6638351091	4181.08911353793	6830.37628941251	17139.2210530623	11067.1343438738	9566.25241139265	9179.30995810013	13173.6943645411	13338.5435563559	9621.00828253747	7968.32972761381	7133.07852571816	8465.45720649418	10473.75970074	8248.36245141488
344	16202.004701074	8646.95441861196	7546.0938328641	7670.42095244478	7639.80419534508	6462.44979241881	8350.19059062584	62025.1912225463	4173.72756276848	5473.9317595819	17139.2210530623	11067.1343438738	9566.25241139265	9179.30995810013	13173.6943645411	13338.5435563559	9621.00828253747	7968.32972761381	7133.07852571816	8465.45720649418	10473.75970074	8248.36245141488
346	16218.4261486716	9215.0677764259	7547.3133831747	7372.79202101828	7459.46222467069	6301.78778286145	5701.13810167043	65992.5728259474	4361.92954158172	4628.64582677641	17139.2210530623	11067.1343438738	9566.25241139265	9179.30995810013	13173.6943645411	13338.5435563559	9621.00828253747	7968.32972761381	7133.07852571816	8465.45720649418	10473.75970074	8248.36245141488
348	15876.4143528443	8253.81659913938	7018.75689531873	7275.68426940373	7213.21957499405	6100.35128410188	5046.03945219105	59068.1652224616	6018.98194681479	4269.74864820818	17139.2210530623	11067.1343438738	9566.25241139265	9179.30995810013	13173.6943645411	13338.5435563559	9621.00828253747	7968.32972761381	7133.07852571816	8465.45720649418	10473.75970074	8248.36245141488
350	16109.3235120992	8219.29404150302	6818.46746068896	7320.30911810545	6945.42600254719	6086.38963921887	4903.21669390307	42706.9330587502	10826.1148174242	3974.89411657426	17139.2210530623	11067.1343438738	9566.25241139265	9179.30995810013	13173.6943645411	13338.5435563559	9621.00828253747	7968.32972761381	7133.07852571816	8465.45720649418	10473.75970074	8248.36245141488
352	17323.9111808544	8428.96224052386	7267.85177931803	7030.61627912688	6957.21158933236	5979.31904655187	4714.48898879111	26014.0550679501	20138.7259179652	3774.57652532704	5952.68964270349	11067.1343438738	9566.25241139265	9179.30995810013	13173.6943645411	13338.5435563559	9621.00828253747	7968.32972761381	7133.07852571816	8465.45720649418	10473.75970074	8248.36245141488
354	17031.4637014103	8633.55897412281	6962.41852782192	6943.85324448314	6637.74620904081	6003.77521481264	4663.80068492356	13771.2752707279	32659.8736257576	3509.46339945289	4699.82527758322	11067.1343438738	9566.25241139265	9179.30995810013	13173.6943645411	13338.5435563559	9621.00828253747	7968.32972761381	7133.07852571816	8465.45720649418	10473.75970074	8248.36245141488
356	15888.897658463	8429.5483458091	6910.81490590794	6842.43391376439	6358.17729804244	5999.08822247579	4655.18742323143	7487.87651660087	45265.0816829987	3444.84046737007	4009.71763724566	11067.1343438738	9566.25241139265	9179.30995810013	13173.6943645411	13338.5435563559	9621.00828253747	7968.32972761381	7133.07852571816	8465.45720649418	10473.75970074	8248.36245141488
358	14782.0274381893	8931.98691841881	6671.21277297851	6583.47749665745	6480.05742582993	5934.5675747601	4668.94355988211	5151.77864671644	51792.1361806607	3531.23079970581	3690.78646074191	11067.1343438738	9566.25241139265	9179.30995810013	13173.6943645411	13338.5435563559	9621.00828253747	7968.32972761381	7133.07852571816	8465.45720649418	10473.75970074	8248.36245141488
360	14873.2156840129	8792.66628516655	7114.90717907765	6714.87480890319	6467.28610351535	5627.87836181827	4652.30724523102	4353.55797864364	49079.2299742942	4483.19490513037	3551.00761116103	11067.1343438738	9566.25241139265	9179.30995810013	13173.6943645411	13338.5435563559	9621.00828253747	7968.32972761381	7133.07852571816	8465.45720649418	10473.75970074	8248.36245141488
362	14587.2292073611	8861.33203148592	6670.93529311385	6481.28266893917	6224.2565780312	5656.02361582597	4500.31972585254	4069.20566618107	38921.3593544627	7042.67342069398	3391.40211995021	4943.55786735192	9566.25241139265	9179.30995810013	13173.6943645411	13338.5435563559	9621.00828253747	7968.32972761381	7133.07852571816	8465.45720649418	10473.75970074	8248.36245141488
364	15280.3033798218	9327.95767718671	7385.32947618869	6638.3608667976	5970.55295167405	5681.74075542176	4423.60788567248	4093.65472496721	26221.8940969018	12720.6046659784	3293.36567646466	3888.44254618639	9566.25241139265	9179.30995810013	13173.6943645411	13338.5435563559	9621.00828253747	7968.32972761381	7133.07852571816	8465.45720649418	10473.75970074	8248.36245141488
366	14877.7849040797	9034.99659958264	7159.0399674607	6376.07094928789	6082.38114310432	5593.27139715984	4746.31374394599	4039.84962521733	15217.8144459402	21511.1166732638	3182.38158921342	3415.1597646041	9566.25241139265	9179.30995810013	13173.6943645411	13338.5435563559	9621.00828253747	7968.32972761381	7133.07852571816	8465.45720649418	10473.75970074	8248.36245141488
368	14880.1776901393	8463.29903960836	7229.53163783324	6678.88524289124	5903.85153062997	5514.42739436578	4779.7790113932	4128.3226403253	8648.69397891106	31895.2462039589	3271.70892501323	3206.08257394524	9566.25241139265	9179.30995810013	13173.6943645411	13338.5435563559	9621.00828253747	7968.32972761381	7133.07852571816	8465.45720649418	10473.75970074	8248.36245141488
370	14619.624700515	9792.06474463862	7206.45238897975	6680.75874954848	5923.20873521925	5693.70662810021	4869.63501598646	4308.93912844947	5668.84174094105	39772.0984286075	3388.90986308898	3109.83022300885	9566.25241139265	9179.30995810013	13173.6943645411	13338.5435563559	9621.00828253747	7968.32972761381	7133.07852571816	8465.45720649418	10473.75970074	8248.36245141488
372	14307.6209842824	8729.4392990734	7375.22641046185	6645.28948439554	6036.92298581219	5711.90734763409	4972.9811913511	4399.67160911141	4858.58660542211	41573.6355895938	4018.91792799694	3070.91453000609	4401.07405635804	9179.30995810013	13173.6943645411	13338.5435563559	9621.00828253747	7968.32972761381	7133.07852571816	8465.45720649418	10473.75970074	8248.36245141488
374	15729.9116744611	9857.42455677179	7523.92485095678	6899.08470060777	6101.39668169834	5693.65209121725	5073.9433968737	4537.37509141736	4454.58911632521	36810.5548850455	5719.48122456483	2989.94879071187	3520.85162648206	9179.30995810013	13173.6943645411	13338.5435563559	9621.00828253747	7968.32972761381	7133.07852571816	8465.45720649418	10473.75970074	8248.36245141488
376	14668.8616961897	9926.92521104074	7451.17647039266	6913.2151757733	6167.84881284619	5627.50620470586	5178.95359923753	4670.8927657885	4548.47578519685	27408.5751842565	9422.63779789811	2968.59169012034	3123.2091476105	9179.30995810013	13173.6943645411	13338.5435563559	9621.00828253747	7968.32972761381	7133.07852571816	8465.45720649418	10473.75970074	8248.36245141488
378	15016.2885173892	10103.8634303273	8194.41719302945	6933.59199110025	6337.39846230989	5854.0833531539	5339.88539057997	4911.62950643455	4514.47934640137	17695.4340248236	15713.860750511	3029.1599282805	2953.56545986802	9179.30995810013	13173.6943645411	13338.5435563559	9621.00828253747	7968.32972761381	7133.07852571816	8465.45720649418	10473.75970074	8248.36245141488
380	14801.3223336516	9875.12906285915	8376.63941171278	7272.27195871177	6254.62885737567	6123.33798516107	5431.1356289043	4992.05558391597	4557.46924577857	10709.0379670246	23908.7000266551	3057.11916911393	2835.76433474463	9179.30995810013	13173.6943645411	13338.5435563559	9621.00828253747	7968.32972761381	7133.07852571816	8465.45720649418	10473.75970074	8248.36245141488
382	16216.178466259	10044.0876879726	8377.67827119167	7129.66301015014	6668.56868185301	6094.65595140078	5678.80113937572	5167.02795079233	4840.7001709271	7033.5167060498	31332.6809752247	3211.11246661849	2784.88971809139	4248.9222748464	13173.6943645411	13338.5435563559	9621.00828253747	7968.32972761381	7133.07852571816	8465.45720649418	10473.75970074	8248.36245141488
384	14611.6962384043	10271.2182057211	8695.98986752319	7450.04806073608	6757.75608747854	6351.70778953637	5862.89567790683	5486.82801754996	5004.758027726	5485.68005240992	34471.828570322	3650.43113825716	2884.76128021563	3317.35938858781	13173.6943645411	13338.5435563559	9621.00828253747	7968.32972761381	7133.07852571816	8465.45720649418	10473.75970074	8248.36245141488
386	14852.7290891364	10839.3150889391	9067.77168868129	7688.48154267068	6743.51187469922	6378.98121705196	6067.35879252602	5787.57154116763	5090.85840882091	5150.30169465901	32726.0239904806	4815.96657653891	2857.00976147476	2919.97150879468	13173.6943645411	13338.5435563559	9621.00828253747	7968.32972761381	7133.07852571816	8465.45720649418	10473.75970074	8248.36245141488
388	15725.3837968225	12072.3331426687	9459.75741635195	7968.61180917896	7050.20059956389	6596.87887016342	6209.07304565241	5911.30129496174	5401.55064049648	5128.73921269557	26291.3866909378	7572.44010581316	2927.74516704137	2745.00830823252	13173.6943645411	13338.5435563559	9621.00828253747	7968.32972761381	7133.07852571816	8465.45720649418	10473.75970074	8248.36245141488
390	16884.8344483445	11669.1135105434	9719.01905540668	8134.21857692209	7391.08624842992	6657.08410936336	6494.64906938593	6197.67790291148	5592.28843441806	5224.99631320215	18540.8336229662	12404.6644049614	3018.91523739873	2746.58620162933	13173.6943645411	13338.5435563559	9621.00828253747	7968.32972761381	7133.07852571816	8465.45720649418	10473.75970074	8248.36245141488
392	16255.7159299998	12098.276338137	9672.42068602982	8353.22211286074	7372.29453618754	7157.41335286889	6602.49230912368	6327.49199261051	5714.31303453781	5242.94760825955	12006.5673005452	18842.6901315899	3143.88894810868	2787.83406981276	4226.10682701503	13338.5435563559	9621.00828253747	7968.32972761381	7133.07852571816	8465.45720649418	10473.75970074	8248.36245141488
394	16548.8583090867	12209.9122641882	9841.30936557409	8759.38891614799	7864.44671556791	7225.58481915319	6985.50534318877	6587.90906442469	6041.97885021703	5418.42496851506	8123.02458978089	25449.9460620656	3403.8385764944	2829.02456980064	3303.90877192644	13338.5435563559	9621.00828253747	7968.32972761381	7133.07852571816	8465.45720649418	10473.75970074	8248.36245141488
396	16841.169600864	12759.8165946788	10382.2182619938	8752.93326254224	7870.81091664114	7429.67576120565	7102.76391902038	6954.49716003135	6257.83767394961	5698.62765339271	6321.69449147899	29245.9323240632	3700.92369611314	2931.10295302075	2824.18376502066	13338.5435563559	9621.00828253747	7968.32972761381	7133.07852571816	8465.45720649418	10473.75970074	8248.36245141488
398	16514.821608019	12738.1284312423	10790.4075399536	9415.19507691799	8022.1542707444	7681.27404932479	7310.18209496977	7013.76242575021	6406.39465616337	5821.98759599071	5671.51832572702	28849.6343771286	4417.45147859096	2876.42608564314	2661.94446435191	13338.5435563559	9621.00828253747	7968.32972761381	7133.07852571816	8465.45720649418	10473.75970074	8248.36245141488
400	16947.7129734148	13524.4953565375	11531.9450617741	9528.20789949499	8110.22954317327	7850.25679907723	7621.44698308931	7338.91207599784	6678.07150806605	6053.47978008227	5535.92855868457	24397.2867572854	6239.91590598297	3053.2171671216	2636.73252971494	13338.5435563559	9621.00828253747	7968.32972761381	7133.07852571816	8465.45720649418	10473.75970074	8248.36245141488
402	17378.6634391286	13245.768385403	11302.8489596519	9521.98571883087	8535.88902535082	7841.68119783324	7828.17223043812	7485.58121928606	6871.73185228446	6308.88431172781	5640.23135612933	18116.976102848	9750.70145670665	3129.58456327378	2646.01558386438	3936.32272813115	9621.00828253747	7968.32972761381	7133.07852571816	8465.45720649418	10473.75970074	8248.36245141488
404	16777.8940685705	14552.5997177298	11818.1846716646	10163.8435233722	8754.44872431437	8135.32950420472	8031.56977999385	7681.10875535927	7147.23939731551	6489.90395366649	5794.77175701351	12442.4321962354	14641.0129631846	3254.79292006123	2721.25554315296	3058.34700495402	9621.00828253747	7968.32972761381	7133.07852571816	8465.45720649418	10473.75970074	8248.36245141488
406	17781.7455873366	14584.4730651596	12250.1095658062	10409.8564757348	9079.86921333802	8334.15749974465	8177.1988838326	7840.09521878193	7400.59777463762	6538.69188148788	6007.36347429325	8606.07142097234	19896.5863551373	3494.37591618746	2786.12612213983	2666.76516667743	9621.00828253747	7968.32972761381	7133.07852571816	8465.45720649418	10473.75970074	8248.36245141488
408	17385.4421475187	14542.5530648325	12536.910099031	10899.8066310373	9383.47499418224	8430.62596069908	8266.64166807325	8040.68079739779	7583.42932884318	6812.15128868981	6019.09647862525	6731.55295324442	24240.5169464785	3634.3481546359	2818.72328723198	2505.43478871657	9621.00828253747	7968.32972761381	7133.07852571816	8465.45720649418	10473.75970074	8248.36245141488
410	18175.4716418481	15069.2144212026	12955.6416257647	10795.319120696	9324.74781619268	8758.63071124013	8398.02858679455	8192.86472734061	7621.20878601541	7088.24874459563	6213.51686471376	5966.44934863697	25408.722011057	4078.71819017399	2930.78017840689	2456.73404906929	9621.00828253747	7968.32972761381	7133.07852571816	8465.45720649418	10473.75970074	8248.36245141488
412	18444.8085133882	15930.5584328854	13061.3158295346	11033.5701510896	9600.65999876145	8865.43477901322	8553.21259053367	8288.69162460247	7900.94291400688	7179.59028356027	6374.34096719654	5859.89412468064	23193.6320159944	5352.15988917833	3002.36531779212	2493.26910967921	3663.67074314524	7968.32972761381	7133.07852571816	8465.45720649418	10473.75970074	8248.36245141488
414	19323.3179182512	15104.6173788198	13606.1394873997	11369.3919456874	9754.66574201656	9023.80081141124	8738.25119401172	8383.27772162382	8086.44436126635	7476.04899059417	6612.51988106815	5893.93555666195	18641.0388782574	7569.26703679718	3171.86660285807	2521.06321360341	2874.48791974287	7968.32972761381	7133.07852571816	8465.45720649418	10473.75970074	8248.36245141488
416	18516.4851594695	15974.2594316652	13834.8640326094	11416.8901810873	10080.9501399238	9241.32387429945	8923.17644457049	8643.10228474624	8153.39588142079	7565.44679751624	6694.02313558614	5862.12914826382	13672.5223128033	11002.1866366438	3328.21930818174	2585.92854595731	2541.81063543657	7968.32972761381	7133.07852571816	8465.45720649418	10473.75970074	8248.36245141488
418	18462.7433763819	16131.9085989245	13986.0323399036	12045.5351505622	10290.4184521036	9472.14604150583	9058.40616376927	8830.66940585566	8294.96779322997	7727.66492543677	6904.4059800964	5956.88365048011	9735.16313921824	15538.3640453605	3414.05884164047	2761.20841785902	2352.44612167159	7968.32972761381	7133.07852571816	8465.45720649418	10473.75970074	8248.36245141488
420	19345.8288781044	16885.2019933224	14546.2830152228	12201.9351873075	10713.3294509988	9414.64780285572	9039.03777332155	8895.04222543758	8504.14122261756	7887.50981145296	7149.62399241551	6238.88522105358	7413.17582650792	19533.5078358337	3582.66580175029	2810.26448224191	2257.97668433571	7968.32972761381	7133.07852571816	8465.45720649418	10473.75970074	8248.36245141488
422	20384.6407157948	16994.7537555987	14648.2389355354	12340.2415573314	10724.1063841893	9691.91605485964	9297.56760337528	9020.18179366556	8414.85017179725	8054.90021337694	7311.20206277386	6368.04783333515	6275.31968009645	21885.1521992983	3818.57952704724	2864.45757286658	2286.83683954603	3368.1552191321	7133.07852571816	8465.45720649418	10473.75970074	8248.36245141488
424	18684.7924490991	16848.2076709697	14891.0819736489	12998.3902476109	10841.8686120288	9548.46364549093	9442.67854880135	9129.65769872146	8743.63400125259	8127.8217487408	7350.62357083697	6344.87552572401	6025.33076897785	21549.7249272741	4341.4855012064	3011.27316790805	2411.0018499938	2676.28493733925	7133.07852571816	8465.45720649418	10473.75970074	8248.36245141488
426	19332.3433083476	17674.5597544301	14844.1691849712	12601.2031207047	10969.5670426104	9869.54231231817	9412.63790270802	9230.13487347407	8690.9617078275	8235.01403434066	7474.13540659065	6631.88237438491	6018.78810955697	18788.7442846948	5586.03693123115	3055.83663356477	2477.24144993476	2361.90419214899	7133.07852571816	8465.45720649418	10473.75970074	8248.36245141488
428	19393.7544904453	17142.3669187553	15533.7914195039	13172.9636520164	11109.9357227338	9879.81120185903	9457.81769946678	9259.74869927986	8980.07219765239	8286.14361066646	7631.50117385478	6720.61135663994	6060.71647494378	14647.4308275437	7721.63779855029	3230.23351507312	2540.55041377952	2204.05435451064	7133.07852571816	8465.45720649418	10473.75970074	8248.36245141488
430	19716.3354065311	17085.9733271925	15389.7104732046	13545.4675769185	11410.9842651233	10077.5570813498	9575.97737620879	9450.18669328545	8886.97277230876	8416.33559984587	7478.75791105405	6817.00219899555	6122.69603393898	10863.3018450116	10678.1587258956	3307.72927922741	2677.27310818896	2196.85908956786	7133.07852571816	8465.45720649418	10473.75970074	8248.36245141488
432	19193.6306087597	17579.9378143828	15079.1179518103	13625.5640527468	11372.6576491422	9981.08492729179	9590.19691553901	9568.95916656887	8980.33369271813	8573.84758774603	7752.95147443007	6881.18214918395	6170.68558915338	8185.20363167068	14171.0510436411	3383.87182670122	2756.82905069694	2219.0478873403	3168.21698949992	8465.45720649418	10473.75970074	8248.36245141488
434	20468.727674696	17812.1970067591	15752.5291054524	13883.5143372962	11670.4514962071	10227.2497347391	9818.52347049494	9610.19247826019	9021.64692862115	8488.1270221457	7867.6359259095	6966.47207149834	6262.20982573652	6645.73102724076	17150.4070056214	3584.91660142501	2831.87128785461	2295.63086685717	2590.92619633205	8465.45720649418	10473.75970074	8248.36245141488
436	19569.4517494411	18851.8195771026	16173.8067116325	13980.3591772599	11751.5913439464	10368.4676185567	9845.92586913554	9584.04981244729	9213.72648073983	8563.48078304876	7956.44752866763	7140.8595070149	6256.61581645364	6119.72218169591	18534.621032662	3860.28754304867	2916.36558188978	2417.62354817207	2343.52675511552	8465.45720649418	10473.75970074	8248.36245141488
438	20348.2402506874	18315.0842701111	16325.5236780689	13885.0763339466	11927.8701248592	10348.3545282248	9847.16262737777	9662.52043137628	9198.66251367783	8657.82428925456	8065.54018302663	7214.29054944457	6403.05609741363	5908.33542904066	17939.8107078302	4519.66443784385	3063.73368236216	2489.37080702573	2163.47811282048	8465.45720649418	10473.75970074	8248.36245141488
440	20643.6467393982	17889.0346853381	15785.5766352296	14337.0043202892	12234.8916893849	10503.2839951199	9982.95749411599	9776.90949927853	9296.10333252647	8556.81828682174	8056.0925358568	7252.22135860049	6470.73497440481	5865.3217674644	15368.6105864413	5795.13550314456	3164.41074272678	2568.65004800155	2130.59421104353	8465.45720649418	10473.75970074	8248.36245141488
442	20030.8250234752	18789.2009810583	16390.8304433583	14140.0190131325	12107.5118413923	10678.4311545985	10044.1887821548	9692.46565170905	9301.74060046847	8788.04106764536	8169.60701292505	7263.44815208187	6590.88213994381	5985.55517449218	12145.9240333965	7831.76064139847	3254.17758168275	2619.75749321403	2153.68739403132	3115.8089311875	10473.75970074	8248.36245141488
444	19112.1770158163	18542.3492416379	16781.0153737519	14666.4906128659	12369.2580623083	10677.0576488952	9972.02574058651	9735.00984438612	9213.02300492369	8719.30690564035	8235.50498741717	7428.41692532769	6652.59143050836	6004.0738069296	9350.36374470797	10479.4109196674	3346.64823117111	2718.1884416175	2231.01860255447	2545.92308833668	10473.75970074	8248.36245141488
446	19657.1039860274	19019.8959595017	16616.2228796621	14857.753600926	12582.0274620384	11090.6173916468	10193.4620409074	9908.29945087578	9304.57313200388	8964.24185660825	8352.6653452918	7441.32860815391	6675.57181865992	6061.00850154005	7270.74439753558	13076.1445686884	3486.27957089655	2883.08145550411	2291.89435357789	2323.1430606079	10473.75970074	8248.36245141488
448	20355.4271105484	18304.3918353624	17294.2124747471	15014.5767925003	12747.2646378586	10841.1139911649	10313.3043115922	9693.77862111952	9279.22790783323	8903.27122084807	8318.28594116002	7425.81492746523	6821.70557437497	6119.9483054391	6223.36784533717	15182.9543668757	3722.07983235313	3022.12516090113	2378.90767555125	2249.43888582262	10473.75970074	8248.36245141488
450	20482.357391174	18864.3253986792	17077.9472679678	15304.5340486569	12751.9921017232	11161.3133194687	10207.5878687567	9884.40514161711	9173.30092264305	8905.73378742032	8316.38299249831	7459.81169686657	6866.18887560937	6287.52815945235	5745.66342347095	16026.5068659058	4143.68835554697	3179.08098790559	2545.31201192131	2222.04516433746	10473.75970074	8248.36245141488
452	19426.7711425848	18548.1178648629	17203.181031232	15504.2064239116	13066.4533056718	11191.8634952373	10378.4310600276	9780.30190664212	9208.95489513087	8810.70468115761	8406.89663362801	7691.71148556938	6921.16117352408	6293.49346805283	5640.40671366602	14838.1011451568	5063.43620421941	3217.51647106753	2662.60464716899	2267.60867513505	3171.70667167781	8248.36245141488
454	18595.479566319	18091.7914053341	17179.0694514558	15320.3324750242	12821.5581815275	11275.4372712766	10324.9499839267	9874.87172082718	9399.61661984587	8962.72539316531	8323.2760309674	7521.8271930783	6983.1570811876	6292.93084647341	5578.91894978715	12719.3717155467	6406.61270294663	3290.51632173696	2765.38283652679	2279.76130821359	2592.97706569502	8248.36245141488
456	18857.9848642699	19484.8695161322	17247.1414503039	15295.3005894749	12880.9728947341	11393.6682982273	10303.2778857976	10018.6805326725	9376.38954743397	8932.96388276123	8519.29336965013	7756.4409874316	7010.09129748412	6433.76012703666	5636.98139904807	10042.2802729808	8369.53003483537	3400.46016235908	2888.59344677271	2374.44860883863	2373.96682630769	8248.36245141488
458	21303.6569835414	18391.0596549777	17790.3354879885	15875.5048282908	13122.96906725	11397.091300277	10536.3858830203	9961.60053825666	9281.4218452932	8957.84407869615	8487.83435783097	7743.1761580857	7062.42795210269	6411.03017147123	5589.71139668213	7854.86354357423	10763.8432786331	3531.12630206177	3014.07032212842	2536.20230784567	2267.29941144207	8248.36245141488
460	19972.3431477	18633.8724007413	17322.0672190803	15639.5107378152	13131.525384702	11461.3095854491	10516.7116188937	9902.66081847775	9398.06625321464	9017.16491887729	8468.3436006382	7757.77059542644	7131.63781477292	6576.81610572151	5705.40779282161	6398.88101107909	12733.1977054898	3712.43260992665	3192.40525864769	2614.41945949933	2257.22781067442	8248.36245141488
462	19972.3431477	19653.3893215529	17275.4950367456	15529.5116722425	13557.898884108	11641.1513003554	10628.0594908588	9871.27349008372	9439.9661951529	9015.62112259774	8465.39825795069	7765.99319182	7152.90017634321	6581.33033917868	5686.51812417077	5716.63195158189	13834.3780588413	3997.30268861183	3283.84756168277	2715.07878925083	2239.02901725706	3051.93410803631
464	19972.3431477	19073.7131148224	16989.0355795268	15998.6061327457	13441.732878668	11594.253860997	10688.7326597694	9858.45894086431	9413.73558023553	8839.43878152598	8397.62805542329	7726.11632154652	7128.12758099851	6615.15099492128	5792.62752086502	5406.39833304495	13719.7811048606	4487.74551291663	3331.5588758317	2902.74983887073	2329.85053671373	2570.83598309371
466	19972.3431477	19543.1475284354	17749.8177896466	15800.9333005994	13503.3714329372	11775.6788082064	10517.8091641595	9960.8421409826	9439.66822902881	8891.21155038481	8376.13877882117	7748.34359323853	7224.29389029851	6612.14572425714	5802.91150027478	5419.61872832898	12457.0666434893	5494.36684881123	3447.10341634275	2991.20450183364	2407.53503623556	2349.56354074302
468	19972.3431477	20124.47652807	18161.8118425952	16378.3383702302	13626.9885658163	11675.4828024359	10788.6027675242	10057.6434710567	9372.4906203435	9030.8906805666	8384.80344521315	7702.62154586839	7135.0294640745	6572.16597493551	5856.71593313377	5382.52212525274	10387.1868004496	6888.47744920877	3587.14772216964	3073.40009820716	2596.02338519212	2313.37439596786
470	19972.3431477	19541.8468348671	17852.9095749112	16178.936672766	13821.6159545373	11757.2231207582	10790.2152534651	9890.03778287022	9327.29877303276	8932.10301943795	8329.79688173689	7677.68760310746	7213.58656334809	6576.26479851727	6010.82857103315	5356.53092303264	8329.70400832312	8461.21286332878	3627.34656509112	3207.96061618773	2708.06703219857	2349.24963962304
472	19972.3431477	20065.7689481885	17860.3104334765	15749.1251654339	13691.102563372	11815.8513156214	10844.5242924938	9962.59379718978	9454.04959479005	8915.91420260264	8343.0359179643	7840.91703454657	7216.76295745736	6585.64512228844	5991.89992407776	5402.14942186084	6772.82667915195	10461.825884159	3755.8337628608	3320.19179625872	2699.43179252651	2317.72529159152
474	19972.3431477	19470.4475165412	18552.7823059016	16321.3390409541	13632.9723205267	11901.4328467785	10881.2340529192	10185.2769808677	9285.9079781613	8975.42379925096	8284.7141421861	7725.53758890297	7209.62095183897	6679.37023825428	6011.46523352961	5408.12644323896	5820.43556333302	11900.4655056309	3938.55752908435	3384.33117152299	2909.57416177794	2376.1375631971
476	19972.3431477	19544.6618225616	18028.9671373106	16156.0504973981	13987.3928888923	12231.5366330591	10839.2937008827	10103.4392654546	9250.51490077535	8920.15750472955	8415.7303451855	7755.27994645331	7062.61545606279	6624.71074127519	6016.43763733336	5381.75845278309	5351.28538548361	12439.1710185135	4294.2598169504	3419.21955672756	2974.77786994407	2473.21898129314
478	19972.3431477	19520.8766684474	18060.1323773535	16550.831553366	13915.4967709494	12042.9690574785	10810.0083135111	10066.6903200966	9414.19475219584	8894.39120949651	8253.31917324018	7679.37925735785	7194.73549018154	6702.08971923486	5990.16253283861	5445.9628065053	5259.50160071721	12009.9199602236	4872.3795086441	3561.60254202573	3086.09249368709	2511.94153175003
480	19972.3431477	19507.0235540927	18020.631255349	16471.6554527167	14134.7355484708	12225.5187330881	10991.8617894501	10006.5516475761	9327.82491651663	8760.80545904998	8386.74638517482	7757.60433140612	7212.63812065109	6750.72199145415	5936.32919669694	5478.98300364905	5113.30485491484	10805.4281107997	5746.8185722889	3625.87981838037	3204.77785435033	2625.51942054885
482	19972.3431477	19507.0235540927	17899.076971362	16715.7017519676	14165.7982075988	12111.0398292999	10846.4205435281	10079.0677412552	9159.2244990164	8795.60319388073	8277.03878752428	7569.20707589394	7206.38910813986	6654.27081834044	5978.80057101802	5497.93229489211	5079.96263578568	8974.07903702251	7003.10289949055	3696.19199254078	3357.35592857713	2815.87155804161
484	19972.3431477	19507.0235540927	17663.0738505402	16519.8470787688	14069.8016304572	12081.4514369719	11026.003110151	10041.0426470769	9213.90075947135	8861.32219676036	8203.71106753557	7613.79931289602	7137.07527685278	6699.06869597525	5987.60343261123	5521.78195516661	5068.03252408008	7313.92123155696	8415.30634514633	3762.94593964728	3388.65073858114	2916.79356748144
486	19972.3431477	19507.0235540927	18541.1930100535	16645.8462145689	14108.4602457055	12116.4659084203	11077.1193089938	10069.8393636049	9335.6741627315	8792.41165528798	8135.59774921922	7667.91287396565	7036.12852825458	6735.9839301901	5937.85468013621	5526.27023608412	5070.9041971697	6081.35947691169	10014.139505747	3977.73209807077	3540.45523042669	3013.59140582755
488	19972.3431477	19507.0235540927	18308.5937225218	16171.5045503207	14091.6428857629	12243.318378028	10978.757421342	10063.0582511552	9221.59127824202	8720.23257558135	8105.75987044298	7649.06756279278	7125.18323432565	6587.41994542191	6022.97444214827	5568.89136200923	5086.39797525734	5488.16272016707	10875.7557383979	4082.84868277681	3531.78054552975	3161.45761786364
490	19972.3431477	19507.0235540927	17863.6044993176	16206.9979487223	14029.486080916	12167.3929408093	11049.6253534529	9990.83693386015	9179.17604139689	8647.6881726499	8140.0673423344	7482.02553170068	7081.96254294041	6551.61738108815	6033.86929082914	5489.77712190003	5068.32022425613	5067.82922621461	11248.3088844509	4324.92327418631	3634.51511017478	3227.35633226634
492	19972.3431477	19507.0235540927	17899.1212765985	15920.6734845588	13990.9028025061	12382.9680168928	10893.5612341411	10023.4127087501	9242.51920355795	8552.75045674047	8097.75942964341	7562.91030133599	7007.10777800951	6568.57668044344	5984.30801647972	5476.11072740441	5137.33327903383	4990.67668874781	10673.4213296305	4953.34510051774	3742.80117745914	3330.30456557046
494	19972.3431477	19507.0235540927	18561.0773120165	16476.55000965	13921.1126900261	12247.8084748162	11091.491261151	10079.7009277823	9214.28502806497	8643.29986203617	8066.47754239014	7384.73442017842	6987.58940216916	6550.75526339365	6037.58395358121	5463.62323364601	5078.55871375397	4922.0477258394	9486.77949178947	5720.29051616404	3806.77000821842	3420.1247421833
496	19972.3431477	19507.0235540927	18697.6339944596	16631.5656633429	14001.7642867712	12158.0486622172	11092.1620521221	10169.9006301407	9238.74938911108	8480.17860825181	8087.17305173568	7404.40296598463	6883.98028613022	6521.83153534474	5939.49210656885	5443.05513032224	5133.87530787936	4923.1315217017	8022.9105857081	6697.12626217165	3796.94451371931	3449.60757021904
498	19972.3431477	19507.0235540927	18716.798119388	16006.8017835298	14061.8284265763	12236.1934139106	11052.9390544772	10121.0433166226	9124.47082350249	8456.6252813001	7884.20055629905	7343.05791949712	6765.32889906644	6446.16540286672	5921.10981826129	5452.22407224929	5073.9338234384	4898.62611508153	6664.09898076872	7846.89372811686	3975.32047678683	3558.48065022639
500	20840.6504626316	19507.0235540927	18779.076676343	16220.6742202388	14077.8493608356	12080.647789043	10854.824129486	10121.2049532313	9130.46187633456	8429.84304206041	7770.49702718387	7180.49072221596	6724.14224068329	6516.90098510401	5950.33012902058	5382.40338663732	5109.48036683296	4884.4286386191	5724.73010482712	9075.50788383417	3972.87809157013	3515.25922932742
502	21102.5916832991	19507.0235540927	18779.076676343	16149.8201211989	13606.2833354418	12195.5032676641	10794.8998074257	10004.7310128312	9032.78222219523	8404.94864507204	7792.5508706271	7135.143037845	6748.43146403746	6346.45706115265	5761.93381490462	5381.20114876383	5013.09467721568	4791.79827685249	5155.06442449011	9841.98751958785	4085.39724856846	3611.87943759659
504	20439.8565624133	19507.0235540927	18779.076676343	16220.382242879	13822.4555592276	12107.8710433808	10817.7105136729	10080.4187292526	8933.11770567884	8163.97415477004	7763.70397849261	7039.75516560269	6814.27260487221	6325.93458256967	5788.45200013434	5326.87268007001	5075.50575006128	4715.82890619767	4829.06761330087	10079.812204811	4352.56932218877	3620.62460129867
506	20042.5902905457	19507.0235540927	18779.076676343	16049.9529287805	13834.2924365592	12261.4722829278	10797.9354449187	9806.90135776809	9013.43348004272	8053.58487699454	7761.5002618158	7000.32122952063	6682.49072212031	6392.62297930133	5776.00685224087	5237.12857938991	5016.81752094735	4799.18165590174	4745.79263634429	9516.45106881304	4760.23775257352	3699.99905172169
508	20258.7420108036	19507.0235540927	18779.076676343	16012.592378641	13656.7658101537	11858.8937624883	10734.1711338921	9809.54942535218	8893.37046105161	8186.64171789911	7596.14770175367	6939.64293318614	6558.8311840684	6222.58641477135	5774.76795559143	5330.27559861731	4967.49254892698	4801.33558531645	4712.18069712998	8617.95711924073	5435.2887688579	3804.29564550668
510	23025.8210897759	19507.0235540927	18779.076676343	16123.0895920825	13722.9339419936	12019.7092582131	10747.6169830777	9812.87711210786	8868.76808095823	8019.96451137327	7531.96224601353	6987.76805203694	6500.99796497755	6259.85046940823	5680.70427508898	5171.87316155925	4979.02179129278	4671.92537915697	4584.36003036581	7365.94494090761	6220.95002198194	3759.87178537203
512	25927.1099910876	19507.0235540927	18779.076676343	15923.2586814384	13868.0658752742	11750.9820530631	10837.0748362561	9758.19553322825	8757.45741747862	8104.94840094462	7497.41872348659	6830.49444622745	6515.75462028811	5994.6653463638	5761.50405229844	5188.57567320034	4860.61411736452	4680.97021057196	4573.66379733484	6129.70520335751	7184.91432151022	3792.02269930183
514	31538.6749438774	19507.0235540927	18779.076676343	15971.6221854795	13617.5453851083	11895.6280691167	10432.3656539931	9817.32557332349	8634.84554758736	7918.61541637314	7452.89495510157	6708.62423074405	6399.85978604712	6005.16411692999	5616.20282844257	5185.57112212243	4895.15504024408	4732.54374040397	4520.26548007812	5350.92175177544	7933.66255468806	3923.40507818399
516	38824.238793987	19507.0235540927	18779.076676343	15696.4728500335	13638.9845640381	11850.9089902525	10617.4630799094	9677.61219480976	8511.40695098285	7967.1275636916	7315.36153916118	6785.86142863365	6375.29461398235	5933.52874622512	5536.00994736098	5129.6019818086	4845.20555106843	4614.42865325166	4499.3380866225	4876.23891071876	8666.19884956667	3947.39775735096
518	49240.0331383029	19507.0235540927	18779.076676343	15939.8690331111	13603.736423693	11569.3733157685	10456.2328818127	9648.49598708385	8653.17106388223	7765.29105703471	7225.27865095344	6609.20412040367	6303.17339420287	5993.8876727216	5562.99127053966	5036.36744288584	4777.2190540151	4519.46143859644	4479.6663265934	4596.05891638578	8841.37255268352	4194.53362632702
520	62161.6509126676	21621.9972591963	18779.076676343	15878.4962951284	13245.9637583955	11312.9170322366	10406.5031548134	9531.7255965287	8592.91792957502	7872.18143090467	7048.72887654437	6495.34290709629	6203.60231313048	5834.57182080479	5542.37854690492	4992.5685689654	4725.40923261225	4495.42117553212	4432.09612406048	4489.75602022859	8548.08770154963	4519.08626904249
522	72544.5653659619	20617.1434681612	18779.076676343	15878.4962951284	12848.7409130188	11671.0803982243	10301.0997036523	9353.72918834022	8444.98441647682	7648.94576419913	7050.87309485667	6459.27622911208	6039.40479726676	5718.32699400598	5430.20140524435	4870.64130802875	4632.28900628392	4483.97032848502	4394.54953729207	4324.11028244206	7648.24773128841	5132.82921031949
524	77396.3891398336	20234.5173957291	18779.076676343	15878.4962951284	13083.1417341019	11535.6130249246	10207.4348805739	9147.8817085782	8340.80858664672	7542.08795295382	7132.69600857763	6557.98880504412	5946.60818181921	5648.82172427146	5275.11405290574	4876.10609920985	4640.21229711623	4444.20217725905	4296.82414781919	4239.6149663246	6607.5320057257	5802.49786035558
526	79675.9728543817	19918.1112635572	18779.076676343	15878.4962951284	13170.5980542799	11237.5014362048	10135.9527036734	9161.25133059862	8321.49909568018	7539.781041267	6796.7536250818	6425.16461052594	5952.89525137823	5630.6415685183	5095.97798650915	4830.44107336375	4566.48171199567	4376.32146806918	4255.16370463413	4237.24409999952	5667.65104404924	6603.17430710972
528	78382.4537846733	19506.9650154042	18779.076676343	15878.4962951284	13451.6626931675	11187.7112662114	10009.1339624306	9107.30212563609	8132.05853521892	7466.20522146611	6794.22295750313	6245.89344581563	5890.65952223644	5598.35237807811	5084.47636418699	4818.11764045826	4507.92516530717	4404.54450103761	4288.27578488421	4241.98118360966	4973.24814465024	7183.98469205259
530	66137.6185856403	19888.3401680683	18779.076676343	15878.4962951284	13011.8998399884	11088.7122470734	9805.67554009665	9127.05458497284	7978.25627118621	7271.00616799851	6690.59005868319	6146.0621160902	5882.59121098511	5330.25832728573	5034.88109496802	4681.85931000342	4403.52163244816	4264.09529093891	4105.22906751326	4138.421506347	4542.16532056766	7764.43889194652
532	54795.9472552621	22314.6090719682	18779.076676343	15878.4962951284	13169.5052438156	10776.7273972633	9703.7331997365	8884.42579671185	7902.65059871013	7252.27818140727	6692.3886937166	6086.39784977987	5759.85482802438	5423.01370952695	4989.18440342536	4648.8682809231	4473.00713073231	4182.10249449092	4156.99930361289	4046.62024868026	4097.6255328355	7800.17519348987
534	42215.948523822	27130.9062358811	18779.076676343	15878.4962951284	12935.5719419547	10877.3171015871	9976.34311087392	9063.6300912388	7875.18505714271	7140.37307959767	6438.44316193636	5993.40372116863	5721.60922576539	5240.11565782986	4894.55892329273	4519.80284537139	4390.8432537215	4217.38143594712	4028.59698946748	3979.43796831592	4008.87549748943	7441.09258715302
536	31871.0434915876	34613.5904735379	18779.076676343	15878.4962951284	13002.5425791778	10688.3721092677	9569.77590363563	8652.26519370716	7822.53251107215	7029.91417078235	6459.01065884202	5926.40607907537	5527.61815358334	5204.70589701837	4884.92794653312	4486.54817682268	4187.24483547124	4077.16811931013	3987.89993409506	3984.07634361475	3899.83805199673	6854.98330471509
538	24426.8538182419	45740.9378490318	18779.076676343	15878.4962951284	12940.6768659795	10702.8918812552	9611.78330164999	8492.78527860827	7897.02542591036	6926.65380063626	6503.45165295474	5839.09536181261	5441.44992732967	5136.11690901503	4721.79865506306	4464.38063858069	4140.59316296069	4000.75129791531	3999.35672787444	3897.09583700162	3880.2091170428	5897.70896673583
540	20726.31977521	59437.9768394126	19882.2168385992	15878.4962951284	13090.2557777056	10632.5745645759	9346.29317537378	8322.72596835247	7445.28171390266	6959.87076672131	6312.65817561224	5810.77439937698	5302.80183992953	5155.70851016065	4621.0854614006	4325.38318101104	4167.38989695347	3893.22034233389	3866.01511090712	3838.59920896817	3785.12457086268	5046.69152680021
542	18087.6442921783	74619.6474791774	19162.3505097646	15878.4962951284	13090.2557777056	10402.5214651959	9271.12438050629	8377.91082872128	7423.49458595344	6796.09043881166	6199.60097609658	5750.93016466385	5286.79413581365	5024.18997021398	4600.32698345138	4309.73909509933	4054.58327382958	3869.86086747544	3874.95159785336	3871.78278800118	3744.00121738455	4401.45627758159
544	17737.0080380754	89185.3349042878	18365.0419316617	15878.4962951284	13090.2557777056	10550.9626624179	9271.33639968371	8340.32793992677	7384.70313728923	6718.17667454248	6149.44084324185	5586.38984691554	5152.86547107361	4887.24715529202	4502.24319283039	4141.27000588233	3996.39673218471	3874.99436143911	3650.61152952174	3749.99457572868	3719.91198650784	3969.32500026074
546	17162.8810252068	100775.108382686	17714.4984375252	15878.4962951284	13090.2557777056	10522.4745754208	9170.35153932652	8017.85014913185	7256.96841739438	6545.02802575181	6002.41252376783	5533.19447593477	5239.23174948058	4879.11091004418	4422.86191885552	4102.22229911816	3861.12783190641	3755.41178268909	3711.45238138055	3676.51343726713	3635.87146960657	3692.03116657337
548	17016.1943353601	104771.451498788	17173.2745161609	15878.4962951284	13090.2557777056	10296.1854983662	9048.88087475546	8199.64247782805	7245.32841311491	6421.49487827077	5927.19931533614	5371.083548338	5046.69538653497	4673.11333408291	4312.35579422087	3982.81160963568	3901.37159476184	3747.15112889179	3631.90689188571	3549.80912414907	3539.46883692742	3552.84763501171
550	15509.4703518164	101870.255850785	16791.2243738498	15878.4962951284	13090.2557777056	10490.9673397283	9025.767127951	7878.13198222083	6953.02844052953	6345.47603146499	5789.55952519659	5323.37493737846	4896.98993479369	4713.36559045573	4263.94951562438	3981.19098295669	3780.01440254909	3593.80867688315	3547.39275301774	3469.52251279401	3418.3695612281	3398.29167266165
552	15608.8562767198	90599.311011917	17046.5055419097	15878.4962951284	13090.2557777056	10548.3220215597	8858.44875542151	7943.30557643652	6976.33916648966	6371.61399503802	5767.75850259829	5205.1525475154	4937.00864291018	4563.79668000876	4157.75176467909	3934.98257217737	3702.33466472408	3581.15362840794	3443.49183365874	3405.08039976498	3341.15016847608	3403.14220803155
554	15525.9664701157	78896.0305441733	18485.968878852	15878.4962951284	13090.2557777056	10528.4417702859	8719.25997036421	7709.59831523669	6753.74100535171	6015.96525878744	5680.51643722659	5146.22576258522	4748.0477986999	4473.93287562179	4080.99168125735	3789.93458142136	3574.82076189395	3542.37915673025	3441.30499874391	3353.71520545496	3295.34504699653	3343.87743148367
556	15564.1489912376	61355.1344328743	21959.7682495995	15878.4962951284	13090.2557777056	10598.3298559377	8720.06948047061	7676.745323542	6848.02372454038	5964.99019156175	5559.54691781875	5135.00808924825	4651.49937455152	4355.60060503653	3984.20142888482	3747.72816996784	3586.08092223113	3452.7109194796	3342.52931638714	3268.5799038344	3180.85940148409	3171.59371298025
558	15491.7546206183	45592.5048099992	27879.8201522705	15878.4962951284	13090.2557777056	10355.6587229414	8485.00616523472	7490.28747144628	6708.13979702574	5919.25666250805	5446.97897871242	5050.19793029818	4609.52990603598	4375.4176851098	3959.95637351299	3658.49815972087	3481.95874463993	3281.75734481214	3224.85591370961	3204.5928638496	3213.53562849555	3110.46564098467
560	15507.876789998	32690.7341005095	37037.2922457373	18020.1831788197	13090.2557777056	10525.6349085831	8246.47828778153	7479.52837152291	6598.42207731628	5925.8732170647	5304.64116597419	4848.54862406519	4532.33311386362	4153.94647422212	3856.13310174605	3618.93292190103	3397.63273731175	3237.19414279625	3147.20629727392	3105.47458660995	3099.07966774516	3118.37786671005
562	15468.6342039953	23048.6372866592	52318.4022266786	17206.9400702141	13090.2557777056	10525.6349085831	8286.07471199426	7459.78145419915	6386.5345982769	5736.62751310534	5256.38030520189	4753.97208406954	4467.41497284282	4156.49289579961	3798.59023726801	3495.10130604037	3366.92451401384	3198.67859275137	3147.38163098831	3112.33956758281	3106.5419785987	2987.82953677877
564	15555.9455061138	18702.2846290299	67300.0157404782	16438.453460953	13090.2557777056	10525.6349085831	8450.70402137982	7307.33510607229	6158.00984171685	5733.78072745725	5150.42810667856	4684.32813039118	4384.11229629345	4045.11417111317	3770.11080754558	3500.10137379602	3282.6073009095	3180.56056380689	3054.67595317588	3045.56773225055	3024.22122451648	2862.13669407672
566	16301.456458634	16575.5865472776	85447.7966113682	16010.2866915835	13090.2557777056	10525.6349085831	8566.65749329101	7176.93998154893	6274.65604414965	5615.59439779825	4994.18034162732	4642.03194867793	4267.54423413589	4001.30365327739	3597.30298563428	3391.88942572791	3256.0227255639	3136.09841919797	3032.41459076221	2998.41255888214	2894.21635688094	2890.2311096478
568	15090.4432308154	14982.9851844861	99584.7513138781	15212.638866998	13090.2557777056	10525.6349085831	8609.4569637254	7077.60344266107	6170.89380074635	5445.05795211671	5012.56606487368	4608.14152499307	4177.42780759257	3853.90495960834	3604.3972915697	3236.43125240923	3184.07393288655	2902.45000724403	3011.2381875178	2906.17417976279	2837.0805194179	2837.89972512661
570	14651.5283006676	14086.9674115806	110688.61323729	14881.6104031882	13090.2557777056	10525.6349085831	8420.42000654927	6923.89109219531	6024.37112920757	5481.82399842782	4830.99378179839	4455.57071214451	4093.12350880218	3880.43160288356	3542.77279108205	3199.63532214401	3073.87137983452	2936.58879708733	2854.7845462184	2869.31314452021	2782.92076275567	2755.60073358633
572	14781.3747614116	13873.4201007229	112560.981167296	14986.6099354001	13090.2557777056	10525.6349085831	8443.98620899027	6856.33614073777	5995.33915048121	5304.43440324668	4822.21033619108	4486.96702440178	4075.39272146533	3744.80310070789	3417.25988084214	3172.6978998052	2949.28238510178	2815.04279060383	2819.35664601212	2804.18652027488	2698.63397726036	2697.40664801922
574	14400.9035169009	13582.3769809355	107180.523186654	14496.5467882047	13090.2557777056	10525.6349085831	8723.16963675198	7060.95388892079	5904.20310789349	5239.92546544491	4725.88235487408	4374.55939501253	3834.91163941262	3673.55415927272	3377.15310330091	3120.43229985506	2871.2870507141	2798.98305129265	2800.32452845423	2686.97885898135	2622.06131270045	2648.93345399469
576	13942.6056423845	12803.2180620083	95870.0350023434	13926.465986975	13090.2557777056	10525.6349085831	8772.44192800264	6746.39417629053	5727.79058757049	5113.60992138323	4675.43967320489	4202.63273168762	3896.08349543802	3589.84332457755	3316.902392219	3099.54230194474	2837.92098313891	2834.07049346535	2749.88488740683	2656.86203855062	2666.66150998994	2580.90883042746
578	13730.2161311538	12896.837878311	77444.2558030026	15423.5590226734	13090.2557777056	10525.6349085831	8746.78351879084	6678.63582881228	5779.22539607193	5158.2821791273	4471.27275281975	4159.51327644466	3868.2256737343	3550.96166248824	3252.36272552362	3101.43498835659	2765.38257775265	2792.58336010388	2636.22140104486	2682.57516239124	2499.26913680881	2553.24933240551
580	14132.3218006648	13101.2035131748	61297.0935169324	18930.1229033282	15162.8322595451	10525.6349085831	8784.5853915296	6739.78268186911	5699.00030377739	5115.090896162	4478.26714963418	4142.39173569936	3749.81435553487	3487.30472138637	3210.5168890294	2953.37738340479	2806.21807422046	2677.42663201758	2491.77793154661	2591.01753339113	2527.22153279696	2467.47390732615
582	13637.7652371071	12550.8179864834	45317.1671799668	24413.6298134517	14273.7971233868	10525.6349085831	8784.5853915296	6886.38658707511	5584.34544585049	4944.45977543526	4358.36054782158	3962.80233413684	3720.41679797612	3453.18226767721	3054.43383063386	2864.33127555604	2695.56294744828	2589.24596413602	2516.92347022507	2452.34378958905	2493.58485731142	2390.16872717869
584	14725.253350606	12163.6028901492	31672.4319612079	32463.3305439573	13807.0485188766	10525.6349085831	8784.5853915296	6820.24440705937	5304.90855830397	4829.43593819797	4285.00896141456	3914.23884182578	3635.10373313168	3317.87675356298	3019.69429896792	2733.55510740004	2632.9771458151	2512.7193273453	2480.16476982648	2459.64251420935	2395.89706557139	2322.10786557891
586	15112.1701254791	12593.8003665969	21986.6131687771	46028.8481671361	13224.8106974169	10525.6349085831	8784.5853915296	7051.87062186529	5367.73236019403	4859.40509366014	4166.50758483874	3793.90174081218	3527.87614344836	3268.18580998108	3025.35426536536	2794.8667247471	2645.7406688212	2456.1740141293	2348.65394554225	2462.85093744831	2311.73712254084	2219.0300793654
588	14232.2773012597	11906.0527327538	16039.7562505837	61570.0404308091	12657.8772342392	10525.6349085831	8784.5853915296	6821.9037178557	5568.13812698979	4714.0939716982	4228.14601480826	3683.72937257355	3541.76401031928	3195.56815067487	2931.09453318867	2647.7185872676	2459.35228557499	2444.53871680625	2371.18074834592	2363.21713315835	2315.80070710619	2238.1771750033
590	12378.8937131029	12017.0405403631	14008.6004125166	76929.4054677488	12789.7866325505	10525.6349085831	8784.5853915296	7060.67069476117	5366.16707954973	4771.4142375665	4020.40948136387	3777.43106839123	3362.66495682885	3048.09823058379	2837.58644596082	2580.07537481152	2449.88122499982	2421.50523285851	2369.97204384151	2262.4643110043	2209.61642438616	2134.24716479258
592	14835.9555529732	12151.1687362231	12540.9206853747	91959.9469411946	12255.701185823	10525.6349085831	8784.5853915296	6887.04160666471	5421.44167231758	4588.72369836784	4180.09652119458	3547.44013998927	3355.17386757427	3061.09442177726	2681.79783109142	2554.9584255235	2471.17825873018	2294.94273267001	2339.01442498185	2192.53411528569	2186.80420993595	2172.58641640248
594	14808.8134765831	11463.1851296175	12863.3459164959	103914.56722148	11753.6987098935	10525.6349085831	8784.5853915296	7175.91177570034	5110.78630042347	4612.3903330348	3955.81850044916	3505.00564857463	3279.67068957125	2992.36734926064	2824.61737313679	2474.75159534345	2381.12639024968	2203.21675592197	2182.7867695323	2189.12232894022	2125.12284390771	2107.71899382728
596	13582.4796224954	11422.5144580143	11145.3311871814	107721.933031174	11218.8498622263	10525.6349085831	8784.5853915296	7270.39066428935	5203.07962631342	4312.70893795079	3920.65843821623	3606.97852316544	3279.98392685878	2948.88807812766	2584.7811498058	2467.56596142231	2407.35610794054	2261.79893461531	2151.03281623323	2134.7003141966	2078.72282874097	2052.05053456055
598	13978.0696999952	10992.4260419095	11512.0260474015	106348.249620467	11106.5811787359	10525.6349085831	8784.5853915296	7041.73301221553	5126.13325967912	4174.24523762068	3722.92611424983	3441.96636910021	3164.60697553884	2868.20535237554	2525.76316006442	2395.35987606544	2282.3533657449	2183.57105996605	2089.86382156201	2044.75897973729	2006.4760681068	1956.43254920156
600	13578.4695675147	11567.7231277916	10852.9737291813	95567.5856221717	11204.6234985521	12372.1358682939	8784.5853915296	7590.04994641894	5104.06575054767	4395.4798628082	3848.46233219527	3303.87674357802	2978.82046815097	2805.01338393955	2586.02281197736	2380.49744039254	2205.99107010829	2077.78915223538	2012.26910111348	1952.43896168472	2025.562580459	1933.90018756857
