Wavelength	240	250	260	270	280	290	300	310	320	330	340	350	360	370	380	390	400	410	420	430	440	450
nm	CPS / MicroAmps	CPS / MicroAmps	CPS / MicroAmps	CPS / MicroAmps	CPS / MicroAmps	CPS / MicroAmps	CPS / MicroAmps	CPS / MicroAmps	CPS / MicroAmps	CPS / MicroAmps	CPS / MicroAmps	CPS / MicroAmps	CPS / MicroAmps	CPS / MicroAmps	CPS / MicroAmps	CPS / MicroAmps	CPS / MicroAmps	CPS / MicroAmps	CPS / MicroAmps	CPS / MicroAmps	CPS / MicroAmps	CPS / MicroAmps
300	3106.40363707827	2948.92345887804	2567.808859487	146127.562056025	13697.8592751748	7724.28553848197	378447.134594011	4656.31364949351	4166.20407287407	3962.20948810125	2953.69026180487	2345.47117429557	1929.5778274612	1747.39414499581	1808.14753981286	1751.3546036008	1367.05620746871	1215.44944016725	1091.64625229875	1163.90800912852	1306.2695263635	1089.3481662455
302	4355.89267513114	2911.89743900074	2017.97839127441	92901.4893036322	34349.7401251722	5328.15413655811	5837.31210150848	4656.31364949351	4166.20407287407	3962.20948810125	2953.69026180487	2345.47117429557	1929.5778274612	1747.39414499581	1808.14753981286	1751.3546036008	1367.05620746871	1215.44944016725	1091.64625229875	1163.90800912852	1306.2695263635	1089.3481662455
304	3718.73511114187	1834.57006157936	1992.91321520769	46091.4487390844	68757.330697762	4738.63317448203	5837.31210150848	4656.31364949351	4166.20407287407	3962.20948810125	2953.69026180487	2345.47117429557	1929.5778274612	1747.39414499581	1808.14753981286	1751.3546036008	1367.05620746871	1215.44944016725	1091.64625229875	1163.90800912852	1306.2695263635	1089.3481662455
306	3296.56710113908	2852.58899590965	1555.84903001894	18162.91721851	109015.507567634	4190.3041736776	5837.31210150848	4656.31364949351	4166.20407287407	3962.20948810125	2953.69026180487	2345.47117429557	1929.5778274612	1747.39414499581	1808.14753981286	1751.3546036008	1367.05620746871	1215.44944016725	1091.64625229875	1163.90800912852	1306.2695263635	1089.3481662455
308	3650.54986253677	2542.66044726465	1571.5582716651	6364.88121358932	140380.783490346	3671.86190441464	5837.31210150848	4656.31364949351	4166.20407287407	3962.20948810125	2953.69026180487	2345.47117429557	1929.5778274612	1747.39414499581	1808.14753981286	1751.3546036008	1367.05620746871	1215.44944016725	1091.64625229875	1163.90800912852	1306.2695263635	1089.3481662455
310	3945.11317971312	1370.86768549754	1825.51377027382	2718.74479215616	140604.421758101	4782.45187914679	5837.31210150848	4656.31364949351	4166.20407287407	3962.20948810125	2953.69026180487	2345.47117429557	1929.5778274612	1747.39414499581	1808.14753981286	1751.3546036008	1367.05620746871	1215.44944016725	1091.64625229875	1163.90800912852	1306.2695263635	1089.3481662455
312	2717.21093557706	1821.29361508506	1644.09638692641	2000.0554841352	113521.568110778	10893.6681232621	4288.34677240875	4656.31364949351	4166.20407287407	3962.20948810125	2953.69026180487	2345.47117429557	1929.5778274612	1747.39414499581	1808.14753981286	1751.3546036008	1367.05620746871	1215.44944016725	1091.64625229875	1163.90800912852	1306.2695263635	1089.3481662455
314	3052.18897230403	1712.21255870423	1673.86821943923	1419.63310208873	73623.0809533099	25582.9674714167	3732.24512428248	4656.31364949351	4166.20407287407	3962.20948810125	2953.69026180487	2345.47117429557	1929.5778274612	1747.39414499581	1808.14753981286	1751.3546036008	1367.05620746871	1215.44944016725	1091.64625229875	1163.90800912852	1306.2695263635	1089.3481662455
316	2838.88179403526	1683.41265429141	1575.08826309086	1343.91285820476	36045.5369675672	52002.0065605526	3236.95565051979	4656.31364949351	4166.20407287407	3962.20948810125	2953.69026180487	2345.47117429557	1929.5778274612	1747.39414499581	1808.14753981286	1751.3546036008	1367.05620746871	1215.44944016725	1091.64625229875	1163.90800912852	1306.2695263635	1089.3481662455
318	2311.88433689563	1510.6051036423	1609.64590472763	1213.30995749759	15200.9512438059	82224.3519419665	2791.92167606632	4656.31364949351	4166.20407287407	3962.20948810125	2953.69026180487	2345.47117429557	1929.5778274612	1747.39414499581	1808.14753981286	1751.3546036008	1367.05620746871	1215.44944016725	1091.64625229875	1163.90800912852	1306.2695263635	1089.3481662455
320	2345.87981012856	1328.44986208659	1479.60130338412	1035.45849307722	5474.90573112646	104245.255929432	2634.18802763712	4656.31364949351	4166.20407287407	3962.20948810125	2953.69026180487	2345.47117429557	1929.5778274612	1747.39414499581	1808.14753981286	1751.3546036008	1367.05620746871	1215.44944016725	1091.64625229875	1163.90800912852	1306.2695263635	1089.3481662455
322	2820.70817895042	1318.78458555996	1236.00160615135	1162.83549601241	2263.63347219568	107400.303399482	3532.16532072008	3348.89403517449	4166.20407287407	3962.20948810125	2953.69026180487	2345.47117429557	1929.5778274612	1747.39414499581	1808.14753981286	1751.3546036008	1367.05620746871	1215.44944016725	1091.64625229875	1163.90800912852	1306.2695263635	1089.3481662455
324	1916.62619734363	1393.11697993375	1208.26401085845	1047.3371726358	1556.20268314236	88104.353802595	7744.90928655245	2941.53094451184	4166.20407287407	3962.20948810125	2953.69026180487	2345.47117429557	1929.5778274612	1747.39414499581	1808.14753981286	1751.3546036008	1367.05620746871	1215.44944016725	1091.64625229875	1163.90800912852	1306.2695263635	1089.3481662455
326	2354.12187761857	1037.41555729981	1144.83743921477	1105.54058042332	1130.90355322581	57819.1542752991	18961.2354588249	2588.68544046741	4166.20407287407	3962.20948810125	2953.69026180487	2345.47117429557	1929.5778274612	1747.39414499581	1808.14753981286	1751.3546036008	1367.05620746871	1215.44944016725	1091.64625229875	1163.90800912852	1306.2695263635	1089.3481662455
328	2541.664939811	1265.22500510025	963.526946482817	1155.10142968939	958.556461906389	30020.620428978	37694.0897594441	2194.88026288758	4166.20407287407	3962.20948810125	2953.69026180487	2345.47117429557	1929.5778274612	1747.39414499581	1808.14753981286	1751.3546036008	1367.05620746871	1215.44944016725	1091.64625229875	1163.90800912852	1306.2695263635	1089.3481662455
330	2627.54222889598	1209.28799588371	832.0296496956	1145.75063804723	838.629516002373	12592.2598605309	59673.2944426093	2068.34685302284	4166.20407287407	3962.20948810125	2953.69026180487	2345.47117429557	1929.5778274612	1747.39414499581	1808.14753981286	1751.3546036008	1367.05620746871	1215.44944016725	1091.64625229875	1163.90800912852	1306.2695263635	1089.3481662455
332	2412.31673950928	1457.57671402266	891.899344194181	1042.48511328443	843.97851883034	4762.71784621592	78582.8181491916	1950.05079298571	2737.95863882841	3962.20948810125	2953.69026180487	2345.47117429557	1929.5778274612	1747.39414499581	1808.14753981286	1751.3546036008	1367.05620746871	1215.44944016725	1091.64625229875	1163.90800912852	1306.2695263635	1089.3481662455
334	2096.32144945615	1285.89076405468	1074.79669445685	1086.96496478747	889.543709188311	2111.67440314956	81825.2261867418	2500.37802416724	2330.87565892896	3962.20948810125	2953.69026180487	2345.47117429557	1929.5778274612	1747.39414499581	1808.14753981286	1751.3546036008	1367.05620746871	1215.44944016725	1091.64625229875	1163.90800912852	1306.2695263635	1089.3481662455
336	2610.39998354159	1266.84704086788	884.139732998935	1017.6466526582	854.905206940549	1334.54520828701	69337.9199128306	5466.43338469314	2145.28170955265	3962.20948810125	2953.69026180487	2345.47117429557	1929.5778274612	1747.39414499581	1808.14753981286	1751.3546036008	1367.05620746871	1215.44944016725	1091.64625229875	1163.90800912852	1306.2695263635	1089.3481662455
338	2831.6167423978	1371.60968480153	798.583300625898	1008.06792707085	922.103159693456	1008.50425493637	47506.0644287875	12807.4933084057	1915.91218434995	3962.20948810125	2953.69026180487	2345.47117429557	1929.5778274612	1747.39414499581	1808.14753981286	1751.3546036008	1367.05620746871	1215.44944016725	1091.64625229875	1163.90800912852	1306.2695263635	1089.3481662455
340	2381.72413174788	1121.10279302164	908.591059349244	878.65477482766	858.694301058452	908.205761498701	25789.1202477598	27413.9743701645	1707.39226509254	3962.20948810125	2953.69026180487	2345.47117429557	1929.5778274612	1747.39414499581	1808.14753981286	1751.3546036008	1367.05620746871	1215.44944016725	1091.64625229875	1163.90800912852	1306.2695263635	1089.3481662455
342	2537.81191264067	1462.01405992641	918.826890585676	955.326771164329	871.348377112988	763.28516109727	11476.1634506687	44635.9726300521	1525.70684195495	2264.57483345168	2953.69026180487	2345.47117429557	1929.5778274612	1747.39414499581	1808.14753981286	1751.3546036008	1367.05620746871	1215.44944016725	1091.64625229875	1163.90800912852	1306.2695263635	1089.3481662455
344	2708.92859105765	1492.39790032771	728.948221824397	733.442543853508	884.00992758281	857.551100092682	4534.49269868356	59684.1912621908	1401.12883922216	1896.7213831797	2953.69026180487	2345.47117429557	1929.5778274612	1747.39414499581	1808.14753981286	1751.3546036008	1367.05620746871	1215.44944016725	1091.64625229875	1163.90800912852	1306.2695263635	1089.3481662455
346	2293.35578413547	1131.77129438152	717.050147047296	739.685434187752	940.826026184909	775.524549922518	1922.32336669538	64380.6750919285	1631.52539449532	1768.39196110666	2953.69026180487	2345.47117429557	1929.5778274612	1747.39414499581	1808.14753981286	1751.3546036008	1367.05620746871	1215.44944016725	1091.64625229875	1163.90800912852	1306.2695263635	1089.3481662455
348	2991.44029166066	1215.58134246651	728.246834943812	825.982130971964	836.675742839747	707.869367567552	1145.26052646878	56406.6373084119	3333.05856990038	1593.54462871978	2953.69026180487	2345.47117429557	1929.5778274612	1747.39414499581	1808.14753981286	1751.3546036008	1367.05620746871	1215.44944016725	1091.64625229875	1163.90800912852	1306.2695263635	1089.3481662455
350	2636.27610259726	1279.81973055094	734.550738450428	774.055410907513	844.143215316354	682.216951629072	832.021193086669	40187.1431488326	8072.99946088284	1444.45752653829	2953.69026180487	2345.47117429557	1929.5778274612	1747.39414499581	1808.14753981286	1751.3546036008	1367.05620746871	1215.44944016725	1091.64625229875	1163.90800912852	1306.2695263635	1089.3481662455
352	2447.93079279069	1082.84754731966	632.149918789764	739.385037440638	794.219515237297	637.849428560934	712.573575359291	23174.69316044	17485.4863890682	1210.01560559764	1855.06553425665	2345.47117429557	1929.5778274612	1747.39414499581	1808.14753981286	1751.3546036008	1367.05620746871	1215.44944016725	1091.64625229875	1163.90800912852	1306.2695263635	1089.3481662455
354	2293.86531195104	1142.36681851816	745.439080582541	644.725308375777	711.539448599407	618.266425286744	584.036168481976	10743.9289403573	30385.9976696095	1141.96583891357	1494.38039665454	2345.47117429557	1929.5778274612	1747.39414499581	1808.14753981286	1751.3546036008	1367.05620746871	1215.44944016725	1091.64625229875	1163.90800912852	1306.2695263635	1089.3481662455
356	2583.35400542086	1061.24161204178	580.951675799656	643.659521936788	677.22243632799	672.452693008265	555.526404396155	4426.93985854201	42937.9180075992	985.989260169743	1310.92471307359	2345.47117429557	1929.5778274612	1747.39414499581	1808.14753981286	1751.3546036008	1367.05620746871	1215.44944016725	1091.64625229875	1163.90800912852	1306.2695263635	1089.3481662455
358	2273.2656051402	1199.22883297618	617.589547534178	610.607135315103	560.31660803525	637.640042109174	502.891754684462	1827.50483499381	49469.4934310895	1037.33295698006	1222.41754064466	2345.47117429557	1929.5778274612	1747.39414499581	1808.14753981286	1751.3546036008	1367.05620746871	1215.44944016725	1091.64625229875	1163.90800912852	1306.2695263635	1089.3481662455
360	1878.59845306872	1082.78539380279	651.602380833378	536.658469008788	555.364299738535	657.870404970405	495.58768068547	1028.15527326028	47156.5159587535	1803.01188252401	1085.16478805257	2345.47117429557	1929.5778274612	1747.39414499581	1808.14753981286	1751.3546036008	1367.05620746871	1215.44944016725	1091.64625229875	1163.90800912852	1306.2695263635	1089.3481662455
362	2166.8582358335	1002.85166704555	708.932905107872	552.641535073831	506.937039574562	603.629231419929	409.824750468119	704.459429472442	36468.4310581469	4321.33265358389	1061.51194990664	1489.62103392623	1929.5778274612	1747.39414499581	1808.14753981286	1751.3546036008	1367.05620746871	1215.44944016725	1091.64625229875	1163.90800912852	1306.2695263635	1089.3481662455
364	2232.56819772682	997.82590997763	579.736801597293	540.088255294268	485.621697294395	596.150095174717	419.293372379545	508.312947541277	23342.2151555506	9876.47370901964	886.503264375123	1132.21421240926	1929.5778274612	1747.39414499581	1808.14753981286	1751.3546036008	1367.05620746871	1215.44944016725	1091.64625229875	1163.90800912852	1306.2695263635	1089.3481662455
366	2188.58570917545	871.211933730045	554.448850902786	514.534228474718	552.627706350141	563.562498753818	434.153391404162	414.134029963662	12214.8928708289	18742.0057978129	791.95815361916	1050.31873557051	1929.5778274612	1747.39414499581	1808.14753981286	1751.3546036008	1367.05620746871	1215.44944016725	1091.64625229875	1163.90800912852	1306.2695263635	1089.3481662455
368	1749.32515126194	900.256445160099	548.974899002695	515.259681590597	470.708169345986	541.542610384966	377.003897812476	388.443078143394	5332.86573800691	29089.9921504209	712.279643459144	985.182833720985	1929.5778274612	1747.39414499581	1808.14753981286	1751.3546036008	1367.05620746871	1215.44944016725	1091.64625229875	1163.90800912852	1306.2695263635	1089.3481662455
370	1826.18892428012	909.297969475161	518.190516910246	508.010558101829	480.705541737307	433.051601844914	417.580965486361	340.049181010309	2104.83260391273	37029.8090425389	733.247589005131	942.369614337754	1929.5778274612	1747.39414499581	1808.14753981286	1751.3546036008	1367.05620746871	1215.44944016725	1091.64625229875	1163.90800912852	1306.2695263635	1089.3481662455
372	1835.50714096744	984.163291030281	525.348062356618	485.202648394597	454.994129470884	408.657466939043	400.447534256133	331.995987599657	1052.71863401333	39190.210370322	1162.8082167156	856.953293461352	1331.0348521715	1747.39414499581	1808.14753981286	1751.3546036008	1367.05620746871	1215.44944016725	1091.64625229875	1163.90800912852	1306.2695263635	1089.3481662455
374	2032.79520314501	834.677619049591	523.468399882775	400.143471859644	424.117852711503	375.826254394044	408.371632883982	299.127392291989	615.595215799319	33852.3798465833	2771.22723838549	774.034629915187	1028.29103749248	1747.39414499581	1808.14753981286	1751.3546036008	1367.05620746871	1215.44944016725	1091.64625229875	1163.90800912852	1306.2695263635	1089.3481662455
376	1649.37181314653	837.393890235465	467.76324360678	417.879309176391	399.344993474563	389.696746802017	383.079344353381	288.725037570972	443.424596725806	24381.5350686585	6360.64375096587	691.212084303367	890.228067771289	1747.39414499581	1808.14753981286	1751.3546036008	1367.05620746871	1215.44944016725	1091.64625229875	1163.90800912852	1306.2695263635	1089.3481662455
378	1702.91098653901	862.879912640064	476.253437392803	382.360654059778	323.783938212228	373.242478909728	380.824095731434	277.392539728927	335.266505601602	14254.3393803389	12699.4289520058	591.988130621669	823.693737092008	1747.39414499581	1808.14753981286	1751.3546036008	1367.05620746871	1215.44944016725	1091.64625229875	1163.90800912852	1306.2695263635	1089.3481662455
380	1535.64686375085	662.697186554007	457.658160610802	411.356509668391	378.997658376311	352.346715133208	356.865113561496	234.347396848991	306.235823645586	6882.01729700102	20781.5894480067	519.994150039975	803.148964162435	1747.39414499581	1808.14753981286	1751.3546036008	1367.05620746871	1215.44944016725	1091.64625229875	1163.90800912852	1306.2695263635	1089.3481662455
382	1424.93379167335	773.920356143072	453.419975714162	370.838958085035	360.485382512852	332.96582821799	345.809702398692	251.87348976905	225.459789663441	3092.29909600909	28262.9524828143	542.591369006236	764.899824291848	1132.85721953031	1808.14753981286	1751.3546036008	1367.05620746871	1215.44944016725	1091.64625229875	1163.90800912852	1306.2695263635	1089.3481662455
384	1531.06643184763	735.711298748034	375.011640129422	335.234584517947	325.187530864991	320.657385354651	289.261830072855	243.833683335789	244.133503126491	1302.95165720027	31640.4921302894	817.344154023412	691.946497050285	879.684992407415	1808.14753981286	1751.3546036008	1367.05620746871	1215.44944016725	1091.64625229875	1163.90800912852	1306.2695263635	1089.3481662455
386	1268.52487348786	776.997187747493	409.960423941716	391.557834437245	348.706169590498	293.558475561659	297.464262993567	249.518275316951	213.913210892725	731.506775136429	29348.3335851681	1810.66759568385	614.548624481716	747.887243658055	1808.14753981286	1751.3546036008	1367.05620746871	1215.44944016725	1091.64625229875	1163.90800912852	1306.2695263635	1089.3481662455
388	1167.63683776184	737.463428173986	475.479038069563	343.348820746652	341.742883575524	249.592128260738	281.014584955783	291.069577846529	195.87727454739	466.487938827302	22739.2187310129	4439.19894566268	540.850730340654	687.87973251021	1808.14753981286	1751.3546036008	1367.05620746871	1215.44944016725	1091.64625229875	1163.90800912852	1306.2695263635	1089.3481662455
390	1590.64757010234	676.000012124886	441.146044676784	342.132243730643	354.614530085895	322.369824874744	264.634008403737	288.964516710442	195.314937937677	313.149977555849	14739.8805200358	9084.17934905517	482.283811079434	657.933548478955	1808.14753981286	1751.3546036008	1367.05620746871	1215.44944016725	1091.64625229875	1163.90800912852	1306.2695263635	1089.3481662455
392	1506.50753056809	626.468074578424	362.047502130892	361.990746065921	312.620864516125	283.610031610582	248.538708249053	267.067275941239	160.644956963303	237.467148398798	7795.86553142278	15419.7662914053	440.202431773751	651.990731637922	1027.84727448477	1751.3546036008	1367.05620746871	1215.44944016725	1091.64625229875	1163.90800912852	1306.2695263635	1089.3481662455
394	1306.23326886461	615.770879296707	462.55189350164	404.403382257107	302.96028392227	299.28788958554	259.19637400343	267.247491713746	147.799260716224	222.957894659789	3454.60937312196	21929.0143636031	420.428175852447	596.425980279183	823.079547189764	1751.3546036008	1367.05620746871	1215.44944016725	1091.64625229875	1163.90800912852	1306.2695263635	1089.3481662455
396	1587.9340826023	709.755015183211	431.164607948116	350.486388162939	310.716335225589	280.711730401	261.399284485605	251.707391489407	157.410212759409	193.351072222864	1494.96862972908	25570.669404973	589.583742022275	536.446110548027	707.175706928229	1751.3546036008	1367.05620746871	1215.44944016725	1091.64625229875	1163.90800912852	1306.2695263635	1089.3481662455
398	1351.44339346702	460.716386105444	399.685231433937	360.887191311642	304.992189423945	257.320731148168	257.653565881979	247.398306413449	164.927711996697	165.553260838028	753.037639360376	25059.3217604337	1220.24449439516	447.27901591171	556.972756190436	1751.3546036008	1367.05620746871	1215.44944016725	1091.64625229875	1163.90800912852	1306.2695263635	1089.3481662455
400	945.343761473525	576.203694513929	447.117780530483	285.798737715055	278.848433433581	258.54366963633	216.325255916021	243.612016325799	158.804477229519	145.676238055201	445.0487209726	20635.5210542316	2904.36591374278	431.263796519236	546.81256543769	1751.3546036008	1367.05620746871	1215.44944016725	1091.64625229875	1163.90800912852	1306.2695263635	1089.3481662455
402	1184.15537435879	587.644798303232	359.201863367079	323.588796227738	276.205515002474	277.654245915239	218.273523808093	218.389534592944	169.011768032674	131.985353006494	317.809209076298	14013.154564426	6163.20189630441	409.918075459166	545.508474394464	931.094220243946	1367.05620746871	1215.44944016725	1091.64625229875	1163.90800912852	1306.2695263635	1089.3481662455
404	1197.39543394888	642.938859110641	367.72638859821	313.393718997016	286.409327992383	257.213837437976	234.777249827374	197.840617560824	166.124209989662	119.431778957467	227.457717745124	7901.38794436411	10972.6970185193	369.287566281464	536.230425270107	715.769220546871	1367.05620746871	1215.44944016725	1091.64625229875	1163.90800912852	1306.2695263635	1089.3481662455
406	818.216404167427	559.620882540019	320.411930801246	293.192394468573	235.190141571848	223.868727767414	223.274674138732	176.249187437854	194.377905076152	127.180825665892	166.414639945816	3823.26758899487	16336.4820519388	339.971622435401	527.900715731868	608.718955560379	1367.05620746871	1215.44944016725	1091.64625229875	1163.90800912852	1306.2695263635	1089.3481662455
408	1072.39622199198	469.085370466176	374.953826780613	291.447550639229	274.043008154682	261.082205202003	208.395004564167	175.018093413043	180.177456532733	123.811441061751	146.30501607694	1673.85502540485	20379.2329600874	403.34771129174	469.206548786958	485.980171470026	1367.05620746871	1215.44944016725	1091.64625229875	1163.90800912852	1306.2695263635	1089.3481662455
410	1452.53007975573	502.614514192754	351.736686346783	332.279523400643	234.264319262833	248.980258353632	223.500718665129	183.660536682084	186.268563890712	123.223577740511	116.542163331555	781.996348766329	21365.4038294656	747.344139050755	372.168558645007	465.538041453315	1367.05620746871	1215.44944016725	1091.64625229875	1163.90800912852	1306.2695263635	1089.3481662455
412	1151.38426564771	729.506882477835	349.835979997182	262.678456158846	293.023355548802	232.775991099902	224.317219351173	192.405724591763	176.23813920839	99.5214289235736	120.810014189805	485.888865821792	19088.5456291754	1765.00335809247	356.477946451302	439.049039673617	832.104442210299	1215.44944016725	1091.64625229875	1163.90800912852	1306.2695263635	1089.3481662455
414	1019.35637688521	569.697571718582	358.491944830787	243.234268196611	241.310666083386	232.071262614857	202.265322574928	173.26788223804	168.586160352024	123.567585692695	114.044475632798	326.899189652934	14101.7890054472	3814.96198873484	339.931878179599	468.620397264421	633.886256662758	1215.44944016725	1091.64625229875	1163.90800912852	1306.2695263635	1089.3481662455
416	1108.12129937533	575.32808281706	337.354336390575	282.746406054526	266.816088798845	239.949414851415	219.142343510904	174.104433745178	144.053337276879	100.1903688409	111.158279104971	225.921530253382	9098.11716397042	7141.58840466629	294.619349336276	447.795299043076	531.704825521426	1215.44944016725	1091.64625229875	1163.90800912852	1306.2695263635	1089.3481662455
418	1199.28165568855	489.65879799576	289.029176633416	226.232146465341	247.866664866936	222.787810070772	213.959481468396	172.653746347377	168.418342192961	114.849568268105	91.9130643292276	177.79124708793	4825.47909831175	11508.1838708723	261.440043114144	455.509226368741	458.719256483955	1215.44944016725	1091.64625229875	1163.90800912852	1306.2695263635	1089.3481662455
420	1125.09769298724	546.693748048042	361.152556964558	302.320407635332	249.274657046125	246.173705312431	209.406141865654	172.759439987311	127.433312649748	120.477245481264	93.805513702241	136.70698567781	2252.80953453087	15552.7169667015	277.294641340996	364.375293926989	408.322518704963	1215.44944016725	1091.64625229875	1163.90800912852	1306.2695263635	1089.3481662455
422	1229.9422965818	559.51674269638	308.101185907169	241.551649279545	274.85532140509	218.908367114527	189.966597438769	182.292159525217	129.688835635122	130.544428765173	86.6908595210381	123.646752025834	1063.0663208528	17692.9792785241	409.920099372242	338.406513293327	390.563893816251	747.09954307441	1091.64625229875	1163.90800912852	1306.2695263635	1089.3481662455
424	1026.47509978067	394.796359170028	395.691731553192	298.282696056365	256.693229740092	202.194887002822	181.760266544076	174.524342322136	142.790166387073	132.975377911297	84.483241912185	101.401197814933	562.166021497305	17302.2297553993	839.774190628439	304.817269776139	394.994724150593	580.310847535492	1091.64625229875	1163.90800912852	1306.2695263635	1089.3481662455
426	845.023244206079	513.233965883742	337.072139592231	251.941964791304	249.552160610659	198.06802108623	198.999264304781	160.178919743828	133.119562057678	135.328796362565	76.5428616371232	93.2561323280101	366.447292793829	14196.8627060049	1934.22375766762	288.330620783338	400.908640738002	486.982920670939	1091.64625229875	1163.90800912852	1306.2695263635	1089.3481662455
428	1096.77116056572	603.731759453992	377.732650631866	287.390912780367	226.012114271225	191.01678146332	183.469015185808	171.543603459365	135.543664723115	123.42297083299	86.203229838013	93.417142025271	262.561915174461	9991.4428482419	3967.10903162395	279.129833344831	400.098825016502	396.727445637576	1091.64625229875	1163.90800912852	1306.2695263635	1089.3481662455
430	1077.11891123033	441.563245847789	333.450630184468	255.221466900994	217.715270267737	214.224362904441	180.31036960006	175.510596098559	124.340382528614	119.843688204668	86.1330861784927	86.0038256794322	204.133848950274	6068.97558878805	6760.44331243723	232.4653705587	357.736547905212	360.701147042866	1091.64625229875	1163.90800912852	1306.2695263635	1089.3481662455
432	1257.57538169081	428.176475025071	313.247387819527	261.485484604508	250.549334899881	204.963522052461	173.728142968471	176.967649061996	132.093048313098	112.087597856976	92.5234783644386	84.4498278403508	146.034045019745	3068.52775698867	10188.9581605574	225.043215120837	303.639932272425	327.113949134944	679.950417940282	1163.90800912852	1306.2695263635	1089.3481662455
434	917.215551192568	407.958270365397	340.981403357137	230.16262170549	250.637683209637	172.225296245196	191.54166405084	175.965286709067	125.120013528421	109.935859815474	94.8529753498769	86.6803078315669	113.327719951289	1475.77108899578	13057.2797344261	265.189390316869	281.106312100153	335.878501726787	546.024418505631	1163.90800912852	1306.2695263635	1089.3481662455
436	1151.83654115364	456.654426089455	258.986717533957	272.07654477023	234.368099646837	197.022564054823	172.669459855701	156.823598129587	116.033686939762	106.607352464578	95.5924696372017	71.4175105493938	119.606802791919	703.684795988847	14377.7386014402	497.737192016018	268.49054904539	357.851898346426	462.652246582553	1163.90800912852	1306.2695263635	1089.3481662455
438	1081.24253746725	513.534595131599	310.254012593164	296.044291973473	213.605984913173	198.334019061048	190.721130448415	147.214488988511	128.969904434381	96.2273187775961	100.299295458483	70.4006196191877	105.561680396755	440.559327253642	13501.4928525076	1055.06396273199	251.487694196447	350.625853963415	380.522981686796	1163.90800912852	1306.2695263635	1089.3481662455
440	901.761147041897	465.764508592173	304.039246964286	238.621630092686	230.56435126824	185.444458143163	173.220386915215	154.55932532601	121.973540741543	101.626964476761	103.793755159533	71.8635521331924	101.093230399063	322.436262170663	11002.1557176448	2177.29443427718	230.178780286871	318.370952800265	313.483574444731	1163.90800912852	1306.2695263635	1089.3481662455
442	1228.47769312121	508.956442884927	308.173435183992	251.150342055984	202.284624399266	180.105854781519	170.52412780141	136.165710083743	121.148953120172	95.5428191310604	104.727338175052	81.0839536721129	100.906128486553	238.842001377729	7487.09119767238	4028.5831082792	211.959757527953	309.507612585538	278.332266620872	630.439075782936	1306.2695263635	1089.3481662455
444	976.919669259201	693.917783426764	305.302264255973	279.64289669731	210.87067669893	220.014776117024	173.678226590078	154.058688602945	120.299346229707	84.2762694027156	104.291556054938	77.0856617270043	94.4738041401315	169.02727979013	4412.8854926541	6604.08129655964	209.276073192048	265.165561912973	295.625840073277	520.925995989613	1306.2695263635	1089.3481662455
446	1161.9496838802	496.368662472071	309.225504040648	234.445624266005	227.158734859397	164.320149404434	169.650869157379	129.54011354953	114.098555554338	89.3591391277512	107.532766759942	72.7034665349054	84.0930332297877	150.055786913029	2212.80636723854	9294.61836905924	202.427124991439	259.149493995224	300.838285377163	423.626999137828	1306.2695263635	1089.3481662455
448	728.814101343657	476.995654479191	275.455592959	241.356359324643	221.310229959139	171.594196195265	151.02002599277	141.493212556003	110.35698403788	105.179049496934	93.6939592653924	83.7927052471942	83.4470722366984	125.696644641181	1083.34773166429	11209.2452439047	333.690490833884	250.281325278185	326.081603881326	372.318874046099	1306.2695263635	1089.3481662455
450	1077.87213721372	477.972992976336	373.167009015962	253.845435963229	248.36431474724	195.069734194431	155.967002202141	133.224983962417	106.615632945786	86.3809963209362	100.63389054383	78.4210809756671	77.4451982200009	106.901029853328	572.895425899193	11798.2523882789	693.838075976826	226.697293463079	313.008773433591	290.12936303592	1306.2695263635	1089.3481662455
452	935.830091492583	451.882442626522	308.924381417973	274.968113912649	202.847771845398	199.871382905218	162.56637786315	141.166051322605	112.516625177807	104.564397249572	80.9976805905629	84.06260159157	74.0771175703583	96.2365079254656	371.638012958437	10568.1220120794	1388.90795152117	210.211410616358	291.939293815144	278.157729915384	601.00467209489	1089.3481662455
454	920.613903211101	468.264167141835	369.770996645734	211.51032632872	223.77545895837	167.864351511763	156.374448364972	123.349217367045	120.309310237027	100.045324141603	85.2223362568237	96.1208371920931	80.3829203180526	101.373577849544	293.08666025929	8322.24798473426	2737.32204280505	207.217674871998	278.183912749499	265.157298629678	487.789787777077	1089.3481662455
456	1332.98911733125	420.511054731778	280.143035108592	212.786431086026	224.898912287678	197.787240349481	178.998692211925	148.159131144142	113.156235684065	84.8071423206902	80.8809499487862	100.55486215301	76.3848495155545	101.296403171176	223.732067813316	5510.27445768	4670.20700945752	183.35391550762	249.270031121176	258.677233999201	373.360627620262	1089.3481662455
458	988.69177917691	531.816793560528	317.309796082323	242.672504630532	185.73009417266	205.001255267573	139.85500003829	134.641551807967	116.578095391727	83.1020987880274	79.3237598028816	98.5878236598452	74.486773012315	90.1458145673757	178.871930509337	3183.80711985071	6834.32429623913	188.682098026656	220.219626507264	260.551090010594	345.3892184072	1089.3481662455
460	1200.645697034	432.409487706738	287.329417423974	233.442191823046	203.00211606687	191.544066332852	173.774608222163	117.221855647226	124.472023925095	91.2688676512129	63.7005665782729	87.6918399797713	77.3006784580798	87.1704432376508	152.865567734019	1637.11972389919	8797.40064828424	259.350979049718	223.99817696004	267.232396787281	278.561109931706	1089.3481662455
462	1200.645697034	515.802503003203	289.010801558412	246.923187323929	204.063829753869	176.588900742714	151.57269290395	134.290144654025	109.179816420469	83.5665154228509	92.7455442402005	92.1035784021453	80.3933658892751	81.5214797733167	125.513364008831	808.097023117836	9725.1038850044	432.074748227249	221.770169380862	274.993977881942	253.020227921592	561.775320257756
464	1200.645697034	629.796097732902	329.846551282533	225.257310823181	188.61619255917	183.325430398336	170.719375970169	122.300553466474	128.948066928602	81.664481876193	79.4036805632136	82.7185022777836	71.2998471825885	90.6526758466191	110.502450778612	473.717687531359	9598.21806520609	871.45589786504	207.813721495185	263.204145045243	240.650467391488	438.789036212438
466	1200.645697034	490.922671884428	252.216806183331	245.539834893023	193.832347529879	179.37039146081	140.68521394338	129.943746092046	111.524868281429	91.4281662911291	73.7143768564758	88.642528942283	82.1120772906873	89.5401786920755	103.45594402143	324.017495298601	8191.93741431561	1728.16267347934	197.3896307889	235.707885999436	237.181628669165	389.395761305011
468	1200.645697034	532.388673266037	344.722100910406	245.393829199142	211.884671749908	180.799053397066	146.490749427947	121.315284752396	103.126809670266	92.5192659972664	71.3462710787779	85.2629260750987	89.5512613492002	89.2074568260351	106.141652537713	288.990509120521	6002.08363639148	3040.53249175403	181.518401737021	219.128873018347	224.589854548848	311.096502845347
470	1200.645697034	498.286587611829	332.674527962678	242.753563558691	191.160504853004	178.946351024559	157.023786086456	127.966322214578	106.641318185236	98.3996543982442	73.9008184571382	84.0220808282171	84.6095299697221	84.9611247178513	100.679958197694	218.100211824768	3879.96599335652	4630.38949289721	168.544680336376	228.55262499223	234.505802364137	278.02563664689
472	1200.645697034	609.929240980869	376.852392914097	230.111531245408	180.413508516785	169.771680381275	134.710635792865	135.250913151304	101.165851763979	87.0463145336104	83.9821323084051	77.406584316955	100.408207803771	80.5420331232577	103.329960904686	173.247905299523	2171.40355172631	6361.11615154043	204.790897396406	201.159517888645	249.973737594097	233.238127903716
474	1200.645697034	547.772983676861	365.784587285471	230.406121628825	214.892623591008	178.736183331622	159.460333610592	125.378376793525	96.5694064762594	93.2043176449329	77.2263148931427	76.6224582321163	85.9662671124812	77.2638713145616	85.1425598595005	152.958955001445	1141.90016880579	7797.94866500672	255.289393086943	222.961414747876	260.058421051252	225.43223259497
476	1200.645697034	607.336371713292	362.363954035586	283.236565198995	188.464856365188	187.815696690922	135.842945538489	129.991645945563	111.624497017373	90.3173222301727	78.7647696869907	75.8966572466146	106.209994160667	82.8349181250627	97.4462392736539	120.998348242584	605.096314710771	8373.31132179435	506.454381107823	191.668460214219	241.08901078308	212.552745288852
478	1200.645697034	550.565957685961	373.274727775341	275.217229688393	238.367251420963	179.012527500135	149.640792369825	115.926318174024	116.306016278801	78.9897318847197	74.4611974712579	83.6651199494274	88.1682305319988	79.6107592080554	95.9352180092779	115.885452460945	381.904227474484	7899.99714220078	976.810410749692	174.867384479101	209.786101193983	196.698344803012
480	1200.645697034	643.999686592968	388.966662918803	306.960115216059	199.660957936739	180.13536377242	136.413070553994	143.808043189351	91.0773449665035	81.275052337481	78.6715893692776	72.1226686225609	98.3090080470441	83.2829134476342	94.3267053935847	120.170085613258	311.44615066057	6512.76181083728	1744.79875359121	163.399807777735	214.563008775113	205.953107194679
482	1200.645697034	643.999686592968	329.892025064961	221.633607281722	179.183963674151	153.524653419705	148.41725601646	132.457103910647	113.222986762736	91.9179021766926	81.652596199004	72.2874199976466	85.3932713246053	83.2271359995464	92.1059370042427	106.655732247908	242.646907196539	4744.11690956521	2959.62309882946	163.193572678395	191.120924111379	199.740344040138
484	1200.645697034	643.999686592968	414.765502388961	278.101003037342	230.007306166989	165.680793534454	133.49038650011	133.374387391522	105.412746776391	89.1579683649196	81.8711717649966	72.4779012228452	74.9809262383845	78.8860009290926	85.8885828403293	93.4167641287799	219.181601737541	2922.2352328511	4436.32297256447	151.435923755089	188.102093613468	238.669703586404
486	1200.645697034	643.999686592968	414.396067961478	239.221042294191	247.260246392724	157.189674623242	148.074305600569	143.529914528646	95.805149570475	79.7110533068364	74.002744184647	75.1128892318269	74.4347679008474	84.5491218248186	93.2849819230461	110.980625074974	173.86929848707	1632.13768233238	5771.46733284053	202.842127659639	174.293857842806	217.666475430197
488	1200.645697034	643.999686592968	370.551809920815	280.698056261189	228.001760453927	164.323261762072	171.681382222782	128.016388229254	121.881415094939	92.2283722156142	79.9577879430461	74.556415218896	70.1726524436558	85.9997050774231	84.3981375294593	101.688311142032	153.531599636621	811.320716716407	6806.50047144914	269.281809563004	177.893654733765	209.677083002101
490	1200.645697034	643.999686592968	365.165868087938	226.578138960731	203.920177876139	185.515543333124	162.844408095404	128.418522427406	105.072690988095	99.7837932217605	71.5843846331598	68.1791808282698	81.4627799359051	87.1330338813239	84.7168305495393	90.7445490046365	129.39776711095	491.437048134889	7040.64525059977	519.761677248215	152.327394270886	188.884501495053
492	1200.645697034	643.999686592968	425.949058847651	273.521499768507	253.680754843013	167.137515628383	144.406979878788	134.762440903203	103.10909599567	79.9330349179757	74.1864320629911	75.8862194677351	70.4237181217657	85.3147333623884	89.3796684818005	93.6246372567476	120.966247213811	342.179561453562	6442.53492879085	943.760387689563	148.181042205737	157.876602824781
494	1200.645697034	643.999686592968	385.053620436157	266.895475361566	196.74673084709	158.539174717062	158.096454969065	128.922775976416	114.025867891151	81.7374204062596	83.7181113796211	68.7591768004489	66.8294440646725	85.2059516207899	78.5664265111234	105.066492097048	127.209000346999	279.346482041978	5263.80125695059	1651.92199180183	134.440182301332	167.245580918924
496	1200.645697034	643.999686592968	491.678211266399	252.720330687306	197.10301091143	201.309296668618	129.049513413354	145.542973225581	118.08486827645	89.8220219252972	72.2907464235912	77.8000288572158	71.7246438798299	93.3805707064658	82.4808332322368	97.9143103632579	110.251974314957	241.487231496878	3721.41866959606	2682.73846976273	136.717285046089	163.686199630776
498	1200.645697034	643.999686592968	528.689985239457	254.807585262579	208.149574093792	166.983043338037	161.620663307583	111.193935711517	97.8278252833398	88.9709493496548	82.3890063891885	78.8738636927827	65.8931111984224	87.399188549681	78.0349629550051	87.1293564314185	102.13687543059	191.297801968638	2315.84561904623	3836.83563487615	152.95371443119	162.069338331613
500	2683.79848207353	643.999686592968	478.561980479091	288.832587559632	226.143342947771	159.395554993401	145.78574901724	126.160888517262	100.364262933176	98.3022463145264	88.3283737720604	72.6330309690873	71.2871407048889	95.2220641501112	80.4659088005538	84.7788217013156	114.21444342314	175.264165007645	1271.24544897344	4952.93059729554	168.576454494054	166.010675476623
502	2620.26634203866	643.999686592968	478.561980479091	321.062998648331	243.077336941202	172.711511754478	153.75610303953	130.338497040461	102.195443513536	84.5992657345381	81.5414199452909	74.2617262697373	67.6111796013136	78.7036194558695	81.3001903655436	88.1237599941978	104.094072682926	135.189889358193	682.420794264635	5523.91021883234	277.422223651248	150.384231185609
504	2897.90477390018	643.999686592968	478.561980479091	297.159310585674	211.347089926269	184.108712006185	143.319367349531	135.640090565018	116.08404713718	94.8986410019944	71.5770513168736	65.3774689311203	72.812037562422	81.7399684915551	82.1499942381863	90.3123212510873	100.524935616045	117.898899117057	403.717925230401	5815.24982179652	480.344417853469	137.140067662008
506	2585.1259218321	643.999686592968	478.561980479091	332.714629660702	276.363021161522	141.590714091339	133.52089249172	124.691336441329	109.70140059406	88.7285580476681	85.4925716331351	56.4127432760234	73.4961311707194	80.3328633705571	70.9137723578891	82.5931943700114	100.616565089681	121.322372474837	305.769938961722	5324.20073433403	868.759543062039	134.965558460503
508	3605.78888093359	643.999686592968	478.561980479091	346.841565725726	255.919414335333	203.503542941997	164.232771171019	127.497165404158	88.605671379129	93.008298778898	85.4223854300186	80.6058044707902	71.0086621994111	81.312477402106	84.2066828390895	84.569593590292	83.7084665124174	106.600070958035	252.236311945276	4281.85911895653	1500.48376336688	124.698562324442
510	5984.35027026816	643.999686592968	478.561980479091	371.030362208447	234.638373526575	176.073691935492	145.905813568038	149.953389996718	115.788508801764	79.6969168936982	79.9015208543809	71.564815486491	65.0493327526218	73.8087354822777	83.6368389804774	83.3041356912996	91.4462592088979	101.894972783615	213.827506286201	3114.07362047171	2320.5773841644	122.817109134397
512	8523.37733951477	643.999686592968	478.561980479091	365.453486382766	237.689660235554	167.341760315165	145.917960188949	116.36409999945	104.00698202259	83.6115412318987	83.4760706072401	67.4107446104353	66.3079822648665	72.2984091209497	87.4562300094651	79.3881461803575	87.0471877895095	109.582724154767	195.690689639223	1980.60735566387	3204.8887592166	141.432305120653
514	15669.1013186401	643.999686592968	478.561980479091	428.1034311138	227.092626212474	175.695383133725	142.937197360649	133.887924603396	102.091695735431	93.0262287713465	76.2258525417811	65.9970021612789	74.07469906745	73.6042070281876	77.3733600952072	75.6231331990507	89.6655451705262	97.6073795342738	153.86471307174	1113.76814801781	4133.95112313985	181.514815577257
516	24200.0685131057	643.999686592968	478.561980479091	441.450751970213	254.602185663998	180.860666518262	127.849451046498	116.129434288049	114.938010670894	91.6209516443036	80.8346353316446	62.702742893052	66.3098910525175	74.4217369776845	86.7731520941565	74.8414325012338	80.8047110027392	95.1563207124927	148.725272043621	595.576918126294	4751.45284014105	270.608512571636
518	33224.3776941819	643.999686592968	478.561980479091	560.913078195227	213.489136485641	167.700547074518	146.474743396722	124.238829171593	102.431554869723	94.5674124541209	83.0143715212473	63.5413788407813	74.1604454362265	75.8975957945328	81.1621667909908	80.570340943707	73.2006986383734	107.600640841343	112.186599534825	363.785533943997	4863.99963389402	491.331329500672
520	46201.8700728814	3037.51339992009	478.561980479091	485.829247733752	280.824622328282	190.413341702945	142.202117221504	134.17940060599	117.656880325188	91.5030475745316	78.182839898786	70.0948210284591	67.0512897328966	76.7702353683469	84.3210313945207	76.6570236746377	89.398137496238	96.4769654192834	107.134104308807	295.182422559457	4483.74764202636	817.296370456504
522	54439.597194465	3038.02818110527	478.561980479091	485.829247733752	255.179267350208	187.374948252256	139.99299844699	128.37477698844	115.005875403201	78.6343510992408	75.8852172542881	72.5534810000886	63.4220398106086	72.235558917016	72.229171068008	75.2782579484072	81.0442960905396	90.4422846931678	98.7468599573707	223.198393556637	3769.12579569881	1393.54869718554
524	62107.7082934749	2796.91446505658	478.561980479091	485.829247733752	245.849845274975	217.903199567841	171.130498242235	117.17598257197	109.364156545383	86.5319172974274	80.1722982715145	71.0064068346599	81.6703084274078	69.2137875857468	78.5169493652528	70.9506789294233	79.4041460342641	89.3584747740714	102.969137248202	206.819822631968	2710.07931587479	2101.90142198806
526	65570.6290885833	2806.2920275188	478.561980479091	485.829247733752	300.029947978638	191.126594288954	189.391173618056	139.595338258679	108.040855498404	97.2117786092138	67.3471964595388	79.8581380084666	78.1683339102309	66.6792640651095	78.1714463335799	92.3112146362589	71.1070474900473	77.9688854321651	89.586208983207	165.755890734184	1780.83551824755	2821.48891455365
528	61937.4221212956	2653.66120371275	478.561980479091	485.829247733752	317.248744691339	235.139416616422	162.043959286598	121.355078237646	128.796387894305	102.544003688323	75.4288137902424	69.7870779224061	58.4875310385753	72.5664085838621	70.3639368791715	74.1495594733427	80.2494136221531	78.2863681652757	83.9484825514369	144.024171464356	1076.96237003792	3590.39100644714
530	51345.6908894498	3938.26204663117	478.561980479091	485.829247733752	327.289408241668	194.005704334696	151.217748876558	127.633077419825	123.81746254793	96.8432866344638	86.8763445574255	64.6323146979309	69.3123048313661	60.4644021793417	61.5129933583288	84.1180131823454	72.1028970188586	78.651473957225	76.1858719374742	124.910186232277	596.278179909179	3978.42761007476
532	42470.1895432672	6302.95614934921	478.561980479091	485.829247733752	402.728303298189	211.276642614101	174.648471074013	128.518330705998	115.846444027266	99.5539549326892	90.1623514286957	61.5253923350664	61.6475083881704	73.3258171206243	68.5635865726858	74.7508359438779	86.1677630299303	85.4497142747074	84.8274620618976	107.653220879458	349.790261558551	4103.22091417959
534	29826.9414192096	10938.5525382563	478.561980479091	485.829247733752	410.977868352322	221.534258983186	166.12174090373	148.790720141601	102.939221968469	101.692222862017	74.3832210574169	67.6908300076211	71.4290527884224	73.9765700955065	67.9392099283126	87.9087953950064	75.7613500746385	78.7185571162471	83.3433338784187	101.310285113606	237.636384244315	3866.71047665255
536	17179.5957178743	18615.8234981849	478.561980479091	485.829247733752	400.793659421167	242.169672511935	185.403560700344	152.933410738388	116.155623246337	90.9939588881865	79.6750263931009	79.3774189977937	81.0820213524256	57.0098044395314	68.1465571768806	66.3549752978068	75.229192700528	72.1137625046165	76.7667231650177	93.644272865738	211.775594471757	3198.53603769631
538	9222.12472261988	30091.1409133624	478.561980479091	485.829247733752	480.018762500886	242.718237214138	169.598984807092	147.680229097971	122.622687735729	95.7734198720917	77.1846281597941	69.7166534892776	63.9221958315476	60.7755543502597	57.2528928822368	72.4543950925318	71.3975652549783	76.8671415064732	90.6940883324248	98.8667208903748	178.202424029111	2354.40473493694
540	5365.34588594152	44626.7762390089	3637.70947549909	485.829247733752	528.082496651428	270.045368530284	188.484818404528	136.395096593772	119.558158582042	112.490783106108	86.9127166130655	65.2332047659056	71.5969614483279	70.901997565003	59.8769236265503	87.4503975947657	73.6284485193227	71.59137271261	77.4206320146629	89.4407900490875	165.069328448089	1575.65531982157
542	3384.03640567938	61177.9993420939	3338.71755568157	485.829247733752	528.082496651428	276.347333999771	165.558209085595	154.412700188073	125.815446408208	109.285448505074	83.4238745922911	80.4544222642739	65.9987710190299	67.5062372650689	56.1941263276766	62.8567202356887	69.8172986930261	77.5547795874676	75.3225699645862	87.024546194907	130.462873858023	939.796648583047
544	2549.32670916847	77415.0799746148	3331.04591014577	485.829247733752	528.082496651428	252.98892114012	228.575723256836	165.589017207812	121.302087642902	100.276459155634	72.0415980849449	80.5673545636519	74.0505642440751	65.664165566967	64.2812754402344	77.3603700084924	74.8563311654815	75.3960798808399	77.3843049409523	74.0647913937711	121.312081702458	507.873341401609
546	2470.65808229451	87348.4725334486	3108.23174253359	485.829247733752	528.082496651428	318.428261213669	213.747691023459	168.27513231043	125.571044524145	95.2378207618139	82.1438034484522	70.7897393080058	69.7776229445937	66.6923367523648	58.517135416911	75.8043556241218	77.3626107259762	57.5815772299443	71.1453271528843	72.972250140407	106.44455349316	292.563512756235
548	1926.37454726355	93044.2986257306	3082.15443080603	485.829247733752	528.082496651428	304.41860630624	200.862075752704	159.663556361967	98.1368506192906	107.942547294628	82.1499662414677	71.1791279139355	74.5866972456129	52.0968723991416	61.3711150222458	57.0479769089958	68.7355712115921	67.3908639318929	72.2777491745999	70.3130714844274	97.67722914461	212.05432958148
550	1862.96266119464	89889.3075859442	2890.54514927447	485.829247733752	528.082496651428	359.783912361837	207.748670016325	169.264831704485	120.599352261372	95.267250288764	74.6872734540804	86.0523901780333	62.9207646444033	59.7051047175482	62.8129288312409	57.0114522570854	57.5467980098111	72.6002280035166	61.0900426206867	68.5795194262821	85.4020816088606	179.139977063144
552	1893.98710398307	79662.3628732007	3406.70615027164	485.829247733752	528.082496651428	362.569453482675	182.992490197072	153.372401095973	136.083976885604	99.2673244942638	86.7925441371975	71.2483337364333	61.2312016533608	55.9444874637738	59.8438127178371	63.8269571086824	66.8267757185951	51.9784119734914	74.5680112631427	76.4408128948251	82.7274685782764	165.737137396574
554	1671.12515570672	65576.3371665669	4228.5873417855	485.829247733752	528.082496651428	383.125813480426	231.878801885758	179.783584260941	128.468035782142	114.267547225766	98.0833568934155	71.8951499764882	69.7750644473129	54.709009629855	67.5034496659679	56.0315334324323	60.9740942347047	74.5875089421361	54.8359565304143	64.147707163428	72.2569819109539	140.859749044956
556	1668.60561893052	49550.8945452311	8070.67440737986	485.829247733752	528.082496651428	439.403060577886	217.269444686023	156.61110072737	133.44295268599	104.308640900899	92.0658003219733	66.14009660897	69.7831839088817	62.9323086440395	53.9934755075329	56.5131270941644	70.615077100563	71.4984393938885	77.2486637617282	61.8124343459227	76.4590531131875	130.527766829055
558	1696.5699285034	33810.1892789011	14348.1675843675	485.829247733752	528.082496651428	426.756327556685	237.613565067656	180.286568562663	121.70955308514	92.4595241114001	101.660436975769	73.6463389622302	64.4387684678361	71.4013061257075	61.4351424164368	56.032833498912	72.2870392361911	79.1887432601884	65.5691461585347	66.9214606347257	72.4715891685998	106.761758848041
560	1860.37415586958	19716.5759415052	24096.3858515595	3988.81988986919	528.082496651428	537.420665905442	266.684005195911	166.511421918546	127.646862167677	96.5217376166363	101.725111627389	69.7204571823026	69.8572789701088	59.9669248288386	64.1584320583856	52.8757223144027	60.2385083755572	75.0187234393212	66.6440681028472	63.0164942571862	80.8058733929745	93.0783015599657
562	1758.59807588227	10195.9320601714	38558.858935891	3378.06964610675	528.082496651428	537.420665905442	299.673160093942	205.348201457297	148.594998247344	101.784168080534	88.2210948173555	87.6844042230388	62.5043137911597	65.7540752002739	69.8469606232238	62.7924542294961	75.9759596229185	63.8032807586409	60.4046106671103	51.680074207016	69.1186640644244	94.5015060970784
564	2249.3175831929	5591.75915136893	54313.7476876731	3520.99801924026	528.082496651428	537.420665905442	286.895806308804	167.012483852478	142.632444921495	119.824525040888	103.435807970672	92.7617713891351	76.2037170120602	68.2232560980431	59.2841616707695	47.9654182357634	77.4203693453767	82.4948404779017	55.3668161469035	58.5216927101589	65.1424635711935	77.4591346663041
566	2287.52847141664	3133.16442637821	73368.1683997893	2950.52108404994	528.082496651428	537.420665905442	324.073137857935	180.741015102544	141.982379875622	104.55888945704	95.286121786231	81.405215729254	70.4860581918249	59.1410954221019	62.5348558956636	67.2227662539456	59.0122713769421	64.1086544582918	51.64055731319	73.6185511777406	71.5358974065873	69.7033322080511
568	2000.43062939712	2246.08276776593	88790.979042985	3248.18313789499	528.082496651428	537.420665905442	363.801585494184	214.397538558126	155.586999054422	130.200448312561	99.9617649019179	77.8998315377014	71.7250885125132	69.4757336551229	53.0987236315021	61.7881628995053	55.2701103420984	56.0973033133254	67.8465770151073	64.3945304216505	69.0528489204846	65.9379896780949
570	1776.1463302087	1863.31683909946	99888.3645503695	2973.36417765849	528.082496651428	537.420665905442	303.668614297136	178.392465195033	171.785664302356	113.451392486388	98.6394624435914	84.8728055840879	66.3830047330445	71.2338236818683	65.2097134023671	56.0756368102109	52.8998676099973	64.6163786603377	62.5957753343519	58.1823467637741	49.033584019925	67.5667318322202
572	2301.92970126309	1589.56328096192	101416.840589674	2936.41249916983	528.082496651428	537.420665905442	386.00373288012	185.575186226837	149.521321996886	95.5042559674107	80.2341843990217	76.2519983690613	87.9475909585411	72.5113402976017	69.506994165594	50.2482187517444	61.0219677446678	74.6630952819784	64.3064605998654	55.3821256597137	57.6915471123681	67.8695156282457
574	1882.3586379793	1243.67153468692	96024.4416673012	3041.72742362073	528.082496651428	537.420665905442	352.709972715191	219.697284562417	141.492121983764	115.054767068345	94.1609741902817	82.0718698961694	66.7488660852679	63.4520615315016	41.3357004646424	54.1543222384648	58.811597810668	63.7052173985205	63.354179129515	62.1662285110187	66.1049893318857	58.8511439448943
576	2542.13732857345	1513.17051732053	85281.2176305871	2987.31109785565	528.082496651428	537.420665905442	413.524089262769	240.607792003483	136.523266320792	126.728360160696	104.291498629572	93.4719755728995	84.0837448701123	74.6369088517068	50.8655322204928	55.7693990946356	65.0536507770766	60.8513673384329	65.60986415708	71.5833374047666	55.8465686815629	68.3468423229695
578	3029.73956652926	1400.96908811537	68828.8915041614	4366.49935133784	528.082496651428	537.420665905442	447.599478967617	229.199719329822	177.314158052987	124.269737130371	124.940767388696	98.2671263060327	87.1167741010534	68.5820041601165	62.0073110669282	53.8163741558648	54.09504100877	50.8841172759963	53.5227650424248	70.0107340917902	65.128110279083	64.2608647365606
580	2150.02723189518	1380.27815853857	51315.7140611207	7369.89665933949	3759.70727422486	537.420665905442	530.248246741255	264.631894261744	170.18360776529	143.116036867755	114.147463117637	78.8340760850854	78.547325743022	70.5049795762287	65.0547497889951	54.8082487952953	59.7800269247536	69.0866609101818	59.1903482229835	58.3103884907915	57.268189588716	56.157690256721
582	2353.37353406456	1275.54383088862	35041.9548504842	12917.8465421428	3422.76258908862	537.420665905442	530.248246741255	259.903923100408	164.014511760606	134.725702266495	99.386459735472	96.1408300539118	74.7703302432801	71.07675069213	55.7071893331632	67.6342839872942	61.4347006887757	55.2104194793031	53.6517346708904	62.440719133997	54.0062779367352	62.1417234568485
584	1932.78476025974	1264.81157161277	21347.0749875188	22957.7072656372	3031.94342339198	537.420665905442	530.248246741255	258.811550474958	190.725721234674	138.19451864386	100.220033689948	90.5418565456429	67.886297483513	57.2797579633725	65.4455222309831	51.5274107552172	57.0264182562442	58.5992644549877	61.3485388181627	61.6373346592532	64.2481040429856	58.1895478359983
586	2138.68823652846	1420.55633741433	11464.5417417142	35383.7078158005	3018.43476246811	537.420665905442	530.248246741255	280.664538808018	207.263836200402	130.198796529674	118.581739835557	93.7845668991257	92.0644383279908	59.7824641177181	56.9738499141967	66.7749234200387	68.0240427906007	57.739429905608	51.8567645586655	63.4281584824601	61.6645456786487	64.3466615931987
588	2002.69520540206	1157.1567300356	6274.75750781965	50988.5031285717	2972.55818853879	537.420665905442	530.248246741255	318.889223884541	174.031077968492	133.533644484389	115.085469331585	92.8841451761921	72.6352744380893	80.0728254404724	60.0819309704461	48.2108024802937	63.5561197927838	63.9673884332591	61.6039101452361	59.8970131934758	55.0576696388896	67.8073122530794
590	1727.56669317631	1438.52624148797	3539.73323575063	69519.1248942096	2986.64016909401	537.420665905442	530.248246741255	333.452563055082	218.173511947113	152.138953920291	116.937888567045	91.1953929764514	71.5216284217733	78.3967342364346	55.4060627745821	59.7911108389329	54.9039768344772	61.1673661614659	75.5751339189474	66.884609739939	50.1298694740044	56.4381874837904
592	1804.77097748799	1377.92974854679	2736.21755165777	84779.9074452172	2814.93723179747	537.420665905442	530.248246741255	315.578345615722	227.301381490857	138.418259768397	126.782926413476	92.1300728752274	84.1894872364932	50.7122577098628	66.5710587989474	67.7695340022742	58.5770486227908	50.958873909392	49.9917935993696	64.7647433404732	57.0627105121325	52.6867876906163
594	1701.04784275542	1436.00429703092	2001.12656830113	95966.9227490942	2614.78083417013	537.420665905442	530.248246741255	371.885401555566	208.14809949334	161.137847178374	112.499208990223	107.930965542648	89.7498081074448	88.5794692400824	75.1646989748221	57.1253929507273	63.7425421165778	55.9357550251451	65.0185925381696	63.7672226332562	54.0963526537807	67.2580887275504
596	2106.55709179644	1626.51776481279	1602.96368157947	100176.318413778	2498.92163096277	537.420665905442	530.248246741255	406.57361019671	197.565022270817	142.37824879422	113.593486558422	92.6957231474951	83.8893235880048	65.408379867685	51.7883354131193	57.4106086031872	47.1330400260586	70.7661029717479	66.8186827613487	61.4809523125988	56.4554678963606	56.5732729133047
598	2765.33956148585	1584.6611016986	1407.7967834425	96207.2031419624	2435.48860414931	537.420665905442	530.248246741255	430.214058914555	249.709332652522	149.826509054769	118.814857933564	82.5983828361263	67.457921107958	62.4793637383518	62.0113116844336	52.7879486629322	56.3420724093128	64.432061381458	54.9134054460398	59.1535342031187	46.9750897048366	49.2789991375611
600	2378.63268106077	1403.77176393202	1156.68601461037	87002.0419261284	2634.45312510636	3511.28947072424	530.248246741255	526.03510062048	252.964242453626	137.197581161539	134.583288864855	95.4385839664235	94.1414392271365	86.8070595885611	56.1764215871958	57.5009416886532	58.8683535319194	57.7754438373476	60.1487316874233	70.5329069498973	67.1135472461002	45.6735020818384
