Wavelength	240	250	260	270	280	290	300	310	320	330	340	350	360	370	380	390	400	410	420	430	440	450
nm	CPS / MicroAmps	CPS / MicroAmps	CPS / MicroAmps	CPS / MicroAmps	CPS / MicroAmps	CPS / MicroAmps	CPS / MicroAmps	CPS / MicroAmps	CPS / MicroAmps	CPS / MicroAmps	CPS / MicroAmps	CPS / MicroAmps	CPS / MicroAmps	CPS / MicroAmps	CPS / MicroAmps	CPS / MicroAmps	CPS / MicroAmps	CPS / MicroAmps	CPS / MicroAmps	CPS / MicroAmps	CPS / MicroAmps	CPS / MicroAmps
300	25177.4759638414	23353.5775134501	50216.2956201107	115652.3219986	94293.0169343086	27190.6599729896	432620.812174345	9817.59597961302	9580.57229487783	12572.3222118217	17206.3349744156	21441.9272166971	25091.5247344872	27542.5795350782	28727.8375592611	30178.9148669971	31720.3354724922	31549.2578205622	28286.1895595679	25880.201528817	24067.666596261	22867.5523417929
302	28415.116859395	26335.5489358988	51897.0674258742	111069.683785778	103917.91645861	29362.6550779209	12336.9597321318	9817.59597961302	9580.57229487783	12572.3222118217	17206.3349744156	21441.9272166971	25091.5247344872	27542.5795350782	28727.8375592611	30178.9148669971	31720.3354724922	31549.2578205622	28286.1895595679	25880.201528817	24067.666596261	22867.5523417929
304	30234.5244816681	29920.8018880608	54340.3281396115	109564.643651557	114321.558743083	33274.1803464428	12336.9597321318	9817.59597961302	9580.57229487783	12572.3222118217	17206.3349744156	21441.9272166971	25091.5247344872	27542.5795350782	28727.8375592611	30178.9148669971	31720.3354724922	31549.2578205622	28286.1895595679	25880.201528817	24067.666596261	22867.5523417929
306	33904.5625068125	31438.2976281512	55727.8133076351	107341.37237419	124967.496177247	35280.2164862429	12336.9597321318	9817.59597961302	9580.57229487783	12572.3222118217	17206.3349744156	21441.9272166971	25091.5247344872	27542.5795350782	28727.8375592611	30178.9148669971	31720.3354724922	31549.2578205622	28286.1895595679	25880.201528817	24067.666596261	22867.5523417929
308	35201.7969704705	33242.1474658752	56677.1727070753	106191.50879	133377.60559163	40320.5514760135	12336.9597321318	9817.59597961302	9580.57229487783	12572.3222118217	17206.3349744156	21441.9272166971	25091.5247344872	27542.5795350782	28727.8375592611	30178.9148669971	31720.3354724922	31549.2578205622	28286.1895595679	25880.201528817	24067.666596261	22867.5523417929
310	34175.6556025601	35488.767483683	57259.370586661	102792.089179409	134933.151145686	43103.4081345641	12336.9597321318	9817.59597961302	9580.57229487783	12572.3222118217	17206.3349744156	21441.9272166971	25091.5247344872	27542.5795350782	28727.8375592611	30178.9148669971	31720.3354724922	31549.2578205622	28286.1895595679	25880.201528817	24067.666596261	22867.5523417929
312	34095.7308648276	35321.9025735835	59977.9217847942	104055.678838262	130754.138394123	47429.1491492005	13473.447979044	9817.59597961302	9580.57229487783	12572.3222118217	17206.3349744156	21441.9272166971	25091.5247344872	27542.5795350782	28727.8375592611	30178.9148669971	31720.3354724922	31549.2578205622	28286.1895595679	25880.201528817	24067.666596261	22867.5523417929
314	35162.5122768473	37291.8201844508	59386.3534898695	99498.898976559	123287.531075815	53909.300110424	15121.8356286694	9817.59597961302	9580.57229487783	12572.3222118217	17206.3349744156	21441.9272166971	25091.5247344872	27542.5795350782	28727.8375592611	30178.9148669971	31720.3354724922	31549.2578205622	28286.1895595679	25880.201528817	24067.666596261	22867.5523417929
316	37618.54248675	40102.2730398941	61230.8880800374	99358.076739934	116960.514456781	62391.7820575561	17597.6052638846	9817.59597961302	9580.57229487783	12572.3222118217	17206.3349744156	21441.9272166971	25091.5247344872	27542.5795350782	28727.8375592611	30178.9148669971	31720.3354724922	31549.2578205622	28286.1895595679	25880.201528817	24067.666596261	22867.5523417929
318	38862.1601273568	42811.6916276235	63017.8625809053	97642.4622318097	113190.363036117	71571.2716725712	19753.205262804	9817.59597961302	9580.57229487783	12572.3222118217	17206.3349744156	21441.9272166971	25091.5247344872	27542.5795350782	28727.8375592611	30178.9148669971	31720.3354724922	31549.2578205622	28286.1895595679	25880.201528817	24067.666596261	22867.5523417929
320	38557.4193222038	44872.3012831921	64491.7753308137	95323.3140013203	108846.330469206	79786.8867624209	22834.3243721026	9817.59597961302	9580.57229487783	12572.3222118217	17206.3349744156	21441.9272166971	25091.5247344872	27542.5795350782	28727.8375592611	30178.9148669971	31720.3354724922	31549.2578205622	28286.1895595679	25880.201528817	24067.666596261	22867.5523417929
322	39365.3013403936	48651.1069648883	68503.7606649273	98001.8858014154	107876.876257822	85468.915379463	26580.5446640067	10135.8151840307	9580.57229487783	12572.3222118217	17206.3349744156	21441.9272166971	25091.5247344872	27542.5795350782	28727.8375592611	30178.9148669971	31720.3354724922	31549.2578205622	28286.1895595679	25880.201528817	24067.666596261	22867.5523417929
324	39469.2263419905	51302.3251522803	69532.3356959783	95869.7982980921	108332.418848446	84989.5442547016	30985.3214869676	11858.5779589039	9580.57229487783	12572.3222118217	17206.3349744156	21441.9272166971	25091.5247344872	27542.5795350782	28727.8375592611	30178.9148669971	31720.3354724922	31549.2578205622	28286.1895595679	25880.201528817	24067.666596261	22867.5523417929
326	39765.6370839257	53427.6531495807	73830.2103197498	96754.9300184476	107359.288393918	80580.7244126503	37736.2207404318	13670.2482250788	9580.57229487783	12572.3222118217	17206.3349744156	21441.9272166971	25091.5247344872	27542.5795350782	28727.8375592611	30178.9148669971	31720.3354724922	31549.2578205622	28286.1895595679	25880.201528817	24067.666596261	22867.5523417929
328	41972.3525207654	57821.0754364482	75378.1415705971	96088.4522055043	105388.736112774	78642.4324387447	45988.1952698794	15863.0506041722	9580.57229487783	12572.3222118217	17206.3349744156	21441.9272166971	25091.5247344872	27542.5795350782	28727.8375592611	30178.9148669971	31720.3354724922	31549.2578205622	28286.1895595679	25880.201528817	24067.666596261	22867.5523417929
330	41569.6416941246	57964.4969485533	77883.9378061677	94105.8899933419	103897.9211942	76758.4418996432	56259.3825521604	18083.8367723931	9580.57229487783	12572.3222118217	17206.3349744156	21441.9272166971	25091.5247344872	27542.5795350782	28727.8375592611	30178.9148669971	31720.3354724922	31549.2578205622	28286.1895595679	25880.201528817	24067.666596261	22867.5523417929
332	42648.229488723	60263.2234885296	80077.3877464272	94975.6452508003	103559.818766361	77616.3021750315	65510.1149569007	20845.0642173127	9659.00219591549	12572.3222118217	17206.3349744156	21441.9272166971	25091.5247344872	27542.5795350782	28727.8375592611	30178.9148669971	31720.3354724922	31549.2578205622	28286.1895595679	25880.201528817	24067.666596261	22867.5523417929
334	43782.6346889597	61491.5900863015	80282.3073664408	94433.2203032049	101683.003131304	78898.7765756484	70811.3339977448	23801.3697540748	11075.2921191136	12572.3222118217	17206.3349744156	21441.9272166971	25091.5247344872	27542.5795350782	28727.8375592611	30178.9148669971	31720.3354724922	31549.2578205622	28286.1895595679	25880.201528817	24067.666596261	22867.5523417929
336	45287.6408500206	65433.7500811938	82376.4690057079	93698.8671576495	101255.706411541	82251.8949958961	71013.4888021539	28015.6621635699	12898.1052574324	12572.3222118217	17206.3349744156	21441.9272166971	25091.5247344872	27542.5795350782	28727.8375592611	30178.9148669971	31720.3354724922	31549.2578205622	28286.1895595679	25880.201528817	24067.666596261	22867.5523417929
338	48134.8851484599	67110.6706984016	84671.8462727229	95278.0119791129	101231.617020195	84105.0359397339	69926.6571633497	33939.0358676618	15179.598286159	12572.3222118217	17206.3349744156	21441.9272166971	25091.5247344872	27542.5795350782	28727.8375592611	30178.9148669971	31720.3354724922	31549.2578205622	28286.1895595679	25880.201528817	24067.666596261	22867.5523417929
340	48685.4289006992	71028.7163391629	88578.2743228198	94884.5252131446	100938.560384255	86468.6994149722	68614.3304017455	41916.9688879439	18182.5368691634	12572.3222118217	17206.3349744156	21441.9272166971	25091.5247344872	27542.5795350782	28727.8375592611	30178.9148669971	31720.3354724922	31549.2578205622	28286.1895595679	25880.201528817	24067.666596261	22867.5523417929
342	49000.2815813708	71036.2112038697	90571.2107432198	96128.9817739641	100587.973065322	89296.3955551766	68439.7151183493	52098.281100066	21190.7650261301	12615.4027573725	17206.3349744156	21441.9272166971	25091.5247344872	27542.5795350782	28727.8375592611	30178.9148669971	31720.3354724922	31549.2578205622	28286.1895595679	25880.201528817	24067.666596261	22867.5523417929
344	53619.0095734821	74820.3264472462	92444.3304391268	97801.4366613609	101458.800321869	92465.4669588072	70641.9140548947	61658.6095411239	25262.1491730598	15160.718072929	17206.3349744156	21441.9272166971	25091.5247344872	27542.5795350782	28727.8375592611	30178.9148669971	31720.3354724922	31549.2578205622	28286.1895595679	25880.201528817	24067.666596261	22867.5523417929
346	51697.3631909159	75934.404529064	93449.0679810465	97432.3653480632	101476.212367962	94532.412222761	74939.8074179726	68796.0564187519	29628.6645296416	18539.3518526508	17206.3349744156	21441.9272166971	25091.5247344872	27542.5795350782	28727.8375592611	30178.9148669971	31720.3354724922	31549.2578205622	28286.1895595679	25880.201528817	24067.666596261	22867.5523417929
348	53613.2325724383	78362.9715176555	96696.110000705	98822.1837664315	102164.280763351	97440.029963425	78635.7805796333	71497.3726200163	34501.8080100297	22525.5366650107	17206.3349744156	21441.9272166971	25091.5247344872	27542.5795350782	28727.8375592611	30178.9148669971	31720.3354724922	31549.2578205622	28286.1895595679	25880.201528817	24067.666596261	22867.5523417929
350	57316.7873505477	80892.617789704	100042.309304947	100699.42509098	101825.814962989	99095.0668172567	83296.738339844	70812.2279858424	41644.4545703559	26983.3939768342	17206.3349744156	21441.9272166971	25091.5247344872	27542.5795350782	28727.8375592611	30178.9148669971	31720.3354724922	31549.2578205622	28286.1895595679	25880.201528817	24067.666596261	22867.5523417929
352	60037.2980281778	86639.9142498798	100857.380447152	101480.290861341	102116.667533168	101730.243619613	87420.2460366139	71171.9599701663	51030.0872091912	31864.5169783272	19040.6666099795	21441.9272166971	25091.5247344872	27542.5795350782	28727.8375592611	30178.9148669971	31720.3354724922	31549.2578205622	28286.1895595679	25880.201528817	24067.666596261	22867.5523417929
354	60144.1669476914	87451.2535873715	103183.052676501	103820.528676099	103466.655314954	103355.653680996	91011.974920589	72477.5058625924	62121.0655282982	37526.115800294	22852.5475223535	21441.9272166971	25091.5247344872	27542.5795350782	28727.8375592611	30178.9148669971	31720.3354724922	31549.2578205622	28286.1895595679	25880.201528817	24067.666596261	22867.5523417929
356	64388.8851059687	89181.7619383931	106880.568753584	105262.374755408	105630.014856625	106168.966851602	96048.8177629624	75971.4896802533	73519.036387948	43422.7576555506	27589.8674613188	21441.9272166971	25091.5247344872	27542.5795350782	28727.8375592611	30178.9148669971	31720.3354724922	31549.2578205622	28286.1895595679	25880.201528817	24067.666596261	22867.5523417929
358	67138.3257932788	91992.4925259527	107938.113257235	107076.798369801	106571.430801768	109928.511122266	101066.927590679	81871.8705387802	83468.1064095015	50024.2282542013	32938.3591246828	21441.9272166971	25091.5247344872	27542.5795350782	28727.8375592611	30178.9148669971	31720.3354724922	31549.2578205622	28286.1895595679	25880.201528817	24067.666596261	22867.5523417929
360	66614.9586005521	96140.5750740515	111540.638836127	108523.045879268	108084.804541577	112365.980195061	105725.75235156	88472.0651922206	90250.7785127794	58115.1413499406	39226.6214238938	21441.9272166971	25091.5247344872	27542.5795350782	28727.8375592611	30178.9148669971	31720.3354724922	31549.2578205622	28286.1895595679	25880.201528817	24067.666596261	22867.5523417929
362	72705.2141513373	100120.953757194	114153.215673129	111537.490187811	110622.656056781	115679.221112645	111924.540049436	95175.8125568237	94906.5819465302	67336.3347142908	46054.5645860837	24800.4923860695	25091.5247344872	27542.5795350782	28727.8375592611	30178.9148669971	31720.3354724922	31549.2578205622	28286.1895595679	25880.201528817	24067.666596261	22867.5523417929
364	75379.1925951321	106640.95048358	118451.885901694	115249.267425744	113061.849728711	119737.037545475	117300.450837286	102958.184451653	99388.3859664745	78342.9182833136	53580.6410095441	29805.2840759769	25091.5247344872	27542.5795350782	28727.8375592611	30178.9148669971	31720.3354724922	31549.2578205622	28286.1895595679	25880.201528817	24067.666596261	22867.5523417929
366	79715.6053628827	109291.542674162	121712.799655633	119402.449656112	115521.422769385	123469.236992091	124899.052464663	111537.099480394	103950.360162672	91798.434311033	62604.2437509165	35892.0330719285	25091.5247344872	27542.5795350782	28727.8375592611	30178.9148669971	31720.3354724922	31549.2578205622	28286.1895595679	25880.201528817	24067.666596261	22867.5523417929
368	87622.213957583	113099.016023732	126689.09793197	122757.940288099	119581.078670611	128197.98793772	131341.25194746	121593.860604814	110463.381071047	106626.395481479	71484.4057006595	42776.2459066727	25091.5247344872	27542.5795350782	28727.8375592611	30178.9148669971	31720.3354724922	31549.2578205622	28286.1895595679	25880.201528817	24067.666596261	22867.5523417929
370	90307.0628553967	122024.701607095	131536.297600784	128493.039234396	124091.786860824	133912.895297259	138956.21866848	130656.642848349	120274.684471864	121720.923679896	81527.8416142364	50737.9784132506	25091.5247344872	27542.5795350782	28727.8375592611	30178.9148669971	31720.3354724922	31549.2578205622	28286.1895595679	25880.201528817	24067.666596261	22867.5523417929
372	96915.1926516344	128693.270273578	137333.523961037	131994.838678702	128601.722239438	138953.327426858	146559.633889707	140868.046819428	131142.82386119	134017.104751429	92394.1668776868	59064.0118646838	29495.4974920147	27542.5795350782	28727.8375592611	30178.9148669971	31720.3354724922	31549.2578205622	28286.1895595679	25880.201528817	24067.666596261	22867.5523417929
374	104199.289689569	134330.228929146	143032.478490741	138440.006251743	133419.565636723	144886.356150379	154934.856739014	150758.537871353	142059.756012197	143518.987231244	104002.343036352	67942.518487137	35187.4417909053	27542.5795350782	28727.8375592611	30178.9148669971	31720.3354724922	31549.2578205622	28286.1895595679	25880.201528817	24067.666596261	22867.5523417929
376	108671.432515282	140158.165055904	149362.999832107	143652.817228132	138274.211918368	151066.330286995	163075.71047244	161814.578222567	153633.84571394	151896.714651158	117752.126848676	77513.2425737334	41569.3349138195	27542.5795350782	28727.8375592611	30178.9148669971	31720.3354724922	31549.2578205622	28286.1895595679	25880.201528817	24067.666596261	22867.5523417929
378	115337.990075024	145557.401898885	155549.72391	148810.000195435	143557.178608087	157005.537408858	172429.991329974	173328.465413536	166375.152643363	160923.564655221	133346.872919255	88641.6875804166	49178.1711453122	27542.5795350782	28727.8375592611	30178.9148669971	31720.3354724922	31549.2578205622	28286.1895595679	25880.201528817	24067.666596261	22867.5523417929
380	124448.362452513	154909.867475686	162134.153776462	154362.630641491	149314.020718818	164601.713130293	181690.705325625	185904.386928235	180187.995644793	170512.709160796	150591.323613037	99540.0243195797	57548.7206141842	27542.5795350782	28727.8375592611	30178.9148669971	31720.3354724922	31549.2578205622	28286.1895595679	25880.201528817	24067.666596261	22867.5523417929
382	133559.636415301	165165.184367118	169741.102963675	162578.536591752	156133.731635077	171474.737899494	192715.704719466	199737.745780956	194339.983292205	183322.820805547	168498.576662378	112022.71458443	66951.871861764	31732.7755553684	28727.8375592611	30178.9148669971	31720.3354724922	31549.2578205622	28286.1895595679	25880.201528817	24067.666596261	22867.5523417929
384	140390.524274234	174062.680591304	176304.030214327	169565.167690797	162894.090717201	180342.109602264	202938.109854789	213429.278265144	209450.679571371	197202.087104247	184658.139051371	125222.282285463	77280.5657195718	37750.8596760742	28727.8375592611	30178.9148669971	31720.3354724922	31549.2578205622	28286.1895595679	25880.201528817	24067.666596261	22867.5523417929
386	149770.8349935	180774.775910392	184250.723976741	177574.55832309	169198.123765336	188613.688484228	214240.007689719	226711.898326855	224652.868353928	212689.638373864	197773.871950419	138983.304923725	87679.3769042068	44645.3886348025	28727.8375592611	30178.9148669971	31720.3354724922	31549.2578205622	28286.1895595679	25880.201528817	24067.666596261	22867.5523417929
388	159317.206093933	192766.148491071	192305.717996703	183427.204178447	176444.109796871	196195.426932584	226148.993987552	242096.660867801	240204.972669849	228592.5394306	210473.691945079	154139.291113752	99347.5268081463	52671.2202991075	28727.8375592611	30178.9148669971	31720.3354724922	31549.2578205622	28286.1895595679	25880.201528817	24067.666596261	22867.5523417929
390	168745.214992795	202996.820185941	202204.415250986	191546.42163057	183442.41468028	205593.20074214	237303.170531873	257843.140549247	257264.420783158	245648.394730082	222857.774202578	171026.770961212	111661.282065511	61043.1462086675	28727.8375592611	30178.9148669971	31720.3354724922	31549.2578205622	28286.1895595679	25880.201528817	24067.666596261	22867.5523417929
392	179805.701432191	213434.588609629	211217.819066173	199542.196606227	190483.637479051	214486.307551912	250173.096294057	271431.875996689	274181.119272076	262103.090578366	235331.818722233	189169.441624311	124287.611101454	70768.7189699937	31816.7660007137	30178.9148669971	31720.3354724922	31549.2578205622	28286.1895595679	25880.201528817	24067.666596261	22867.5523417929
394	193265.519290307	223034.582250699	220739.396571646	206773.35994083	198700.746833262	223336.198106987	261894.691309509	288439.35224877	291040.825328215	279341.268976417	249779.552362356	208129.055821563	137589.773603805	80817.125025634	37726.9706195707	30178.9148669971	31720.3354724922	31549.2578205622	28286.1895595679	25880.201528817	24067.666596261	22867.5523417929
396	201954.048560799	235065.947827312	228466.758630017	214912.433540642	207167.006900702	232135.328108897	275294.333207222	304984.145470765	309226.180939152	297232.354155653	266162.956972979	225641.680862977	151567.87354609	91952.524609296	44244.0000864489	30178.9148669971	31720.3354724922	31549.2578205622	28286.1895595679	25880.201528817	24067.666596261	22867.5523417929
398	208480.502926275	245682.915005198	237763.281627761	224756.484096259	214531.971700064	241138.830320374	286919.811750209	321352.443647408	327171.750872203	315602.93080806	282577.013317536	241039.182110934	165807.607832231	102873.682433303	51669.8111347095	30178.9148669971	31720.3354724922	31549.2578205622	28286.1895595679	25880.201528817	24067.666596261	22867.5523417929
400	221025.511431984	255965.241245253	247360.165907657	232222.383671693	222576.693888364	250920.891199812	300059.938568399	336184.548725454	344577.278957677	333909.140971377	299807.25466351	253636.495086947	181011.565768802	114832.701841096	59644.9300499153	30178.9148669971	31720.3354724922	31549.2578205622	28286.1895595679	25880.201528817	24067.666596261	22867.5523417929
402	228554.853484776	265558.413758724	257683.496778859	239076.998543742	229042.850390364	258611.850117723	311331.780807883	351481.594180419	362629.270699342	352477.355277469	316806.013031612	266585.590714496	197211.951964193	127211.941678648	68693.6718706166	33022.0824740481	31720.3354724922	31549.2578205622	28286.1895595679	25880.201528817	24067.666596261	22867.5523417929
404	238783.37021592	276129.121857724	266081.629049462	247440.616708125	237748.682633768	268418.500676322	324313.628792224	367930.051162878	380944.178593709	369972.983212766	334061.656271146	279170.573685185	214677.431836733	140335.456452251	77881.4597645011	38694.837263071	31720.3354724922	31549.2578205622	28286.1895595679	25880.201528817	24067.666596261	22867.5523417929
406	251586.123387636	288407.162262347	275170.916937471	254645.821991131	244871.538617911	276012.116986026	335781.062657748	383492.823080299	397934.091714287	388148.229952461	351391.122266342	292241.792726978	232259.895103262	153314.4855434	87879.7087800639	45153.4536196847	31720.3354724922	31549.2578205622	28286.1895595679	25880.201528817	24067.666596261	22867.5523417929
408	261500.331749701	299891.622103917	283856.701891524	264844.850003622	252160.693751653	284215.20935592	345823.218944544	398159.501820875	416082.405768567	406187.271333748	367611.348664447	307004.524093983	249686.966052483	167042.49228906	98571.5528384624	52271.5142226682	31720.3354724922	31549.2578205622	28286.1895595679	25880.201528817	24067.666596261	22867.5523417929
410	269877.188070165	311154.349718229	294289.421810006	270737.595064571	258269.171684973	292767.554717066	357258.680963009	412982.391303744	432509.178263886	423359.318231009	384785.120797042	322099.787962868	264602.140340568	180326.758193041	109275.305341419	59970.0006870134	31720.3354724922	31549.2578205622	28286.1895595679	25880.201528817	24067.666596261	22867.5523417929
412	274278.715857379	319857.136972494	303581.405580552	279305.850113148	266757.16763244	299516.363888686	367404.233270729	426514.905188431	449739.471010235	441641.99404425	400997.49074625	337408.610593256	277824.058303934	194200.718528443	120549.334338536	68150.8265852409	35881.117711628	31549.2578205622	28286.1895595679	25880.201528817	24067.666596261	22867.5523417929
414	287324.810355966	329241.166660986	313458.286054867	287931.312757943	273118.977695792	307289.674821384	376337.645651211	439087.318020645	465078.033301336	458562.281428018	417315.366950846	351995.603160298	289136.637912299	209573.755161495	131879.716869175	76908.287683405	41448.050955513	31549.2578205622	28286.1895595679	25880.201528817	24067.666596261	22867.5523417929
416	298571.767582173	341075.365282819	323835.210197851	294281.806057331	279110.812487915	314613.200073757	388195.750898696	453704.45579113	481792.186560241	475839.458141641	434424.984637027	367016.995237881	300116.378597161	224696.610844834	143651.915272598	86085.7334361938	47802.0389168778	31549.2578205622	28286.1895595679	25880.201528817	24067.666596261	22867.5523417929
418	301786.046295934	351266.288394999	333304.810680212	303813.130386935	286874.554051864	322709.411193723	396555.986504957	466257.836409915	497927.478286537	492730.823974005	450905.911997203	381947.605499682	312856.665530287	241137.665254857	156406.153643631	95595.4372869928	54645.749863883	31549.2578205622	28286.1895595679	25880.201528817	24067.666596261	22867.5523417929
420	308974.322270421	363325.026810865	344293.264204945	311092.964602613	293053.15988169	330074.438320842	406051.768621743	480122.712160822	513989.149188257	510601.433304526	466197.238103785	395681.028993633	325747.509802355	257483.210077785	167985.558384484	105087.230431523	61474.6300941361	31549.2578205622	28286.1895595679	25880.201528817	24067.666596261	22867.5523417929
422	316454.780572583	370064.593053436	350564.932320285	316790.174516331	299170.957394353	334643.422063942	413151.327822887	489410.058369001	526544.699983504	523915.18799802	479619.199887215	409299.982521898	337990.549949857	271728.678587828	179304.508778857	115372.057480856	68635.4220778383	34880.0757663533	28286.1895595679	25880.201528817	24067.666596261	22867.5523417929
424	326450.269753811	377950.450061528	360980.717607227	325013.172817877	305422.577342949	340177.929186528	420244.043310586	497367.549088336	537376.634610605	537354.702647993	492671.200222002	421784.275644287	349559.28252382	284113.331292455	191234.717993968	124709.755929611	76398.6298000008	39806.0541323087	28286.1895595679	25880.201528817	24067.666596261	22867.5523417929
426	333860.848309951	387688.806691018	365639.925821209	329788.106135935	309496.311522733	345374.443193496	425620.021886723	506285.257080203	549102.500938455	549158.226971932	504843.866140085	433005.006850902	361420.111676118	293876.946673864	203863.45710163	134580.073390993	83993.7647889672	45207.7001098893	28286.1895595679	25880.201528817	24067.666596261	22867.5523417929
428	327776.764523502	394718.134702647	375407.263821343	335658.846473675	314752.194562164	348910.872036484	432342.941749102	514039.568186972	559230.904229674	560790.81553506	516934.953709228	445178.118740187	372835.923757875	303733.512781158	215883.207790106	144044.486546049	91819.5076886796	50594.5235465003	28286.1895595679	25880.201528817	24067.666596261	22867.5523417929
430	340444.443271295	401649.612760541	380366.642935683	341901.372553626	318071.193943275	355232.026760512	436657.757795758	520077.249784596	567880.758127359	571038.457242255	527333.951944776	455163.875448082	382250.90072256	311442.658729342	228138.683051584	152990.106589461	99592.6285255032	56319.2163772806	28286.1895595679	25880.201528817	24067.666596261	22867.5523417929
432	344090.107319846	408532.278703886	387028.447079738	344888.120571137	322836.322764363	358600.25815538	441389.882440145	528844.529807694	576260.128449927	581815.996112054	538368.203744808	465811.778134656	393750.711001608	320835.636800997	240988.857192013	163103.726418693	107310.536631677	62093.8635154201	31384.2612474041	25880.201528817	24067.666596261	22867.5523417929
434	349966.410420395	415182.474296718	390929.473568465	350046.743560973	326339.611748391	360777.810507139	444686.275868153	534113.138194045	583741.057453038	591315.059289481	548684.732463424	475306.296586777	403910.053507531	330246.885303308	253202.139836623	172036.611169669	115345.347196768	68419.4419884067	35372.8561786609	25880.201528817	24067.666596261	22867.5523417929
436	350393.929280413	419542.851898104	397854.169974985	355015.085922054	331150.793667952	363598.18078381	448552.87344344	536461.773579542	590183.503801713	598314.613319289	556583.887534977	484594.030554334	412669.191883461	340045.546339851	264073.353661124	181023.46678123	123208.457355788	74575.2238458949	39826.2971241168	25880.201528817	24067.666596261	22867.5523417929
438	356071.667087198	424538.276094412	403544.067355093	358560.790080526	332763.833356373	365877.50141902	450447.255866839	540912.295584388	594507.928201558	605084.475112476	564425.620230161	491352.566523009	421062.274854539	348711.438032597	273052.506208339	190449.242175203	130867.158527791	81069.6926144689	44297.597668064	25880.201528817	24067.666596261	22867.5523417929
440	357551.536900133	425908.499776167	405638.514325639	363242.811804406	335125.37557067	368062.081317097	451422.410726208	541950.984799099	599405.555008802	611216.714805641	568926.672213155	498222.518879105	427871.773214151	356443.566680533	279979.661103133	199428.679995019	138547.112463156	87160.4163952572	48994.8577839877	25880.201528817	24067.666596261	22867.5523417929
442	357869.331960732	430843.097775356	408012.163351368	364270.956231836	337506.17211603	369683.205979906	451811.13580209	543478.435305058	600480.250484867	613083.796886878	574665.76372515	504666.808666257	434883.366720977	364345.253354682	285482.461613755	209318.16529071	145721.068936151	93651.6504473933	53881.0133550888	27918.2077004005	24067.666596261	22867.5523417929
444	357962.36585527	434602.519356536	410013.912961407	366199.236978204	340347.164231852	370165.36340762	452355.836560317	543923.128334559	601246.822501437	615314.564571754	578872.804209528	509287.719317877	440605.550198576	371313.63813547	291637.286810666	218185.881679623	153282.024295662	99730.3227218714	58799.4410108973	31379.4732049043	24067.666596261	22867.5523417929
446	361994.467201848	434206.848488387	412457.671460414	368961.313598754	341809.924858062	369799.097262008	450753.378518226	542869.050344009	600292.657992121	617225.739862195	581687.634160629	513753.064392297	446391.035345841	377319.420244999	297525.858817682	227534.931583468	159803.383006984	105704.750046026	64180.0343731913	34838.9327076763	24067.666596261	22867.5523417929
448	355092.473947023	433908.406878636	416035.640895881	370192.552339091	342095.305223062	370666.815033305	451102.568266976	541392.678056519	600717.758870251	618739.927694885	583236.836369383	517210.741878891	450650.153483836	382898.855231647	303556.926060959	236059.999800207	166725.280317872	112198.784112885	68700.7400527751	38657.2374593187	24067.666596261	22867.5523417929
450	361232.246161918	431780.494872069	416988.403927002	370689.760179316	343652.905561651	370389.008200218	448781.024109037	538743.203347862	599703.340779829	616916.468989076	585194.116273919	519619.422309181	454526.560949465	388266.027697214	308748.037726552	242505.328651901	173702.178016629	118078.150468243	74359.8410266484	42870.6425626073	24067.666596261	22867.5523417929
452	361636.985235346	431923.42941401	414372.89472421	371065.003877236	344187.600741359	369598.143169416	447011.912418036	535483.145920002	596761.496234638	615712.419307993	584608.228140863	522260.390743334	457190.928482421	392726.577702646	314808.557610588	248608.980375447	180166.91350186	123942.054138915	79574.6490007636	46986.7281702376	25251.2427767802	22867.5523417929
454	358926.164370778	432531.167611735	412427.064309787	370694.735978374	343110.851369992	369056.085820132	444017.126297657	531735.063487851	593285.389996787	614037.761130704	585193.898004032	522814.903614856	461211.105977666	396622.011917905	319788.112544536	252552.693906434	187854.674176494	130035.479565259	84690.2780310976	50994.8454967918	28230.8649607896	22867.5523417929
456	351198.00905162	429553.478995078	412402.104245776	371687.642293665	343661.182689152	368141.955565927	441925.63378242	527450.560026899	589236.07147677	610955.532840115	583758.401208314	523944.56990572	462800.491233584	400293.325032593	324934.222006979	256402.62945907	194292.572013628	135662.923000322	90007.1071265645	55441.312150851	31254.3603608775	22867.5523417929
458	347980.659119145	428146.770440904	411097.072545763	372706.829093747	344932.128947614	366540.715483821	438134.138120727	522524.718338512	584346.956297045	607084.324966618	583434.541287733	523862.375725227	464196.315121301	402595.601895333	328612.612722055	260340.543999688	201113.191762805	141028.266457222	95187.5023546663	59921.6445382005	34508.366176053	22867.5523417929
460	344843.83354997	427095.57471493	411131.640198684	369726.785851038	343569.848021299	364557.090045937	435254.085803766	518228.235534446	579763.902308911	603005.987716543	579817.775400016	521964.830975844	465335.308301398	405812.132588843	332851.877562462	264495.740894977	208105.657867048	146136.37553856	100329.460258431	64130.0560473138	38104.6943444365	22867.5523417929
462	344843.83354997	423302.874371728	408788.57068482	370236.285309685	342670.159191305	363494.37685774	429988.997856217	512135.854705637	571473.196660866	596560.319883618	575512.670926948	520637.643414645	465186.83279594	406952.321269333	335356.768912396	266783.532615845	213415.354324703	151311.690582253	104815.29929029	68805.9064352711	41789.7938827875	24383.3190541562
464	344843.83354997	416852.659738788	405156.38559174	368793.796444727	340423.094191074	359761.662225855	426110.097019627	504210.044535576	564658.813584648	590232.006807993	570585.736997813	518282.483355917	463671.853206889	406804.979813543	337176.514462257	270731.400510647	217966.832670685	155943.79431095	109580.588919892	72875.339200605	45580.1076800029	27432.050392334
466	344843.83354997	412643.560250356	401879.092097633	364669.018267107	337613.52260189	356752.609283609	420102.4501433	498168.993619454	556592.592707089	584208.334723851	565141.435613708	515238.981065808	463167.372405202	407203.872293547	339244.165944603	273794.416134232	220579.3386661	161319.615694645	113827.02721065	77574.930357909	49230.6270326345	30649.8818017804
468	344843.83354997	411933.937780607	399220.206481655	362294.419843507	336398.485462577	353788.473020696	415984.515544835	492167.574347835	551122.227782553	577747.440905067	560407.260430366	512306.752214112	462191.101059415	408419.689709737	341251.266858838	276539.919257019	223016.318129569	166528.850502001	118672.426219946	81877.0882964758	53137.8988319077	33992.0867513949
470	344843.83354997	410094.970476943	396754.328767971	361498.499423491	333632.839056171	351797.79290224	410484.283913641	483542.737954691	542028.189077148	570574.744746827	554830.529842908	508407.864948789	460000.793703154	408156.873596901	342506.247645952	279082.172889104	225379.668365612	171754.260889288	122779.285948396	86004.2487379174	57217.050767964	37488.978892628
472	344843.83354997	403692.160230324	392137.098773627	358345.87131241	334907.479335349	348029.967048834	406938.720189484	478426.652557809	534793.718560634	562787.128989501	549828.214060312	505024.520734723	457580.202259942	407892.512631954	344228.847480435	281536.901148012	227228.065154105	177236.790864711	127043.351412941	90412.8906656682	61321.0825125975	40839.5980378933
474	344843.83354997	398209.515824704	390551.244862204	356601.020354109	330438.196349541	346385.845658657	400729.631177031	469929.285813838	525932.983870412	555616.761357405	543421.2829464	501661.831787145	456622.587241331	407400.55552456	344675.992301717	283372.985509298	229504.190745066	181939.764511581	131197.159417346	94287.3622858376	65248.8344557477	44696.9925302147
476	344843.83354997	391724.427257263	383030.807569345	353149.582698975	327815.932970957	342474.779490794	395200.198878338	461672.188251395	516578.481192918	546198.478642294	535685.15755088	496481.992254046	452789.833523701	406293.66857317	344484.986997343	285178.730279408	231329.544669054	185617.680668148	135077.808907917	98105.8664897564	69213.3392761789	47993.5632081909
478	344843.83354997	386689.122713487	379055.953149192	347863.438623786	325509.287197912	338484.954180773	387768.477884381	454339.035430159	508321.092456973	535860.590576302	528867.697948104	491551.231749834	449847.639510309	403722.436101363	344973.428331698	286229.566505049	233569.531024673	188182.741665716	138991.016379332	102109.677920984	72790.6249718328	51433.456355167
480	344843.83354997	381109.740758555	374937.127109514	345209.149111733	322224.227841958	333986.419039155	382414.575183562	446348.32654009	498649.81623228	527099.321027865	520454.290778613	485975.464812495	447000.222394131	402409.955270964	343951.743361182	287409.692819283	235283.097085885	190043.385873976	142890.422689934	105249.413762755	76250.8817434969	54882.0433390632
482	344843.83354997	381109.740758555	370021.444519727	340919.198919301	318173.731854359	328948.314186145	375062.525742828	436254.039529486	487009.536816552	516467.864410934	511743.29777757	478999.001395514	441435.269212227	399484.728444561	342805.240918685	287354.633292421	236271.448687921	190407.386746476	146412.756314542	108574.65857926	79444.598117089	57637.7507572103
484	344843.83354997	381109.740758555	363047.116063705	337915.700675487	314818.452699789	324645.799475	369210.628752736	426847.82956232	476167.452316971	505904.521367837	503112.528450687	472089.997537723	436209.668459599	396372.641702629	340946.994941008	286807.648517232	237529.629842172	190872.280556049	150255.579023741	111330.387164234	82687.1454959712	60840.6984574433
486	344843.83354997	381109.740758555	354890.905550133	331615.520225979	310821.371691938	319151.12462183	361291.666013275	417948.841062385	466033.471731143	495530.656175256	493836.76731001	464974.725801965	430993.239118261	392500.639950201	339273.929357651	287060.613300157	238360.469255924	191818.690009365	153527.866975375	114006.81893458	85064.4987382553	63984.3227738078
488	344843.83354997	381109.740758555	349963.763877562	326761.447268252	306814.291359197	315148.293270968	355348.600566035	408541.140171343	455461.862360846	485761.223122584	485193.99772443	457740.929613369	426367.260435192	389252.207835664	337381.995316752	285792.041670276	238026.218420442	192706.359885353	156129.475996205	116498.695317134	87977.7668352545	66138.9059080288
490	344843.83354997	381109.740758555	345369.271794092	322390.843123081	302135.684725757	310478.871698576	348969.518215207	400449.357803057	445548.4576846	473519.678033395	475710.473337174	450282.676358569	420878.677082817	384901.701800404	335027.742399996	284172.481272466	238696.720181956	193601.085048926	158630.792123837	119391.332768107	90708.6424850733	68910.1232757253
492	344843.83354997	381109.740758555	338412.83013981	318124.847529586	297098.45599454	305490.994182256	342652.923930739	391466.858272531	435878.785293827	465217.225560209	467411.116603385	444216.684861127	416617.37481456	381285.349496673	332548.312416551	284497.717221045	238358.087733918	194344.048205204	159519.417188828	121900.619122904	92681.6759518437	71456.7631193797
494	344843.83354997	381109.740758555	331653.440856806	312523.500617935	293328.346709933	300954.501827574	335883.079166179	382492.132970628	425947.829746798	454723.227405116	457479.718398904	436912.126578466	411471.134915347	377602.498591328	330126.648505618	283047.617965815	238667.176195347	195144.891076434	160607.574450123	123886.63185341	94784.0734965093	73820.9890821432
496	344843.83354997	381109.740758555	326534.678274215	308289.024114652	288712.717992165	296188.036090583	328813.485707607	373424.146001684	414728.02203456	443422.594951083	448353.289903413	428391.588803263	404294.615375751	372899.638380887	327039.891478485	280540.403972528	237965.715863632	195244.723150989	160110.502385601	126715.734034317	96646.7113527769	75600.4496608072
498	344843.83354997	381109.740758555	322427.881966428	302843.94680161	283000.890309207	288923.658340668	319873.178979556	364874.63951713	404331.527061933	432516.076717369	438319.888968236	420645.822817428	398083.908502826	368324.89428152	323301.699483607	279372.035051193	237015.298377435	194888.165337686	159382.247482192	128477.758013894	98542.6731208193	77615.9561132631
500	244760.964953606	381109.740758555	315173.347437812	295561.177974519	278654.816505573	283717.21758763	312208.058903913	355555.324626781	393218.397703713	421600.852738915	428363.89061925	412495.605271884	391235.502581067	362733.14309239	319212.139544257	275541.286503953	235278.106051211	194144.431721846	159429.144250385	130569.229722498	100155.365475375	79028.6402221328
502	236699.760052886	381109.740758555	315173.347437812	290330.277316454	273146.996577967	279440.105881639	307538.791552284	346773.15288309	382810.143849853	411684.229035429	419527.494697215	404830.244168837	384813.029861154	357637.477640583	316164.377845754	273374.608571102	233865.066425003	194444.767300468	159186.444898833	132838.163818014	101531.827344263	80562.0352147652
504	233083.147553887	381109.740758555	315173.347437812	286791.363053455	269580.717376145	274872.963134149	300825.997877115	338254.588756244	373646.198318057	401141.427504249	409076.806492272	397153.15045962	380129.907927522	352901.79686476	312505.116625986	271678.639237696	232528.641972841	193547.140070732	159220.274530697	133811.622543151	102936.620603671	82486.3566877853
506	229355.862053759	381109.740758555	315173.347437812	279971.414178258	265253.581829222	268659.395399175	293719.984713272	329450.472434205	364467.873477008	391153.336611795	399521.27906834	389464.630370951	372184.383952176	347246.134896349	308087.739474212	268553.886374625	231216.518981184	193324.673991215	159461.672345868	133577.143304962	104302.685857553	83340.6689205362
508	226375.336568959	381109.740758555	315173.347437812	275034.047641272	260497.301036355	263947.354566974	286945.935150573	321883.863994571	353420.92163529	380261.49560223	391401.490218459	381793.658252841	366276.649255802	342210.009112452	303249.54269121	265245.032281854	229120.459379686	192410.793369133	159236.117654816	133056.006599364	105412.606956624	84281.6266831755
510	221764.369572823	381109.740758555	315173.347437812	270223.44455346	253477.041059571	257310.349159132	279504.696543349	312923.290019423	345209.31360635	371483.0912836	381579.90369787	372925.551806581	358632.438498234	336096.934193702	300030.166143612	262301.283737832	226346.391117273	190916.197934003	158569.696239918	132850.144259915	106904.135688454	85013.3732221131
512	215652.463781491	381109.740758555	315173.347437812	262988.521546622	248472.20080828	252324.154584591	273418.565575925	305277.154519101	335774.577760591	360023.227313412	372139.068375251	365764.464968873	353523.852634126	332031.511162493	295990.197968971	260059.665508861	224830.048541333	189644.327254163	157835.283343317	132038.660514513	108450.227598401	86244.8031361415
514	205797.571118214	381109.740758555	315173.347437812	257422.040426188	244025.111812467	247195.199271102	267470.967938764	297837.098763248	327730.92996725	352107.4068555	363638.871861895	358441.637357096	346232.270615588	326491.207817912	291672.625194242	255940.248418998	222699.779648318	188564.147186785	157772.094372963	131368.462839649	109650.029160352	86978.2542233907
516	206033.08166684	381109.740758555	315173.347437812	253375.101663074	239766.054361381	241402.42088241	261680.465634128	290346.467440282	317897.50134849	342777.721188948	354716.264580561	350515.868281851	339861.214625241	320242.054790394	287374.551993045	252363.54256063	219769.743207677	187096.184981296	156766.93050052	130653.244752072	110606.562632742	87411.3882228869
518	200981.97186533	381109.740758555	315173.347437812	247565.415670779	235075.803456063	236638.059806156	254898.480448761	282193.846434634	310209.544967469	332933.665786647	345144.698828862	342315.663885908	332918.783222524	314823.049161104	283010.91041447	249486.576658509	216437.67786991	184917.544073603	155337.491965502	129922.255076216	110545.992034948	87977.927955625
520	196815.4074838	249591.311871094	315173.347437812	241943.941368557	229290.005474793	231654.031885392	249127.90452737	274042.072412515	300480.600469066	324735.798575917	336846.358554034	334395.654377163	325753.724834992	308949.150610254	277807.859333018	245597.475806746	214108.530409648	182678.293843125	154151.975279118	129520.964955319	110595.964337139	88707.3594874736
522	192221.309292301	245502.818291734	315173.347437812	241943.941368557	225746.127365876	226705.263417753	242697.487521331	267704.285051185	292221.105183171	314931.041520171	328622.968038415	326739.506540091	319576.040361561	303491.126614085	273454.610975068	241222.104259364	211757.798938701	180598.254861029	153058.716080716	128575.674843652	109482.474495029	89177.0762452325
524	182811.107003615	240650.982969568	315173.347437812	241943.941368557	220520.287939863	220098.927380065	235906.862987547	260711.528542537	283276.064322307	306861.367821515	320162.376971372	318574.059087753	312205.13560791	297058.877852317	267800.654415464	237874.455891894	208610.433978016	178683.094418208	152046.145145088	127831.194249956	108551.606460675	89791.0812822728
526	182450.533948014	231081.646788489	315173.347437812	241943.941368557	214688.20912344	215245.74383061	231571.624763832	252696.452178357	275403.393770314	298223.3304366	311329.905272921	310596.042408688	305751.244098049	291126.766933591	263124.603333086	233963.216740827	205187.038160919	176480.757836123	150374.970204397	126526.993358238	107050.943624759	90474.7391382333
528	179486.361242114	228244.856614903	315173.347437812	241943.941368557	210163.454356153	211245.287766415	224906.157401304	246251.434256941	267621.408481918	290426.799096873	303347.398965704	303219.723212345	299232.926390474	285373.025568164	258124.647622894	229768.231141053	202088.298944256	174355.111088602	148545.507222811	125643.549739938	106010.079723939	90802.3857529418
530	172311.093160903	221684.301420515	315173.347437812	241943.941368557	204335.89549147	205552.220545572	218190.185346691	239907.951558014	260273.073836073	281062.492204181	294617.867822181	296327.08472074	292190.47291004	279682.374209412	253600.983078668	224377.879933231	198121.217841215	171951.609048866	146586.853356926	124375.701644491	104953.77487761	90702.5847746248
532	165425.049278054	216962.37992625	315173.347437812	241943.941368557	200402.448621239	200396.334116212	213407.502264185	232462.686190881	252325.205993147	273562.115987559	287727.08977331	288401.177711611	285431.694532227	273345.145114898	248124.113093178	221314.15152921	195427.961714345	168797.445596902	144968.071509407	123101.10933968	103805.963794829	90731.5112090766
534	157621.024949435	209323.913790963	315173.347437812	241943.941368557	194605.479424197	195018.753682084	207668.164425771	225806.420877621	244888.207665395	265034.576816547	279263.971807686	281418.655169499	278684.007786666	267444.002963677	243180.490991267	216835.531122271	192269.134661262	165930.421369898	142379.83664334	121965.915598665	102686.558482614	89826.0460389959
536	154435.208070732	204799.52365114	315173.347437812	241943.941368557	188743.827296121	191153.737344989	202159.263107334	219411.312493738	238285.720772491	257021.68249405	271187.347079479	274134.100909865	271940.170244407	260234.881448489	237472.345607381	212694.404597331	188333.367605103	162972.686737483	140131.823938155	120516.365498417	101113.149789141	88353.2403370558
538	152381.981522769	198930.099683937	315173.347437812	241943.941368557	184413.167269661	184490.243631875	195850.949140113	211719.364501835	230800.971260999	249606.078901875	263140.664011621	265400.968452247	264716.984991258	254767.594893699	231778.431500732	207231.021174861	184420.64839153	160285.499955254	137966.372096395	118560.990698495	100456.934127601	86795.7038698095
540	148251.447850269	193555.217859104	195873.789575334	241943.941368557	180851.656594883	180547.011420472	190971.419200234	206522.996826478	223387.516065059	241901.731929007	255028.843535064	258614.151610391	257733.053243057	248524.772746182	227215.540183558	203422.483910255	181245.952596982	157613.690973948	135982.86850244	116788.221406612	98905.2574643773	85566.1736134019
542	137059.098042949	190510.172739759	189251.098479222	241943.941368557	180851.656594883	176595.47318284	185844.280856992	200754.415881311	217339.736570625	234568.788338798	248890.095275538	252434.819768425	251259.443711137	242943.184722076	221394.827333844	199665.061012512	177429.022833809	154838.121149043	133697.576038688	115200.13142955	98056.4355511051	84327.7491735507
544	135276.259246713	185856.014238506	184864.155987876	241943.941368557	180851.656594883	171981.111087331	180120.04699698	195640.523114333	210525.301148498	227141.556543644	241357.681440565	245003.330511367	245159.624798327	236932.702254059	216573.339815118	194995.464113746	173294.000951083	151735.830879846	132059.921618919	112937.43565233	96189.086786881	82609.1972719577
546	129728.849945309	180843.482403564	179827.033685133	241943.941368557	180851.656594883	166579.948756707	175409.300678096	189268.258150451	203703.334018392	221250.707321601	233667.122120273	237489.23451052	238379.390704345	230760.429767373	211602.145272544	190394.96904651	170371.032687419	149084.438834234	129391.423662494	111045.951063412	95161.6830190468	81725.9087610509
548	128400.396606314	178114.722727489	174003.867102802	241943.941368557	180851.656594883	162950.648806379	170438.174809787	183011.072123801	197030.265465826	213375.090033894	226272.225582512	231129.548896006	231609.300243015	224800.195186041	205693.625357903	185514.172568494	166368.107670169	145629.268675815	126904.350303727	109078.995361492	93645.1846982775	80220.285893772
550	125789.173690281	171199.657333595	168916.936773673	241943.941368557	180851.656594883	156858.805984063	164996.133772624	176714.68338863	191210.388031991	207491.190559408	219295.442215772	224149.910587526	225452.354684151	218475.280329605	200285.984412103	181279.906931097	162300.952070406	142381.06082383	123808.095196249	107817.052352121	92115.9008932456	78951.1270942939
552	123233.197513277	166114.390057387	164776.419934444	241943.941368557	180851.656594883	152510.943158932	160102.788214009	172208.906593386	184740.325976353	199682.283369804	213022.075846978	217922.68584675	219504.310753326	212670.49113035	195219.314482835	176410.184828955	158345.123290341	139451.213081191	122084.031275982	105309.112973812	90664.8059474155	78295.0346170362
554	120055.858404242	159694.854166746	162584.2447557	241943.941368557	180851.656594883	149971.762646611	155961.306533837	166669.140292037	179458.214313828	194543.291221394	206034.843248711	211951.879552764	212741.074298337	206495.948319003	190550.738468597	172146.514758362	155107.915467391	136404.668531522	119056.959357552	103758.741424919	89183.1373412304	76595.3308919014
556	116746.732027807	154663.283073931	157654.825626556	241943.941368557	180851.656594883	145410.20505232	151624.520119024	162449.709314213	174325.26664233	187692.754944397	200389.422726237	205667.013673909	206539.143259784	201684.860650359	185527.370254664	167902.833150298	150814.014885507	134190.772959856	116502.085654347	101503.528028033	87574.8283181963	75739.0448214455
558	110238.898055923	149769.819363499	150840.013258483	241943.941368557	180851.656594883	140882.634617484	147325.657693297	156890.455769037	168030.103334146	182812.500349494	193737.264816549	199537.799700995	201341.142783094	196230.962133379	179847.928023708	163854.143641127	147647.388589265	130070.105555896	114321.956247899	98975.886792127	85888.0866388124	74259.2299554134
560	108257.117940548	145865.153514872	146282.368482629	145382.208684817	180851.656594883	136730.833227132	142983.287864778	151690.325808375	163359.107945079	175897.392756811	187516.474250635	192550.573850283	195002.299767188	190166.542376374	175683.82796558	159747.286669527	143764.011044019	127050.983870654	111576.371935669	97516.3380002651	84233.8781446593	72865.3274361531
562	103475.8557445	137597.638857357	147452.534056305	142232.182408144	180851.656594883	136730.833227132	138280.980952186	147201.115931385	157712.610408437	170545.820643784	182223.481889937	187320.646124769	189268.128448022	185129.948597446	170357.453604493	155364.398740781	140080.374399694	124454.548205916	109323.06309109	95651.5299330372	82353.6269210877	71601.0820398418
564	101230.135622892	138014.647531638	144797.41994857	138548.68794094	180851.656594883	136730.833227132	134311.541266569	142745.739227894	152261.279594696	165580.91701203	175758.53559243	181822.882317721	183647.109912351	179557.894340783	165748.367051258	150675.669743833	136506.746621835	120843.949466284	106602.435501137	93195.3986867695	80866.9708498653	70022.967916893
566	97892.3476335557	131182.805335955	143314.990727818	136267.491869677	180851.656594883	136730.833227132	130665.536412361	137793.151159701	147437.840372406	159019.820629063	170897.759959757	175267.230735532	178309.857648713	174749.976886078	161308.332483204	146501.999641477	132893.756517566	117845.234433763	103948.33570684	90927.7225196371	78911.858737609	69050.1513817894
568	90544.3427173856	124919.498619789	140305.612118168	134537.559487386	180851.656594883	136730.833227132	125510.657305309	133154.752148335	142170.475161905	155074.096841136	164383.133417126	170047.437793264	172260.819719296	168332.224146203	156327.777544894	142318.446243767	128783.333628466	114702.144042373	101517.55135787	88612.6864453765	77030.1911949283	67258.4903144868
570	89866.4658768829	122362.098475147	138782.000235877	131453.73550466	180851.656594883	136730.833227132	121615.506937654	129259.225658215	137966.467932172	148919.216697756	159447.38115329	164137.94052842	166814.136356492	163354.577649714	151767.07541834	138141.499736835	125281.498462009	111651.678487754	98771.4513313566	86625.1192321826	75222.8735026582	65889.3632259989
572	90194.0924273478	119636.761524582	137296.551138985	130982.452897225	180851.656594883	136730.833227132	118283.036518079	125051.535308164	133280.560496143	144354.179633417	153754.643526732	159436.906569511	161199.377021854	158621.571755671	147532.224937501	134397.664280228	122053.155745095	108894.923722084	96294.0710210086	84242.9186120923	73293.5985994003	64281.0680574436
574	87170.8516468075	116437.84861837	134964.75935991	129437.161854609	180851.656594883	136730.833227132	113605.779268438	121588.754405906	128698.563590104	139942.907807094	148407.367586889	153794.108024313	156617.477496916	153918.73734533	142520.752546186	131151.543498742	118205.514812829	106083.874928898	93782.5161850209	82167.3664889265	71679.9272478239	62630.4358036138
576	87337.3544585505	112591.428171466	131119.038984766	128318.550074973	180851.656594883	136730.833227132	111151.146526968	117297.8125713	124492.760980534	134980.67603371	143630.341024642	149238.943509258	151634.982806364	148691.477885796	138405.82942526	126459.610348283	114817.423777835	102755.554446456	91293.5469576035	80314.9009320128	69967.5707857158	61279.7016496222
578	83278.7396471798	109996.460340978	126795.048169958	129572.963438794	180851.656594883	136730.833227132	107578.656356088	113541.308138973	120977.800930788	130395.159155971	139569.448756411	144370.614253236	146671.50747829	144360.004736037	134013.188029181	123133.205221303	111479.613372837	100011.427300466	88929.4977549778	78503.089873021	68311.7526559348	60265.5174060997
580	81607.6678570984	109012.69857561	122129.521957609	129617.646863517	119601.808737114	136730.833227132	105060.839206982	109492.393255062	117141.440870553	125377.381110347	135289.631740424	139359.177443861	142584.755957057	139660.152027538	130395.817920407	118970.688885929	108863.725429352	97449.4830224571	86497.9071731274	75874.1688256196	67051.7727939262	58420.4335530352
582	77732.5710657591	105629.642152466	121561.47490344	128920.130369557	118995.579418211	136730.833227132	105060.839206982	105905.740803436	112940.059620573	121406.982039566	129952.865327542	134146.74705208	137965.836510782	135669.250333238	125912.23934498	115548.414395677	105171.665736283	94694.608553314	84141.3857265052	74285.5415685497	65066.499417853	57256.6696486471
584	78342.066554093	101364.017636451	115579.638980208	130200.275476063	118511.108883432	136730.833227132	105060.839206982	102044.159594929	108705.523037611	117221.247729096	125489.001737073	130247.595518469	132777.616678674	130574.179556039	121932.183931735	111521.403344327	102550.484305528	91430.9151673212	81981.6114286435	71911.1192259344	63028.5503274502	55315.0463943714
586	72632.3831309278	98490.4104557876	113223.456176044	131067.072266244	118403.121278502	136730.833227132	105060.839206982	99297.9302355276	105120.156350491	112691.286234255	121792.879038327	125436.611894579	128097.778334437	127088.349001284	118128.382195643	108353.479906467	99462.3807678468	88702.0751359165	79400.9145131931	70037.4366067953	61607.461970619	54120.5670624641
588	75634.7973377399	96976.4066312442	111731.085557416	131516.924807372	119056.499979526	136730.833227132	105060.839206982	96596.5433959899	101162.619741668	109313.129617043	117505.163870731	121538.375097035	124052.183466538	122790.849858816	114178.671372042	104886.37993246	95953.1101333765	85981.9571860778	77002.8533136976	68338.5171631798	60039.2675867326	52752.7813977105
590	70887.4642428251	95562.5327575813	107961.091306604	134850.935372454	118226.511473594	136730.833227132	105060.839206982	92692.7030990977	98451.2347335082	106089.258937424	113305.280894812	117328.812940945	119879.765136462	118067.814523065	110023.153837166	101148.56335071	92669.8500015035	83619.1940222611	74855.6548125034	66359.3583061036	58223.4558022975	51381.8170600185
592	72253.682515712	89779.253162745	106403.389636096	136973.232093621	119674.233609925	136730.833227132	105060.839206982	89495.9823084766	94641.7837933678	101902.844525705	109354.189907268	114031.514877061	115612.125225655	114239.970754697	106654.0602676	98272.0625633942	89963.1542728442	80603.4769563461	72464.1037616242	64174.032436785	56783.3747725067	49875.1821529697
594	70022.5396947723	88519.60648267	103236.488846829	137419.067899478	120472.957330445	136730.833227132	105060.839206982	86334.7996152997	91540.9216902975	98026.9814350374	105877.651837678	109284.034751242	112511.025175145	110613.530097173	103206.29479111	95029.8938683036	86913.5787856372	78501.408544386	70533.2223743008	62806.9961410381	55375.534947034	48708.7241459003
596	74153.8218001588	88608.250296566	104355.857397265	137916.12455801	120246.615708006	136730.833227132	105060.839206982	83839.4717926414	88401.2396951058	96447.9208122995	101734.748361864	105271.140370268	108471.822109482	106943.72971954	99484.3101749771	91955.07913249	84335.7927464816	75945.9234086779	68455.0265883485	60397.7296758281	53676.648971402	47529.1610591396
598	67919.2851545351	85985.7823333461	103329.88272498	138575.34900651	120418.918309329	136730.833227132	105060.839206982	80690.5523695531	85896.4104803393	91650.0149051226	98057.5897256455	101541.599210399	104206.337684299	102810.317523102	96445.3943059015	88258.6867468829	81609.3035940955	73796.4401028739	66210.1434272885	58864.0555947088	51995.4770234612	45963.9068623628
600	66024.0804150196	83860.5184456969	98961.1107414825	137680.452545746	120211.137567176	84935.1578545788	105060.839206982	77740.2180267945	81485.7763944517	88078.7693328536	94583.7049398144	97736.2089186534	100018.281300193	99309.350876432	92911.395292496	85859.2336603407	79016.3649188044	71371.2985283774	64173.7791310551	57655.7460764991	50267.7811578729	44650.0862120081
