Wavelength	240	250	260	270	280	290	300	310	320	330	340	350	360	370	380	390	400	410	420	430	440	450
nm	CPS / MicroAmps	CPS / MicroAmps	CPS / MicroAmps	CPS / MicroAmps	CPS / MicroAmps	CPS / MicroAmps	CPS / MicroAmps	CPS / MicroAmps	CPS / MicroAmps	CPS / MicroAmps	CPS / MicroAmps	CPS / MicroAmps	CPS / MicroAmps	CPS / MicroAmps	CPS / MicroAmps	CPS / MicroAmps	CPS / MicroAmps	CPS / MicroAmps	CPS / MicroAmps	CPS / MicroAmps	CPS / MicroAmps	CPS / MicroAmps
300	29137.5343952523	23446.3779499114	51332.1339866223	121978.186798963	102014.032929487	28625.2977248579	474110.52811691	10620.0762089836	10293.1206680337	13389.0934155562	17169.4061195094	21395.8864946966	24975.4372079128	26421.2143501145	28200.0495590733	28754.8918363343	30062.4673952738	29585.868183669	26584.8880891995	24773.2111835561	23037.4236286878	21447.652241662
302	29198.8684536431	29254.7647566176	54862.356733717	119467.792779417	109626.959881749	31730.1088415369	13525.65045709	10620.0762089836	10293.1206680337	13389.0934155562	17169.4061195094	21395.8864946966	24975.4372079128	26421.2143501145	28200.0495590733	28754.8918363343	30062.4673952738	29585.868183669	26584.8880891995	24773.2111835561	23037.4236286878	21447.652241662
304	35156.4902479529	30517.4140431958	57127.7398071579	113763.603505666	121593.227454655	34863.6649406943	13525.65045709	10620.0762089836	10293.1206680337	13389.0934155562	17169.4061195094	21395.8864946966	24975.4372079128	26421.2143501145	28200.0495590733	28754.8918363343	30062.4673952738	29585.868183669	26584.8880891995	24773.2111835561	23037.4236286878	21447.652241662
306	32532.2672883704	31701.9099011711	59133.8612165	110243.911444334	135263.692122338	37822.2651690838	13525.65045709	10620.0762089836	10293.1206680337	13389.0934155562	17169.4061195094	21395.8864946966	24975.4372079128	26421.2143501145	28200.0495590733	28754.8918363343	30062.4673952738	29585.868183669	26584.8880891995	24773.2111835561	23037.4236286878	21447.652241662
308	39347.9830617227	33515.8892595426	59975.6514411946	108465.236144169	141938.269652164	41881.7703573925	13525.65045709	10620.0762089836	10293.1206680337	13389.0934155562	17169.4061195094	21395.8864946966	24975.4372079128	26421.2143501145	28200.0495590733	28754.8918363343	30062.4673952738	29585.868183669	26584.8880891995	24773.2111835561	23037.4236286878	21447.652241662
310	36099.0020673925	37853.5604066663	61032.6032854391	108963.108346687	145421.788166566	45891.4593881284	13525.65045709	10620.0762089836	10293.1206680337	13389.0934155562	17169.4061195094	21395.8864946966	24975.4372079128	26421.2143501145	28200.0495590733	28754.8918363343	30062.4673952738	29585.868183669	26584.8880891995	24773.2111835561	23037.4236286878	21447.652241662
312	39271.4112816499	41553.6930349804	62790.3864806037	108727.803764606	141417.600826846	50041.1855369586	14171.8231702933	10620.0762089836	10293.1206680337	13389.0934155562	17169.4061195094	21395.8864946966	24975.4372079128	26421.2143501145	28200.0495590733	28754.8918363343	30062.4673952738	29585.868183669	26584.8880891995	24773.2111835561	23037.4236286878	21447.652241662
314	37975.2656701883	41887.8402425952	62988.998746614	102600.958512106	132351.641465137	56378.4064809329	16172.9297452064	10620.0762089836	10293.1206680337	13389.0934155562	17169.4061195094	21395.8864946966	24975.4372079128	26421.2143501145	28200.0495590733	28754.8918363343	30062.4673952738	29585.868183669	26584.8880891995	24773.2111835561	23037.4236286878	21447.652241662
316	41492.96348666	42772.7166254664	65621.4428791867	104644.241983728	122558.679625569	66230.8284739704	18163.1848774264	10620.0762089836	10293.1206680337	13389.0934155562	17169.4061195094	21395.8864946966	24975.4372079128	26421.2143501145	28200.0495590733	28754.8918363343	30062.4673952738	29585.868183669	26584.8880891995	24773.2111835561	23037.4236286878	21447.652241662
318	44242.4444071354	46579.286712333	67561.9551318842	104017.589019291	117986.449814774	76672.0078603312	21046.9936154715	10620.0762089836	10293.1206680337	13389.0934155562	17169.4061195094	21395.8864946966	24975.4372079128	26421.2143501145	28200.0495590733	28754.8918363343	30062.4673952738	29585.868183669	26584.8880891995	24773.2111835561	23037.4236286878	21447.652241662
320	41890.4406927156	50008.6208033844	69247.5786466005	103266.675765436	113878.415786698	86030.8189424488	24040.4518239673	10620.0762089836	10293.1206680337	13389.0934155562	17169.4061195094	21395.8864946966	24975.4372079128	26421.2143501145	28200.0495590733	28754.8918363343	30062.4673952738	29585.868183669	26584.8880891995	24773.2111835561	23037.4236286878	21447.652241662
322	42267.0143994889	52813.8999019677	71079.429377795	100991.416584211	113877.300384239	91290.3150353816	27637.8274480163	10541.4666501687	10293.1206680337	13389.0934155562	17169.4061195094	21395.8864946966	24975.4372079128	26421.2143501145	28200.0495590733	28754.8918363343	30062.4673952738	29585.868183669	26584.8880891995	24773.2111835561	23037.4236286878	21447.652241662
324	44987.7168778378	55067.9003044329	75637.6682332511	102386.464004763	113453.959885491	91088.7461682683	32850.8947528099	12190.5606156332	10293.1206680337	13389.0934155562	17169.4061195094	21395.8864946966	24975.4372079128	26421.2143501145	28200.0495590733	28754.8918363343	30062.4673952738	29585.868183669	26584.8880891995	24773.2111835561	23037.4236286878	21447.652241662
326	46007.5231795219	57066.542143856	77650.9903409443	100998.662928942	112237.887496592	86669.7561564733	39468.9501676416	14232.6165054995	10293.1206680337	13389.0934155562	17169.4061195094	21395.8864946966	24975.4372079128	26421.2143501145	28200.0495590733	28754.8918363343	30062.4673952738	29585.868183669	26584.8880891995	24773.2111835561	23037.4236286878	21447.652241662
328	46474.4367370536	61099.5255607218	81516.3428088045	101613.925807274	111620.970657302	82191.5510931867	49000.7778793913	16539.0832429974	10293.1206680337	13389.0934155562	17169.4061195094	21395.8864946966	24975.4372079128	26421.2143501145	28200.0495590733	28754.8918363343	30062.4673952738	29585.868183669	26584.8880891995	24773.2111835561	23037.4236286878	21447.652241662
330	48473.6595150538	61750.3445840628	82661.8140962233	100362.026872618	110525.008430863	79653.678879982	59199.8952953842	18619.3007431912	10293.1206680337	13389.0934155562	17169.4061195094	21395.8864946966	24975.4372079128	26421.2143501145	28200.0495590733	28754.8918363343	30062.4673952738	29585.868183669	26584.8880891995	24773.2111835561	23037.4236286878	21447.652241662
332	47539.8492976583	68636.3832151938	85962.7030093112	100148.935300248	108922.736948378	80723.1747365504	69310.3882175775	21303.9441351579	9775.16974914763	13389.0934155562	17169.4061195094	21395.8864946966	24975.4372079128	26421.2143501145	28200.0495590733	28754.8918363343	30062.4673952738	29585.868183669	26584.8880891995	24773.2111835561	23037.4236286878	21447.652241662
334	50494.1538559843	70385.6163258072	88905.0592976795	99943.2178356537	107893.92885585	82368.2917338444	75015.3409410609	24161.1870031199	11411.722642504	13389.0934155562	17169.4061195094	21395.8864946966	24975.4372079128	26421.2143501145	28200.0495590733	28754.8918363343	30062.4673952738	29585.868183669	26584.8880891995	24773.2111835561	23037.4236286878	21447.652241662
336	51052.8256912255	72953.6083567765	89954.696104321	99611.9386129154	106311.12093601	84620.3090519719	75372.3592463698	28698.4327167767	13148.9647095427	13389.0934155562	17169.4061195094	21395.8864946966	24975.4372079128	26421.2143501145	28200.0495590733	28754.8918363343	30062.4673952738	29585.868183669	26584.8880891995	24773.2111835561	23037.4236286878	21447.652241662
338	52620.8425898868	73461.1118305104	92031.4575561153	101516.97289023	106129.387271338	87715.7578379609	73974.8000310658	34800.6142379402	15506.6710282507	13389.0934155562	17169.4061195094	21395.8864946966	24975.4372079128	26421.2143501145	28200.0495590733	28754.8918363343	30062.4673952738	29585.868183669	26584.8880891995	24773.2111835561	23037.4236286878	21447.652241662
340	51902.5917818751	75874.1544812074	94533.6953360084	101100.113147659	105873.601219593	90271.0548213806	71122.1580602866	43517.2116138235	18255.4789581873	13389.0934155562	17169.4061195094	21395.8864946966	24975.4372079128	26421.2143501145	28200.0495590733	28754.8918363343	30062.4673952738	29585.868183669	26584.8880891995	24773.2111835561	23037.4236286878	21447.652241662
342	52939.9781577822	80197.7890669926	97688.9571819144	101989.757515537	106778.948300358	93412.0942441183	70735.7626794339	54421.2766991461	21175.9812738622	12697.1737311464	17169.4061195094	21395.8864946966	24975.4372079128	26421.2143501145	28200.0495590733	28754.8918363343	30062.4673952738	29585.868183669	26584.8880891995	24773.2111835561	23037.4236286878	21447.652241662
344	56044.2087879266	83805.3807566304	100923.046641838	102719.426297369	106650.446324231	96097.7668131679	73425.3123959712	64632.2021673595	25510.4532397201	15137.1741150589	17169.4061195094	21395.8864946966	24975.4372079128	26421.2143501145	28200.0495590733	28754.8918363343	30062.4673952738	29585.868183669	26584.8880891995	24773.2111835561	23037.4236286878	21447.652241662
346	59904.3515150603	84606.3146035647	103151.299750391	104989.537431652	106859.86110844	98212.1653866048	76626.8823280399	71878.7359701998	29955.0322547444	18539.2870779733	17169.4061195094	21395.8864946966	24975.4372079128	26421.2143501145	28200.0495590733	28754.8918363343	30062.4673952738	29585.868183669	26584.8880891995	24773.2111835561	23037.4236286878	21447.652241662
348	61186.2266373377	86746.6944178182	105191.172504293	105951.027549821	106164.876119409	100176.097499561	80931.9504197717	74526.9591220546	35183.8075516409	22417.2490391594	17169.4061195094	21395.8864946966	24975.4372079128	26421.2143501145	28200.0495590733	28754.8918363343	30062.4673952738	29585.868183669	26584.8880891995	24773.2111835561	23037.4236286878	21447.652241662
350	61296.2342432451	89003.0877307112	106478.898770376	107066.576242733	106722.584857474	102072.13663647	84269.4140902234	73707.9955355399	42298.4820920707	26909.5494181941	17169.4061195094	21395.8864946966	24975.4372079128	26421.2143501145	28200.0495590733	28754.8918363343	30062.4673952738	29585.868183669	26584.8880891995	24773.2111835561	23037.4236286878	21447.652241662
352	65246.1626370192	91324.2412416827	109533.141456883	107856.473276986	107728.942505533	105087.419207543	89505.171636111	73115.9165346211	51729.7884115262	31685.9370855378	19094.7609866969	21395.8864946966	24975.4372079128	26421.2143501145	28200.0495590733	28754.8918363343	30062.4673952738	29585.868183669	26584.8880891995	24773.2111835561	23037.4236286878	21447.652241662
354	62979.132327781	93508.2884285898	111393.136024865	109992.134114859	108829.193660908	107369.719697878	93437.0437204315	74253.0207217795	63016.8264629625	37265.934907628	23052.4405379314	21395.8864946966	24975.4372079128	26421.2143501145	28200.0495590733	28754.8918363343	30062.4673952738	29585.868183669	26584.8880891995	24773.2111835561	23037.4236286878	21447.652241662
356	67966.986349092	98177.2101269716	113865.957804965	112209.821247281	109495.248843952	110237.365543184	98672.8929776563	77334.7649233257	75209.8583730705	43508.4622548007	27280.1361274896	21395.8864946966	24975.4372079128	26421.2143501145	28200.0495590733	28754.8918363343	30062.4673952738	29585.868183669	26584.8880891995	24773.2111835561	23037.4236286878	21447.652241662
358	72213.4644800036	97480.2273435584	116865.372358018	113066.387676434	110620.008905295	112505.462074995	102999.009858774	83291.0393226201	85898.2683090574	50091.0357395302	32520.4521375794	21395.8864946966	24975.4372079128	26421.2143501145	28200.0495590733	28754.8918363343	30062.4673952738	29585.868183669	26584.8880891995	24773.2111835561	23037.4236286878	21447.652241662
360	73911.3555444911	104821.600290016	118912.206461421	115113.243440605	112289.197975875	114969.808388398	108376.751703092	89209.4790025261	92690.3205495939	57859.4755372809	38793.2680748793	21395.8864946966	24975.4372079128	26421.2143501145	28200.0495590733	28754.8918363343	30062.4673952738	29585.868183669	26584.8880891995	24773.2111835561	23037.4236286878	21447.652241662
362	77709.4370184801	104792.516734082	123709.361960042	118197.168831195	115144.350996833	118580.25909174	113841.012409243	97048.3422113962	96784.2370503686	67404.6465388465	45721.5230800701	24274.2005694448	24975.4372079128	26421.2143501145	28200.0495590733	28754.8918363343	30062.4673952738	29585.868183669	26584.8880891995	24773.2111835561	23037.4236286878	21447.652241662
364	83596.2094485981	111594.740677839	126342.033303688	121776.138252635	117961.140214508	123116.864813043	119700.346082505	104178.435956618	100473.581925326	78097.8480007982	53058.1946204119	29427.1338707817	24975.4372079128	26421.2143501145	28200.0495590733	28754.8918363343	30062.4673952738	29585.868183669	26584.8880891995	24773.2111835561	23037.4236286878	21447.652241662
366	88514.1576304164	118715.413839327	130193.100315464	126278.512631948	121023.281464268	127987.327307978	126641.308211779	112879.863263455	104634.810980205	91837.7154869587	61485.5182356219	35403.4592985131	24975.4372079128	26421.2143501145	28200.0495590733	28754.8918363343	30062.4673952738	29585.868183669	26584.8880891995	24773.2111835561	23037.4236286878	21447.652241662
368	95531.3244091706	122907.728074135	135489.513160812	129674.141421665	125863.35888557	132373.662761751	133815.070817156	122068.336318017	111520.899054195	106970.762243501	70466.4444797351	41989.4405780161	24975.4372079128	26421.2143501145	28200.0495590733	28754.8918363343	30062.4673952738	29585.868183669	26584.8880891995	24773.2111835561	23037.4236286878	21447.652241662
370	100664.260122008	130099.839867154	141541.806226832	134927.895713689	129614.857587032	137264.669922318	141066.876518071	131749.334493626	120872.69163443	122394.049231498	80754.1145828793	49592.7952350574	24975.4372079128	26421.2143501145	28200.0495590733	28754.8918363343	30062.4673952738	29585.868183669	26584.8880891995	24773.2111835561	23037.4236286878	21447.652241662
372	106343.366421764	138927.788209143	147325.779203404	139063.02565309	134508.022392358	142743.68539317	149270.663111131	142426.041441648	130893.643777218	134288.445494791	90955.1492757201	57875.1934595758	28604.8657739401	26421.2143501145	28200.0495590733	28754.8918363343	30062.4673952738	29585.868183669	26584.8880891995	24773.2111835561	23037.4236286878	21447.652241662
374	113931.247515298	142488.776522354	153455.057604032	145118.831662974	139210.985125279	149069.321383416	157855.505813617	152438.582540888	142215.707604025	143911.899399809	102958.344472202	66523.3561170484	34244.2986029068	26421.2143501145	28200.0495590733	28754.8918363343	30062.4673952738	29585.868183669	26584.8880891995	24773.2111835561	23037.4236286878	21447.652241662
376	118798.107724206	150395.661162893	157385.467860529	150237.923331706	143627.863518029	155380.047012887	166387.704958891	163317.705839297	154272.238438981	151244.331501566	116295.532638723	75814.0755997318	40372.0201629342	26421.2143501145	28200.0495590733	28754.8918363343	30062.4673952738	29585.868183669	26584.8880891995	24773.2111835561	23037.4236286878	21447.652241662
378	128249.294179497	159564.759187498	164302.57802534	158481.404660921	148470.71595967	161957.093605281	175491.933974512	175483.960781095	167224.012857595	159842.869518498	131417.937047823	86413.6465564124	47625.1576559587	26421.2143501145	28200.0495590733	28754.8918363343	30062.4673952738	29585.868183669	26584.8880891995	24773.2111835561	23037.4236286878	21447.652241662
380	137552.577882386	165939.393332993	173817.869347139	164351.666531202	155102.576858256	168480.430092411	185215.412390637	187279.858192812	179093.32342122	169104.497504956	148694.370994408	97117.906955248	55820.6586636614	26421.2143501145	28200.0495590733	28754.8918363343	30062.4673952738	29585.868183669	26584.8880891995	24773.2111835561	23037.4236286878	21447.652241662
382	149188.40632636	175725.461731706	179437.688964415	170539.821581295	162460.899405624	178071.65770552	196190.708652787	201182.916024967	194257.983999265	181485.959577296	166266.049805004	109674.015227598	64491.2511180075	30505.6032810054	28200.0495590733	28754.8918363343	30062.4673952738	29585.868183669	26584.8880891995	24773.2111835561	23037.4236286878	21447.652241662
384	157705.487651552	184875.802062141	188043.207725542	178188.962444878	169052.407192046	184839.382442742	206809.101511023	214870.735714372	209075.431861815	195170.388875584	181766.152750794	121669.18749411	74764.1498404862	36240.2101987356	28200.0495590733	28754.8918363343	30062.4673952738	29585.868183669	26584.8880891995	24773.2111835561	23037.4236286878	21447.652241662
386	162659.553588074	194449.626970921	196938.236482386	185344.129500423	176977.277773664	193439.575018382	219058.53986652	228637.167824819	224245.946976109	210213.480014024	195166.765798636	135232.250401275	84708.4481471318	42802.620488704	28200.0495590733	28754.8918363343	30062.4673952738	29585.868183669	26584.8880891995	24773.2111835561	23037.4236286878	21447.652241662
388	176323.789473411	207245.308735214	204130.057008082	194455.742290971	183419.074457748	202356.516364476	230138.307664919	243828.219959498	239713.47133607	225842.606689547	207524.48923204	150391.425961876	95538.8099573838	50479.7999571559	28200.0495590733	28754.8918363343	30062.4673952738	29585.868183669	26584.8880891995	24773.2111835561	23037.4236286878	21447.652241662
390	183818.660917353	215873.32290513	213963.573508085	202248.897520326	192676.680077995	211748.107617574	242973.328049227	259012.765793295	256655.662005985	242184.561232596	218733.103026744	166153.15417603	107672.615581369	58951.1431683604	28200.0495590733	28754.8918363343	30062.4673952738	29585.868183669	26584.8880891995	24773.2111835561	23037.4236286878	21447.652241662
392	197182.247963847	225275.339696985	222376.201610028	209859.972324674	198788.706851479	220505.083110902	255103.771887106	275550.206482196	273183.945506001	258770.214833047	230856.528931148	184288.09115339	119598.173980766	67865.763641297	30556.6503399581	28754.8918363343	30062.4673952738	29585.868183669	26584.8880891995	24773.2111835561	23037.4236286878	21447.652241662
394	205136.723374282	240098.709960939	232205.329402777	218001.8291889	206834.425124404	230030.516612974	267678.285180972	290741.104188123	290522.705531579	276272.915665823	244544.491902371	202620.565399988	132615.091432174	77580.9206729917	35822.9277476291	28754.8918363343	30062.4673952738	29585.868183669	26584.8880891995	24773.2111835561	23037.4236286878	21447.652241662
396	215934.759604841	250901.590930746	242394.63565661	226129.096697701	214447.482851996	239321.038584465	280400.578035906	307362.519190549	308337.549127945	293092.850091332	260551.407312381	219979.001788245	146228.666067366	87707.7838439428	42313.3924996117	28754.8918363343	30062.4673952738	29585.868183669	26584.8880891995	24773.2111835561	23037.4236286878	21447.652241662
398	229959.133260872	259880.552566421	251851.537050919	234217.935745366	222118.40490985	249161.533128689	293017.059761539	322515.533807379	326432.187674259	311056.894995029	275938.917085543	234497.206281323	159426.919537095	98670.6113164681	49171.9167984922	28754.8918363343	30062.4673952738	29585.868183669	26584.8880891995	24773.2111835561	23037.4236286878	21447.652241662
400	241087.724575284	269477.065035163	262517.630578849	241265.754921355	231251.635486407	257528.678380343	305720.569577747	339184.75716787	343538.753948727	328263.532884648	293498.456283564	247626.929725918	174737.687517004	109806.751768704	56933.8559008255	28754.8918363343	30062.4673952738	29585.868183669	26584.8880891995	24773.2111835561	23037.4236286878	21447.652241662
402	252504.414766519	284454.198579495	270215.482852742	252707.47612379	237921.805911045	266963.939526203	318129.073241465	355205.862456193	361963.349898511	346810.039571249	309628.713041215	259297.360395362	190426.228636215	121940.447967248	65391.3435616501	31299.7352632156	30062.4673952738	29585.868183669	26584.8880891995	24773.2111835561	23037.4236286878	21447.652241662
404	261399.681699606	296481.6798758	280769.779966563	260695.803126654	246356.996404849	276288.614440494	329579.25303158	370680.547040791	378937.661102106	364375.490566995	326992.478365815	271987.674587237	207396.956879474	133938.524058187	74570.82218685	36475.5092743201	30062.4673952738	29585.868183669	26584.8880891995	24773.2111835561	23037.4236286878	21447.652241662
406	271918.871076165	306840.500341803	290737.287728503	266089.492184938	253291.906748994	284401.488465349	340891.975509243	386621.14750049	396989.559181316	382431.409525257	343159.531704187	284560.21388294	224309.524741763	146592.478092983	83574.4257740069	42594.8766580861	30062.4673952738	29585.868183669	26584.8880891995	24773.2111835561	23037.4236286878	21447.652241662
408	283324.075317743	316841.786640274	301855.424414888	276207.657347068	261002.773705504	292801.220355761	352016.668948697	399417.714217418	413923.967099902	400018.433442433	360456.466796152	297730.55512994	241082.998298972	159280.001451126	93614.3279868589	49684.1350134082	30062.4673952738	29585.868183669	26584.8880891995	24773.2111835561	23037.4236286878	21447.652241662
410	292478.477639593	328448.622540369	310239.706299794	284678.636266954	268079.425142257	300101.403620771	362969.612162583	414137.187505018	429985.55355211	416864.842357034	375953.317780925	311985.216558265	255614.268958878	172220.768366994	103978.106792979	56764.5101337638	30062.4673952738	29585.868183669	26584.8880891995	24773.2111835561	23037.4236286878	21447.652241662
412	298398.785165153	340446.519749278	321628.004579272	291213.377259188	275337.564877221	308080.75534206	373106.875397433	427968.654734723	446233.181325519	434726.879724732	392176.097474462	326561.741249202	267770.021954649	185629.786104624	114475.350274611	64320.0972803648	33986.883550378	29585.868183669	26584.8880891995	24773.2111835561	23037.4236286878	21447.652241662
414	307866.134728474	351632.308004688	332026.40883799	300343.771213793	282625.695175565	315154.891776804	383980.578599035	442317.195055991	462819.889865191	451240.923704772	408025.789060512	340929.048054698	279536.103003925	200193.195646343	125602.889479694	72242.9013524008	39191.2510150974	29585.868183669	26584.8880891995	24773.2111835561	23037.4236286878	21447.652241662
416	320794.937418881	366902.246024211	341839.411637042	307299.511968377	290357.641304243	323618.861185068	392973.307971116	455018.217292674	479140.85133794	467945.694868611	423295.870211499	355610.789540762	290482.884089191	214758.872891463	136696.69925923	81113.5579705059	44857.8961960084	29585.868183669	26584.8880891995	24773.2111835561	23037.4236286878	21447.652241662
418	326846.152256404	375675.362228868	352468.83446797	315919.941964039	296831.031260192	331355.396320988	402796.725573979	467764.241421512	494245.385217215	484285.114983237	439632.905912704	370470.026617738	301455.637690781	230782.853292907	147941.237467018	90589.164771779	51584.8913422567	29585.868183669	26584.8880891995	24773.2111835561	23037.4236286878	21447.652241662
420	335521.246188207	384210.081791264	364119.276004462	324964.401169114	303507.843334831	338190.951338276	412160.17453416	481590.85268038	508780.385101266	501617.38875058	454702.89683907	384573.395068656	313239.701571978	246603.035863709	159726.883499251	99596.880661108	58001.4602475746	29585.868183669	26584.8880891995	24773.2111835561	23037.4236286878	21447.652241662
422	344327.387933233	394183.196143012	370590.285367599	332780.557562451	307977.558367036	344135.144436262	419658.272585238	490193.600060562	522793.10452703	514365.239248215	468715.734634798	396655.399803976	325198.077654249	260590.264436474	170725.316787639	108218.019235375	64726.2651010238	33038.0624263378	26584.8880891995	24773.2111835561	23037.4236286878	21447.652241662
424	348272.54100631	401339.232997837	377172.473327487	336978.305842298	314766.12105473	348840.860725167	426150.068372506	499531.325012499	533152.975641405	528000.01079958	481384.939651676	408061.244870498	336523.115788903	271531.547754281	181988.361018343	117496.575319825	71859.9278189168	37729.6127496483	26584.8880891995	24773.2111835561	23037.4236286878	21447.652241662
426	358188.787652982	415831.870825011	388101.456009735	342421.357988464	318215.216839883	353311.101580374	432711.124354252	507699.74600059	543689.805164457	539657.674759016	492191.45509147	419032.982011057	347195.209128716	281218.926537328	192783.919381657	126680.55587355	79041.7990866198	42378.4277198781	26584.8880891995	24773.2111835561	23037.4236286878	21447.652241662
428	355935.270997248	419754.247827223	392250.752510613	349864.041885669	324190.332930793	358457.100450972	436799.943455457	515220.322847904	554420.310182495	551542.77133904	503962.381977768	430334.720166954	357605.809262759	289653.389521709	204610.206411045	135424.228911104	86231.0033480472	47601.100461857	26584.8880891995	24773.2111835561	23037.4236286878	21447.652241662
430	366736.227966777	424674.628108686	402163.384828033	355859.686603156	328048.867973025	361149.106004507	441799.755911334	521363.070609914	562404.498296701	560920.140456392	514470.435403171	440404.898467902	367876.332385034	297796.126782628	216546.239044955	144587.086236949	93597.451323174	52783.5452335042	26584.8880891995	24773.2111835561	23037.4236286878	21447.652241662
432	374437.992623811	432511.675082738	405913.097303614	360110.733659899	333101.63423457	365350.417572762	445850.502098482	528285.405933036	570144.816977862	570738.592384903	525154.895090495	450375.877100033	378711.438932733	306498.673951422	229067.932121064	153046.582177813	101260.689169727	58322.0235985706	29425.1637184522	24773.2111835561	23037.4236286878	21447.652241662
434	372420.051293904	441124.168131972	413648.679839998	365875.617833377	336832.188984116	369878.174079732	449835.398939118	533276.473737839	577244.995982478	579664.334982174	533852.809151917	459270.605396954	387719.814629991	315483.466116147	240605.566890259	162535.34337784	108753.130888878	64239.4502408052	33250.7641409015	24773.2111835561	23037.4236286878	21447.652241662
436	376748.304716174	446692.154371804	418927.624402997	368697.214080802	341556.748208349	372108.589813651	452710.507898458	536484.223023231	584012.268090773	587026.525842552	542134.829037261	467867.984865757	395992.509123596	323569.961279223	250592.00922599	171242.078964494	115968.848103152	70145.1930115158	37487.3775476504	24773.2111835561	23037.4236286878	21447.652241662
438	378758.009178146	448909.315793089	419238.976538953	373091.177307782	343138.481585826	375140.653660731	454913.183500887	539340.997781581	588427.3115702	592643.863549399	548100.200774015	475207.328658639	403844.062873167	332595.381979194	259079.704111002	179363.56943988	123259.879899732	76176.0847987361	41879.7169233083	24773.2111835561	23037.4236286878	21447.652241662
440	382891.357113431	451975.552138062	428651.851682455	376752.185525725	344883.398470983	376195.039203821	455447.364536645	541337.825707908	590778.985625515	597748.487606856	554802.556059717	481802.518417858	411213.532622951	340412.327899323	265976.468979479	187958.245082978	130233.753450464	82061.133682281	46091.6016949321	24773.2111835561	23037.4236286878	21447.652241662
442	382748.731684304	454342.153416661	429804.130687804	377499.35308807	348100.669013665	378216.884131987	456802.392882224	542782.806998505	592378.911394485	601022.337174164	558926.855288546	487837.188668917	417404.922201019	346824.081375291	271500.701102266	197305.955064867	137079.702129606	87709.1351089523	50636.0801414665	26366.4918982613	23037.4236286878	21447.652241662
444	385105.419706699	456509.469192647	431849.266958968	380466.498805122	348270.452516828	376184.320661023	457651.276507711	541469.290749289	594036.631745444	603276.903211107	563017.774682713	491988.440798573	423367.050484279	353585.334990003	276756.442782882	205868.105757513	143994.135169729	93956.7113663785	55508.8439138146	29565.5196500095	23037.4236286878	21447.652241662
446	381716.031076929	459797.405078907	434330.078825641	383746.241776095	351440.845114527	377502.971753669	456616.743048616	540895.376519703	593616.624500187	604849.384662501	565964.191135304	496078.243801056	427872.934035101	359972.455620454	282363.94024685	214750.647910854	150470.130273674	99756.5097831596	59689.6015601355	32935.5228261664	23037.4236286878	21447.652241662
448	389946.690626479	460810.117291699	434248.069082009	386192.397936657	352015.129397615	377805.422530087	453461.584224445	540252.473750626	593790.453747359	605126.61260363	568644.415319008	498685.884068595	432456.90982751	364886.717066595	287339.853006814	223209.405010997	157018.656728822	105118.73389193	65158.9938967217	36491.6821023466	23037.4236286878	21447.652241662
450	385438.338828695	457645.953509809	433833.261064729	386730.618719835	351983.576003016	377400.113372657	452165.262020655	537118.082061349	591479.472596265	604719.70699694	568188.164301199	501072.642458806	436188.993343993	370424.403810525	292991.829826205	229107.15697871	163568.362198503	111168.175255081	70019.5130659917	40394.7196354665	23037.4236286878	21447.652241662
452	382020.251550027	458000.148230366	436091.692914286	386450.631358559	352634.735544875	375775.186972628	450017.367961183	533135.5442112	588606.104193191	602007.984069801	568776.975464964	503413.591018131	438982.416991667	374418.136403314	298005.962810997	235067.000461885	170110.671892903	116430.8488995	75114.4338775381	44141.5788812934	23576.354573907	21447.652241662
454	382592.06075648	454254.492222568	435024.132207195	385990.478061852	353431.530689738	375318.807889589	447204.903245125	529794.60067757	584884.441409986	599813.19481535	568514.305267962	504455.326894084	442165.086894479	377574.022669413	303334.536638859	239372.004948353	176410.381606645	122213.714246186	79892.8025440364	48113.9865324251	26415.1759434316	21447.652241662
456	379196.161429802	455856.076302193	434386.904384542	385262.087685916	352218.935966971	373862.943821509	444359.62243297	525998.451898927	579893.549274348	598037.78577725	566116.013336893	505226.814389606	442611.215380671	381172.011996332	307162.946198391	242628.731890036	183025.953090346	127566.750942375	84787.3528182819	52128.2159044922	29497.2984019107	21447.652241662
458	373140.462385768	454917.376814559	432776.781421599	385708.60535181	353621.843097751	372889.352541566	440626.691625349	522206.673591777	575530.745398022	593575.337315362	565038.631729267	505556.922032143	444723.946124727	384226.848353286	311467.225731744	245958.155908331	190344.323533959	132883.554886406	89490.2776322008	55949.6254980237	32536.6526612446	21447.652241662
460	370940.625977253	451890.204923933	429128.438177886	384849.890643737	352213.613908668	371278.67668955	437104.884081269	515591.994154763	570253.290038181	590724.696978626	562672.111352482	504464.953274333	446170.647257696	386976.79260536	314894.369946233	249202.155384831	196500.843831985	137580.213220782	94476.9589369013	60703.2800306433	35710.8253972302	21447.652241662
462	370940.625977253	444891.060525603	430441.176600771	383915.002021457	351211.437466425	368411.490492459	432772.119337057	508330.645636901	564026.549933708	582966.199927448	558652.081054567	501222.728809709	444895.002563276	386880.993696475	317428.588995682	252515.387621634	201863.146701137	142089.955057613	98660.5870524908	64443.4633402813	39257.7120530191	23005.9901513696
464	370940.625977253	443666.892051333	424431.195029456	379816.97048715	348610.735383873	365369.766399642	427880.416828085	502706.970282348	556068.705978356	575724.967884059	553241.231504916	498682.45746311	443719.749927077	387531.659280044	319370.960431295	254893.223831431	205451.405692871	147030.287973736	102972.736918055	68569.1047924806	42726.8673076263	25646.8327034428
466	370940.625977253	436256.186018869	422329.900413427	378954.556594313	347358.495176016	362846.945273786	422961.208873745	495167.871017358	548951.051096446	569858.216021797	548021.730922357	496055.913433745	443191.613886253	387986.768809127	320988.389628509	257714.406416316	208191.600527384	151344.496188296	107761.235747192	72770.0045274522	46466.1525990473	28612.9859579167
468	370940.625977253	437451.255804732	419647.700841039	377544.55345829	345550.118035773	359261.799409197	417009.210455484	488088.076428457	540382.392540134	562857.054611042	543502.356406642	492694.244500265	442263.346203896	388187.423998468	323640.002263761	261387.005047634	210360.84672077	156764.477542406	111745.098344957	76962.077924685	50143.0451106948	31903.7280626082
470	370940.625977253	432070.66503761	416727.915720217	374011.929954981	343112.604524562	355621.460762473	412124.144273112	480707.859667956	533116.989219809	555919.14124268	538181.697567763	490056.699775307	439633.613220457	388628.4076248	323711.408863581	263264.862171688	212274.89634164	161928.875812212	115410.090046529	81022.18410784	53702.6271285241	35077.5297833571
472	370940.625977253	425915.512722081	409508.868019981	369462.225842729	342520.352943947	354515.21643935	408378.031236675	475286.967145449	525019.998663968	549610.267695201	531832.376185771	486920.00206648	438326.486221036	388226.42706865	325957.592255798	265829.831191124	214014.742986522	166811.811086686	119681.988906407	84742.3738619416	57798.4093884978	38245.5291255643
474	370940.625977253	421012.445011379	409630.2576933	369801.677791724	340176.839809877	349627.986126735	402104.864153199	467431.112581882	517282.650108186	540823.003839827	526212.523441914	482255.628069604	436613.177370598	387600.690586443	326490.569458785	267476.598193898	216471.017432845	171397.579653624	123631.390196068	88656.9006324851	61277.9725350074	41667.563286488
476	370940.625977253	418228.949001855	400980.925220484	365700.655019705	336948.632820284	346464.887404019	395750.89466026	458929.000609543	508189.656791708	531763.132747043	518792.583091821	477017.085044508	432669.03016788	385492.233629036	326272.342021341	268529.974606733	217875.976341109	175657.537612826	127234.25002559	92598.0865859361	65001.368661803	44804.0696111757
478	370940.625977253	405850.163772026	397053.198062239	362679.822226721	333040.836106703	342407.266022515	390242.564347069	450415.368583042	498489.449996676	523250.352830938	510768.443077318	472120.365571981	429594.385469668	384876.530107936	325752.10985294	270040.566743937	220154.866295503	177658.546780669	130831.700700018	95621.9251510446	68229.2083025595	48054.5357547228
480	370940.625977253	401568.055996329	391139.418031267	358118.669826337	328893.60864608	338291.635124442	384207.217685827	441834.985052328	488710.323352347	513686.008458284	504398.704731519	466639.240329152	426128.024554759	382061.54088111	325267.629298535	271000.433978225	221555.209053672	179143.691573341	134703.678705877	99308.989003867	71650.6941734454	51183.7606877348
482	370940.625977253	401568.055996329	384653.968879221	351409.506963981	325626.75406577	332864.482244969	376129.711846041	433890.845731092	478592.820642478	503034.646817455	494800.183724302	459289.021534756	421878.10418006	378671.506337972	324654.133579694	271042.910306648	222528.455128013	179613.082046189	138005.38101348	102070.962551364	74583.6192289132	54118.7359700235
484	370940.625977253	401568.055996329	377168.06500999	349586.8855476	321934.175695827	329166.118134239	369254.217747236	423527.902850937	468488.953169328	492371.701412733	486025.549228252	453107.904110036	417076.151990698	375401.000526445	322433.69189734	270531.391286575	223244.024113346	180184.639592792	141648.47587114	104816.68364955	77260.3939856798	56906.9470122104
486	370940.625977253	401568.055996329	374454.059515461	342968.561957498	317646.713652548	323951.326292183	362181.156056641	415132.780285137	457520.170278508	481795.921752406	477327.719060949	446610.42538139	411699.392024178	371947.068713563	320606.681650592	270157.443376282	224164.761951081	180825.008436785	145096.616268281	107145.967765044	80348.8005038809	59598.0868487602
488	370940.625977253	401568.055996329	365721.277006026	338014.427365219	313784.884444836	319781.245986593	355068.826476552	405180.055710786	446623.439269489	472070.983176321	468081.359337896	439833.654294496	406943.55149019	369150.877057382	318322.27237826	270059.558388297	224970.786699369	181338.572499659	147770.0420022	110215.33516059	82779.8639545397	61959.1693970882
490	370940.625977253	401568.055996329	362285.644550318	333041.487842289	308285.671282229	312583.994396314	349834.328727062	396269.01985823	436657.79439621	461317.564707648	459554.616936654	433162.686463094	401699.35563133	365089.262164674	316015.678751206	268312.018462466	224593.641503992	181814.836994047	149546.836472699	111961.904748689	84862.2592017529	64335.3371452045
492	370940.625977253	401568.055996329	355945.953986627	328454.594200957	304786.525801115	308056.231097667	342551.908976094	387515.898664875	426040.95312832	451394.499180378	450649.869440559	426232.227618546	396383.563034228	361888.294378607	314547.78300344	267363.649060766	224092.688975757	182668.398828776	150389.637270348	114363.819765818	86983.1450501641	66502.7722492684
494	370940.625977253	401568.055996329	347661.872653407	324440.558834882	298236.195954116	304026.704915402	336035.656853634	379051.707327095	417166.431003846	441770.576881311	442156.908964255	418623.256233361	391871.745164903	357972.432026218	312072.813935414	266443.476879943	224288.930522761	183127.761340736	151439.638149549	117050.16910329	89261.1277347346	68699.4481470872
496	370940.625977253	401568.055996329	341306.604288286	317699.922593669	295081.124997354	298055.372658591	328585.725679437	369678.748460932	406266.784602709	431132.291230034	432566.015169186	410708.81346826	385409.723087649	354059.138647898	309103.621990083	264561.906691849	224028.563471942	183195.067045284	151004.312871332	119135.635983735	90896.8431843686	70554.5349353157
498	370940.625977253	401568.055996329	335333.520236464	312709.517483768	290186.35799879	291989.391210817	321146.403057766	360405.394418455	395626.376827762	419937.38057357	422986.859324042	403178.580769181	378852.844491932	348986.988491361	305584.467607143	262906.196248397	222390.389239324	183263.195588726	150247.337737228	121414.596507855	92286.4758933727	72344.3693781237
500	263914.261162498	401568.055996329	327956.943515183	305231.442649461	283776.961914569	286727.913882071	312937.962753747	351667.46234311	385559.047248295	409194.962349808	412928.383669821	395243.270359346	372949.33250167	343786.840272622	301033.076837553	259761.615959149	221225.12921864	182874.986881458	149695.487613469	123578.079193919	93926.6359000718	73540.3966276863
502	256025.449945207	401568.055996329	327956.943515183	302124.506099097	279211.523754975	281308.920353468	307195.061771082	343754.104006171	375606.96394733	399577.019030458	403997.318307759	387943.711262614	367044.936509053	339408.724226826	298082.08160573	258140.89452994	220111.003782423	182462.883822082	149799.798417357	124938.854262041	95011.0073064317	74950.7249946804
504	247098.862937351	401568.055996329	327956.943515183	295001.146773535	274277.92914759	276114.883464414	299859.684489887	334316.665570346	366509.822528185	389896.176953923	394786.792132285	380226.799319761	360152.761954371	334193.549257734	294668.017605969	255482.117988767	218894.606372995	182448.487355135	150180.922366246	125881.237609925	96440.0590409732	76280.4590905274
506	243160.877694559	401568.055996329	327956.943515183	289247.160103673	269488.248506876	270639.152712906	293184.912641861	325844.516053334	356534.670928399	380230.585872565	385100.33840362	372301.238619875	354737.805268892	329279.614361982	291269.985397218	252623.742313686	217384.032529567	181384.598436862	150158.995930639	126570.311191165	98005.2255246775	77678.9241390275
508	235641.691405847	401568.055996329	327956.943515183	281785.93445244	262954.695339924	265121.135398559	287100.718484027	317331.738463353	345525.218033988	369376.887502613	376500.791546798	364526.84665855	347989.379705749	324204.401861639	287826.582556746	250383.151059034	215362.423581836	180110.44721949	149365.367919674	126239.671264985	99174.4083337365	78848.2526835328
510	229379.504852529	401568.055996329	327956.943515183	278028.15453618	259221.011555946	259044.563629721	279631.959295487	309273.974101136	337676.645716982	359293.929997202	366772.646546765	356956.205880213	341616.955128658	318643.079395381	283034.671649834	247123.29010927	213282.909322775	178849.634944843	148969.621378145	125031.707868273	100401.336162986	79476.921322573
512	227174.173092477	401568.055996329	327956.943515183	274266.979829634	255073.868773848	253660.961898225	273325.215204168	301059.83092384	327552.165819711	350513.381863495	358370.173425647	348990.811534964	336156.985434586	314364.275697882	279699.886138972	244059.610557591	211037.441317845	178074.695550163	148834.891463816	123751.720367748	101776.912191747	79960.8094709622
514	222761.432653023	401568.055996329	327956.943515183	267965.981320649	249481.785258265	249097.778208206	266840.61932238	293938.747315033	320286.038998264	342460.205930748	350308.891752791	342626.477278772	329088.530409692	309126.416136139	275316.754001945	240838.04792755	208964.22318978	176968.969997143	148007.897395121	123703.532856206	102686.835985318	81069.0922074526
516	214227.572010999	401568.055996329	327956.943515183	259371.658543931	244729.282804795	243554.423249697	260218.865052192	284620.533454871	310539.62669599	331913.031549641	340191.585658035	334100.952074472	323386.770165952	303639.647643193	270851.617133908	237536.547904301	206377.551961399	175398.726313418	147634.869576848	122509.485427808	103746.776349823	81871.2252627671
518	209202.942628937	401568.055996329	327956.943515183	254801.527274279	238744.666879138	238140.077536211	253770.428787143	277953.398711543	302157.556333881	323771.698698504	332945.221338252	327165.39767663	316529.529158771	297823.653903348	266587.172094923	234125.953692996	203633.324498465	173783.383868435	146308.541335179	122066.730378203	103763.198897133	81917.455007563
520	210210.502122216	261314.12744747	327956.943515183	250032.644309818	234828.674295282	232461.791003533	247974.057168342	270364.962804399	293480.591657156	314291.924567921	324826.474151214	318911.275831502	309733.38490954	291929.702760521	261591.831008157	230736.269185201	201184.98791146	171630.312782418	144573.510513266	121208.967084975	103483.515849684	82463.0091845628
522	202457.87431643	255242.813774266	327956.943515183	250032.644309818	228561.931280189	227373.595040486	241959.892023643	264514.934822993	285890.804691948	305133.546755834	315639.715197617	311549.666691495	303258.312886065	287003.781523073	256721.647592294	227264.206682889	198428.244152452	170028.437448308	143929.568667257	120361.012001577	102378.768590308	82826.5072023476
524	198814.97603667	249750.610242159	327956.943515183	250032.644309818	223771.212628427	221857.656538117	235073.969209692	255858.849977517	276975.217063772	296867.814268149	307364.767456834	304184.373834586	296842.80662525	280663.648055264	252227.241207681	223392.995989567	196256.784246942	167543.614694601	142989.706034434	119688.468343805	101431.663563981	83768.2413399458
526	192812.10296357	242247.54580943	327956.943515183	250032.644309818	219601.766748033	217331.23855609	230342.42122529	249241.585299801	269151.41351052	288351.526890811	299192.632966552	297447.686660881	290079.527765774	275215.782680182	247554.097636805	219532.771602512	192856.455886063	164850.737505023	140697.358142671	119130.784297793	99880.1447449893	84212.3281145889
528	187971.520193581	234903.814579928	327956.943515183	250032.644309818	213501.130199692	211191.299021029	223965.771603703	242769.365742437	261362.458899967	280785.658084489	290669.04973415	290747.964616585	283649.221005782	270515.49383286	242520.708537376	215103.181467971	189980.647321956	163153.813557133	139344.672149823	117758.228538419	99105.3800249881	84666.3045445983
530	177613.691983226	231169.439566859	327956.943515183	250032.644309818	208041.944840961	205968.132494015	218097.397715823	236089.476773316	253900.952523631	271792.980926365	283138.975766746	282310.112598852	276729.133191977	263940.533129827	238067.947641524	211306.402255584	186669.346089381	160475.695742984	137942.262508383	116854.538870036	97491.1380086817	84715.4814078056
532	177029.126652769	223730.311912352	327956.943515183	250032.644309818	203384.09778474	201355.403609617	212378.222788594	230343.50834751	246858.714277108	264785.407006763	276010.7695402	275758.386640433	270554.332806872	258385.424992444	234197.058502531	207840.904369213	183284.499381522	158735.57504169	136023.649957443	115141.459578819	96605.4472995284	84555.3368860086
534	172347.604036533	218823.645422695	327956.943515183	250032.644309818	197777.121055301	196417.119799194	206151.915797145	222140.716145841	238825.179856512	256701.34554879	267805.397906617	267785.782793504	263828.765745525	252488.171280847	228157.589653321	203978.205960488	179911.963268049	155957.305478258	133756.980167043	113934.184648996	95541.3366081498	83788.1144940989
536	166127.192751348	215843.899644583	327956.943515183	250032.644309818	192807.444667689	192144.926000334	200815.315842218	215870.619250145	232207.542214513	248640.488274298	260331.335533962	260853.090852652	258213.506340469	246674.318470387	223318.697732255	199702.95017725	176672.261990341	153603.805970917	131806.900235064	112850.626698737	95056.7532916553	82405.2068771787
538	155277.917421776	208095.309317625	327956.943515183	250032.644309818	189210.636309028	186186.967870613	195550.305865996	209171.211162143	224473.905385196	241274.00622807	252660.570986461	253358.793616007	251393.296465395	241025.299898007	218446.542195906	194853.921441056	173080.098245556	150780.863503345	129535.732303636	110727.099592416	93583.7395822222	80802.5959097238
540	154091.443012844	202694.948178564	201707.186454387	250032.644309818	183797.805500928	182129.691635732	189616.05384035	202616.966280219	217375.561888859	233991.303824765	245155.846935412	246807.123595726	244402.92246152	234172.102890795	213154.967889053	190958.208815029	169726.066231352	147593.860144864	127885.3892285	109150.925694045	92012.5361950704	79399.6407847392
542	151573.845983394	202061.429345278	196957.660776349	250032.644309818	183797.805500928	176881.194231874	184657.687398811	198014.671188835	211941.076272435	227284.121846201	238832.872936039	240507.737357952	238608.298714895	228931.402755594	208608.986197969	186927.97678873	166321.369660397	144955.024437378	125544.018000091	107794.533277971	91567.5903086093	78081.0357057138
544	144183.625923804	197890.038202818	193524.825010539	250032.644309818	183797.805500928	172488.176431196	179318.032028964	191974.145011286	205196.294472656	219875.41319462	230457.689649317	234139.6375713	232377.678785801	222845.958225008	203460.751663431	182623.674404719	162536.769936552	142223.574785878	123694.057735676	106005.68651751	90036.7082869164	76820.9161005494
546	141907.736834459	189671.908473782	186731.122076786	250032.644309818	183797.805500928	167263.449411536	174414.022283066	186223.604244465	197757.954804101	212708.060463557	223841.889281883	227062.495474734	225917.47919244	217407.920419502	198727.996998494	178150.080619251	158900.606602587	139526.583301214	121303.4621174	104368.542993379	88763.1444919645	75889.7157319393
548	138607.682950766	186098.846808679	181582.448291455	250032.644309818	183797.805500928	163639.916472074	169622.299653582	180489.742919887	192649.031876542	206922.981019049	217549.990716341	220463.424694549	219475.059791412	211644.134896976	193634.588022988	174026.589541569	155076.067181196	136644.974772043	118850.710187537	102073.800788796	87139.1295585058	74268.4020486961
550	131229.774652762	181601.296407701	176467.402052635	250032.644309818	183797.805500928	158271.613269538	164413.291610531	174655.491135362	185920.05837729	198732.597656227	210130.895247314	213764.624243609	213316.633179564	205715.978912896	188166.176826864	169744.042082991	152151.991296814	133280.753976677	116138.091043523	100227.775970854	85388.7216706295	73282.6830731963
552	128476.170593267	176874.769164316	172051.082592457	250032.644309818	183797.805500928	153794.641796927	159370.852579809	169402.399621401	179767.936739139	193488.130462765	204774.182608635	207270.008462195	207173.268274433	200852.2169867	183398.075817155	165736.829985199	148800.925991058	130605.527144722	113692.356221353	98454.1383523651	84211.1607052582	72416.7840328107
554	125820.955560166	167971.30902604	166073.247313796	250032.644309818	183797.805500928	148902.104425121	155576.816338515	164819.728898422	174737.342999893	187534.637628797	198235.052120563	201646.011984776	202552.394912368	194947.347203631	178231.940117721	161448.05124861	144851.279126173	128018.508902553	111795.788824447	97127.5009147451	82911.7963895377	71277.0060787
556	119120.765420898	162949.956773184	161995.713511896	250032.644309818	183797.805500928	145744.22702682	150266.691540803	159165.490857288	168866.13954664	181571.035482323	192210.613669007	195056.07882407	195870.462489994	189495.268912037	173988.020798728	157260.990149553	141834.138837651	124752.122942351	109522.019062135	94817.5435272848	81016.0494754586	70084.050925006
558	114542.79995234	156918.38243085	159640.844205489	250032.644309818	183797.805500928	141591.482657373	145977.476224888	153566.547085804	163566.477340844	175665.921617775	185924.750604044	189596.073795442	190217.875749592	184916.787994671	169703.875408065	153751.839743414	137666.201886165	122002.851674946	107034.860937702	93246.6019430289	79730.0167350798	68846.3490070344
560	113379.872121212	151959.108375126	155889.623410843	150359.977817634	183797.805500928	137639.204776753	140622.928711789	149392.04061866	158609.209041262	169867.834890135	179909.307528515	183471.185142473	184794.409870243	179897.728626017	164608.199875096	149504.011203531	134313.542872576	119239.461993008	104630.035783148	90980.1631723549	78402.747302323	67705.9621656031
562	109679.975579731	143173.068959369	154212.250958814	146958.355172511	183797.805500928	137639.204776753	136746.94651684	144471.420668286	153852.186978169	164264.924483251	174498.517759482	178307.028588889	179179.787888228	174254.122160598	159989.853997816	145427.745010216	130964.19315004	116197.467869547	102147.721276002	89159.131950589	76518.5394732547	65994.739686837
564	110367.225473496	140092.162922227	150598.941410292	143884.852326214	183797.805500928	137639.204776753	133535.869978597	139852.434189834	148659.338079787	159015.797286032	168736.914388549	172607.700159953	173346.108429143	169886.45681308	155248.072145946	141591.210780784	128073.635169847	113404.547412949	99853.2501668475	87179.5239636429	74972.2922381684	65141.2119753644
566	102130.167402541	139482.201343232	149959.946418027	140176.518989009	183797.805500928	137639.204776753	128740.60774989	135679.332565844	143337.290790035	154062.948377864	163885.637293202	167386.576753964	169079.463685172	164111.262339469	151526.702581871	137273.129128754	123939.124342281	110258.032092171	97183.3969255496	85239.859565523	73553.3233740251	64107.7079539874
568	101017.89929824	132492.454077371	148112.122069349	137799.438687589	183797.805500928	137639.204776753	125033.131283166	131545.049668824	139302.407137627	148909.191893795	158183.710558916	162100.040737377	162694.170131624	159084.713863369	146453.688637887	133204.808553465	120596.211876156	107323.564547355	94694.8577154335	83019.6132634432	71518.5042568686	62161.6122549512
570	99442.4614570516	129156.328721387	145588.327856992	135311.046515601	183797.805500928	137639.204776753	120313.063104459	127160.030051809	134090.62225672	143386.911025502	151520.261589058	156073.619953473	157638.886788759	154518.610586282	142044.395369633	129464.142729455	117168.208228961	104245.387151531	92341.9666421242	80894.0286655166	69895.5568361513	60798.7377882004
572	95560.5430758591	125937.507260558	145105.104163599	135073.704253552	183797.805500928	137639.204776753	116471.065871173	122577.213407428	129363.132011377	138815.40798542	147847.885162448	151871.54462856	153250.320462215	148893.349530361	138077.121463763	125645.92941162	114069.062709522	101567.346152603	90094.0554007136	78889.1269846384	68121.1527418661	59240.4464673658
574	95120.2843205227	120983.460038522	141459.626417166	133258.340234156	183797.805500928	137639.204776753	113355.570899593	118958.802046583	124960.42649589	134337.050520941	141824.076107246	146189.85479588	148147.969816108	144316.035556951	133968.203514785	122348.195675688	111091.505661431	98659.4187668736	87641.0727656467	76696.2551108694	66507.4622372809	58150.670066775
576	92048.176177856	119020.615267253	137423.541886744	131835.439273601	183797.805500928	137639.204776753	109777.855988862	114882.452705673	121207.952315061	129842.829012283	137865.6408705	141866.205684949	143507.614636171	140311.733225815	129715.160438291	118361.612248762	107767.905443593	96397.6973302632	85569.5484231161	74924.729271296	65225.4699876157	56574.3066685391
578	89881.2372704048	115796.952893531	133002.983421388	131646.291537042	183797.805500928	137639.204776753	106424.524991935	111410.687414771	117076.768854377	125221.106411927	133408.732311076	136709.961956083	138657.72491692	136185.954908335	125754.592800245	114955.821027688	104796.098883631	93339.8899909965	83131.1996070112	73244.0943138477	63354.0183885468	55415.4077052838
580	88411.4812329176	111953.234702205	130381.87932655	130708.313859283	122272.615739147	137639.204776753	103350.606370786	107680.426155778	112726.441955383	121368.783509446	129042.194071934	132821.230740388	134280.034653537	131853.856100614	121910.671813416	112360.543307349	101083.13274822	90684.2879499666	81083.304867825	71203.6031658265	61784.8883559635	53938.3192682694
582	80666.0836912136	107206.599657926	124072.177182307	131679.797276807	122252.22763298	137639.204776753	103350.606370786	103742.202609202	109425.683659004	117703.666749776	125452.465305978	128109.284491173	129643.312853569	128204.612670449	117776.052306715	107911.912607187	99122.2604864838	88245.7533245366	78213.0538985992	69272.6323925801	60051.9148618247	52943.5912365468
584	84565.6134494768	104505.439173818	121500.553334419	133830.448998506	120960.264717388	137639.204776753	103350.606370786	101029.215205599	105189.791577894	113132.514266266	119750.251985336	123401.36521853	125590.995378668	123122.021309088	113710.921899716	104314.569236143	95471.2323242027	85498.2150327847	76810.9859883274	67322.6229687465	58834.8137065636	51675.6916680768
586	79344.4820508658	103961.885261286	118304.146491879	134175.662278955	121310.381802829	137639.204776753	103350.606370786	97245.4067888979	101606.383843568	109661.213965207	115863.920073016	120118.079909726	121315.658064978	119076.691336649	110518.460571602	101409.137465692	92187.1820455164	83225.6331081021	74251.9882497147	65379.635988822	57126.4294390796	50036.2594480725
588	76215.4201626464	99322.862441777	113142.115534297	137620.576981102	121375.815020557	137639.204776753	103350.606370786	93998.9249433411	98375.8029155236	105318.270477927	112394.919090464	115630.900750767	117435.325893263	115332.255117507	106677.867341293	98021.8227215219	89326.5653117647	80495.5500319595	72071.2344964739	63842.1559063146	55676.926303289	49104.7816741298
590	72309.9617837247	95501.3885330841	112946.408257336	139306.819102141	122580.809449466	137639.204776753	103350.606370786	90380.2945965114	95195.2712111713	101466.576327295	108322.349361385	111257.494552951	113182.006736493	111032.75780016	103190.281841163	94878.9114083411	86642.4375890431	77787.2457589881	70089.6882680905	62202.7897815356	53722.5561496172	47517.287331941
592	75707.4930483446	94739.7889452986	111235.723690666	139430.675240001	122476.583046736	137639.204776753	103350.606370786	88257.4154379949	91368.3198347729	97797.7316309177	104608.961816075	107400.538893545	109660.82357138	107196.588928228	100006.727212324	92129.4272561	84008.7741593613	75947.3330991496	67715.9609845109	60198.5744557734	52462.4134041442	46127.7772299686
594	74401.4198605056	92641.0988859787	108023.064552074	141342.785290829	123780.793125466	137639.204776753	103350.606370786	85071.4675221086	88623.3590789155	95288.8218956455	101217.122436256	103588.279053237	106007.576290001	103965.324453687	96588.466725362	89072.9126351397	81366.4337147996	73446.6847822933	65965.7588531596	58317.9737482465	51042.1872082511	44618.7594870662
596	71569.3012118691	92767.4563549705	105293.046674131	143654.813452369	123032.377931948	137639.204776753	103350.606370786	82214.3469919079	85882.550746165	92016.5876324951	97569.9244104754	100237.595420058	102131.520918375	100614.815175414	93831.9906012377	85994.3839885965	79191.3679470245	71212.0720400444	64095.8564429845	56464.4529571605	49600.0877641383	43665.4394401055
598	74004.3466088885	89400.983171746	104909.9062984	145588.569787466	124565.303015547	137639.204776753	103350.606370786	79807.9444417467	82422.6910184174	88763.8433583178	93604.1983220474	97122.6450472609	98709.1334209022	97156.7795133646	90137.0770423951	82784.4307672042	76267.8915934735	68949.8869801186	61784.9309480689	54708.7641334798	48370.3075407469	42686.1663336021
600	69694.5981350324	85366.2804946633	104369.092672343	142505.62730776	124009.766230479	85746.2104903274	103350.606370786	76611.9173571888	80200.0532393054	85515.8914184245	90267.4972847335	92614.7245508978	94189.1195172937	93171.1655294386	86690.2748855288	80161.9382713226	73482.7309599581	66883.547767606	60093.0486868832	53116.7116500116	46871.4612588924	41413.5367309711
