Wavelength	240	250	260	270	280	290	300	310	320	330	340	350	360	370	380	390	400	410	420	430	440	450
nm	CPS / MicroAmps	CPS / MicroAmps	CPS / MicroAmps	CPS / MicroAmps	CPS / MicroAmps	CPS / MicroAmps	CPS / MicroAmps	CPS / MicroAmps	CPS / MicroAmps	CPS / MicroAmps	CPS / MicroAmps	CPS / MicroAmps	CPS / MicroAmps	CPS / MicroAmps	CPS / MicroAmps	CPS / MicroAmps	CPS / MicroAmps	CPS / MicroAmps	CPS / MicroAmps	CPS / MicroAmps	CPS / MicroAmps	CPS / MicroAmps
300	25944.7905293162	18754.8245776807	33660.9689244765	157500.271609686	61362.455181162	21426.4226446458	751551.383889947	8709.28170200498	8738.05858810491	10107.0304853983	10540.6628779828	11134.2350684473	10810.2867701327	11062.1800500443	12204.8231963555	12698.5514141715	12843.829048719	12655.7118030482	11422.9459026471	11067.1347514271	10923.3397465466	9769.73574768021
302	27758.7625717013	22097.5915788438	34039.6347950662	121526.051382288	77087.8624214394	20901.8306301555	11840.9649672965	8709.28170200498	8738.05858810491	10107.0304853983	10540.6628779828	11134.2350684473	10810.2867701327	11062.1800500443	12204.8231963555	12698.5514141715	12843.829048719	12655.7118030482	11422.9459026471	11067.1347514271	10923.3397465466	9769.73574768021
304	24825.414820695	21685.6754873833	36150.7734488454	90200.7092604482	102275.986993592	21988.9124302322	11840.9649672965	8709.28170200498	8738.05858810491	10107.0304853983	10540.6628779828	11134.2350684473	10810.2867701327	11062.1800500443	12204.8231963555	12698.5514141715	12843.829048719	12655.7118030482	11422.9459026471	11067.1347514271	10923.3397465466	9769.73574768021
306	25778.3982460707	23920.0435184214	36338.5119889136	70924.9988954662	136022.513975727	23431.9883687737	11840.9649672965	8709.28170200498	8738.05858810491	10107.0304853983	10540.6628779828	11134.2350684473	10810.2867701327	11062.1800500443	12204.8231963555	12698.5514141715	12843.829048719	12655.7118030482	11422.9459026471	11067.1347514271	10923.3397465466	9769.73574768021
308	27962.3724885177	24501.4796305758	37245.5837441381	62247.4392447163	159509.043425587	24451.7208774948	11840.9649672965	8709.28170200498	8738.05858810491	10107.0304853983	10540.6628779828	11134.2350684473	10810.2867701327	11062.1800500443	12204.8231963555	12698.5514141715	12843.829048719	12655.7118030482	11422.9459026471	11067.1347514271	10923.3397465466	9769.73574768021
310	28149.82096087	28749.9303342875	38753.7269565218	59738.7104859689	162008.187438521	27566.8711736798	11840.9649672965	8709.28170200498	8738.05858810491	10107.0304853983	10540.6628779828	11134.2350684473	10810.2867701327	11062.1800500443	12204.8231963555	12698.5514141715	12843.829048719	12655.7118030482	11422.9459026471	11067.1347514271	10923.3397465466	9769.73574768021
312	29982.9838226469	29967.555838481	40022.8974224276	58755.2385396935	140676.932522641	33081.9185803979	9835.31172264291	8709.28170200498	8738.05858810491	10107.0304853983	10540.6628779828	11134.2350684473	10810.2867701327	11062.1800500443	12204.8231963555	12698.5514141715	12843.829048719	12655.7118030482	11422.9459026471	11067.1347514271	10923.3397465466	9769.73574768021
314	30993.3671931629	30624.87292643	42813.6751978897	58580.2315959064	113466.740184307	46566.9061783386	10334.6204741826	8709.28170200498	8738.05858810491	10107.0304853983	10540.6628779828	11134.2350684473	10810.2867701327	11062.1800500443	12204.8231963555	12698.5514141715	12843.829048719	12655.7118030482	11422.9459026471	11067.1347514271	10923.3397465466	9769.73574768021
316	31302.782836887	32788.4227399424	41638.0982978479	57559.3703266153	86413.3491980428	66949.8427346762	10935.5112974242	8709.28170200498	8738.05858810491	10107.0304853983	10540.6628779828	11134.2350684473	10810.2867701327	11062.1800500443	12204.8231963555	12698.5514141715	12843.829048719	12655.7118030482	11422.9459026471	11067.1347514271	10923.3397465466	9769.73574768021
318	30938.501849073	33149.1888317763	44334.225939815	57373.991510052	69567.4151629101	91342.844806761	11591.2021120209	8709.28170200498	8738.05858810491	10107.0304853983	10540.6628779828	11134.2350684473	10810.2867701327	11062.1800500443	12204.8231963555	12698.5514141715	12843.829048719	12655.7118030482	11422.9459026471	11067.1347514271	10923.3397465466	9769.73574768021
320	32734.9566026767	36606.0130047007	45217.8460172003	56109.9150027726	62887.7955706614	109610.653656862	12807.2148704029	8709.28170200498	8738.05858810491	10107.0304853983	10540.6628779828	11134.2350684473	10810.2867701327	11062.1800500443	12204.8231963555	12698.5514141715	12843.829048719	12655.7118030482	11422.9459026471	11067.1347514271	10923.3397465466	9769.73574768021
322	34954.1477299326	37473.2953670102	46134.4340510459	57002.3343081437	61145.394086781	114264.138328928	14635.1950083454	7217.01371310771	8738.05858810491	10107.0304853983	10540.6628779828	11134.2350684473	10810.2867701327	11062.1800500443	12204.8231963555	12698.5514141715	12843.829048719	12655.7118030482	11422.9459026471	11067.1347514271	10923.3397465466	9769.73574768021
324	34162.8884562858	39379.4496296248	47920.0148212644	57115.0262984006	59253.5184499998	101133.8464978	19298.1552901396	7447.68986949416	8738.05858810491	10107.0304853983	10540.6628779828	11134.2350684473	10810.2867701327	11062.1800500443	12204.8231963555	12698.5514141715	12843.829048719	12655.7118030482	11422.9459026471	11067.1347514271	10923.3397465466	9769.73574768021
326	35970.0864068098	40156.3878980211	48918.9605683553	56990.984972173	58439.5221691774	80254.3481801347	29308.1430778926	7950.17111284228	8738.05858810491	10107.0304853983	10540.6628779828	11134.2350684473	10810.2867701327	11062.1800500443	12204.8231963555	12698.5514141715	12843.829048719	12655.7118030482	11422.9459026471	11067.1347514271	10923.3397465466	9769.73574768021
328	35873.6676127658	40268.4922561087	48763.5224350759	55457.5170091087	58795.8476305614	60172.4758687108	45476.668318648	8696.28873298013	8738.05858810491	10107.0304853983	10540.6628779828	11134.2350684473	10810.2867701327	11062.1800500443	12204.8231963555	12698.5514141715	12843.829048719	12655.7118030482	11422.9459026471	11067.1347514271	10923.3397465466	9769.73574768021
330	34571.2184210189	43363.3998911057	50477.570398957	55797.3241541951	57228.2634920381	48042.2966558055	64661.422304238	9285.23833849219	8738.05858810491	10107.0304853983	10540.6628779828	11134.2350684473	10810.2867701327	11062.1800500443	12204.8231963555	12698.5514141715	12843.829048719	12655.7118030482	11422.9459026471	11067.1347514271	10923.3397465466	9769.73574768021
332	38090.0569296043	43043.0085615088	49778.7087370725	55714.6685783659	56997.1579390704	42826.2716018386	80950.7101688608	10807.4573927158	6639.09292963165	10107.0304853983	10540.6628779828	11134.2350684473	10810.2867701327	11062.1800500443	12204.8231963555	12698.5514141715	12843.829048719	12655.7118030482	11422.9459026471	11067.1347514271	10923.3397465466	9769.73574768021
334	40630.3887733845	44070.123903977	50937.4414751427	55443.0996583269	56870.0891323113	42208.3743147093	84720.4277716001	12215.8369378866	6958.40841006284	10107.0304853983	10540.6628779828	11134.2350684473	10810.2867701327	11062.1800500443	12204.8231963555	12698.5514141715	12843.829048719	12655.7118030482	11422.9459026471	11067.1347514271	10923.3397465466	9769.73574768021
336	39247.0496595985	43971.6127324015	50624.9807067125	55094.9531351243	56656.4448410367	42354.697785799	77037.70221423	16071.5258440542	7681.12946392145	10107.0304853983	10540.6628779828	11134.2350684473	10810.2867701327	11062.1800500443	12204.8231963555	12698.5514141715	12843.829048719	12655.7118030482	11422.9459026471	11067.1347514271	10923.3397465466	9769.73574768021
338	41763.3539166964	48114.3341525269	51195.8664425143	54651.0777638082	56552.7473349784	42817.5307711247	61751.3428456156	23025.1872757886	8607.79405472111	10107.0304853983	10540.6628779828	11134.2350684473	10810.2867701327	11062.1800500443	12204.8231963555	12698.5514141715	12843.829048719	12655.7118030482	11422.9459026471	11067.1347514271	10923.3397465466	9769.73574768021
340	40089.830398416	46073.4017749681	51703.6923117019	54724.4011152212	55084.817158434	43470.5902354885	46351.8090507218	36127.835707742	9592.02884923625	10107.0304853983	10540.6628779828	11134.2350684473	10810.2867701327	11062.1800500443	12204.8231963555	12698.5514141715	12843.829048719	12655.7118030482	11422.9459026471	11067.1347514271	10923.3397465466	9769.73574768021
342	41664.9150833108	47900.9938902114	53900.9939398468	55718.5033585329	55333.7107978389	44426.1078822406	36995.5419371413	52767.5437200752	10921.7366680009	7567.44680519572	10540.6628779828	11134.2350684473	10810.2867701327	11062.1800500443	12204.8231963555	12698.5514141715	12843.829048719	12655.7118030482	11422.9459026471	11067.1347514271	10923.3397465466	9769.73574768021
344	43308.5908559828	48081.5280226	54581.4830071489	55386.0034391931	55568.8371008942	45231.5563941522	33498.7091589737	66293.3153055888	12565.5541094437	8492.66161187868	10540.6628779828	11134.2350684473	10810.2867701327	11062.1800500443	12204.8231963555	12698.5514141715	12843.829048719	12655.7118030482	11422.9459026471	11067.1347514271	10923.3397465466	9769.73574768021
346	46405.4158337474	50771.4392036352	54970.2702443218	56707.602979976	55747.063385413	46466.919836954	32987.5239330072	72699.9582932178	15164.0711979512	9745.24977865621	10540.6628779828	11134.2350684473	10810.2867701327	11062.1800500443	12204.8231963555	12698.5514141715	12843.829048719	12655.7118030482	11422.9459026471	11067.1347514271	10923.3397465466	9769.73574768021
348	46152.6570069355	51817.3581186871	56671.5588465432	55798.4092619595	54698.7305672076	47585.578767533	33925.794300551	69322.5623301886	18315.2049538126	11365.6268378467	10540.6628779828	11134.2350684473	10810.2867701327	11062.1800500443	12204.8231963555	12698.5514141715	12843.829048719	12655.7118030482	11422.9459026471	11067.1347514271	10923.3397465466	9769.73574768021
350	49127.1132662305	52406.6519781531	56810.1677455232	56163.739974693	55630.7114517671	47972.3986424253	36094.5112087908	58159.8195553593	24347.4803956762	13325.4518640605	10540.6628779828	11134.2350684473	10810.2867701327	11062.1800500443	12204.8231963555	12698.5514141715	12843.829048719	12655.7118030482	11422.9459026471	11067.1347514271	10923.3397465466	9769.73574768021
352	49654.2830648193	53411.1550798524	58279.6531546783	56972.8936181486	55406.6839852543	49239.4705500224	38053.6174903378	47311.3377516627	34399.2679902833	15241.9123014996	9774.61053578984	11134.2350684473	10810.2867701327	11062.1800500443	12204.8231963555	12698.5514141715	12843.829048719	12655.7118030482	11422.9459026471	11067.1347514271	10923.3397465466	9769.73574768021
354	52885.2030445564	55580.0444364107	59184.5814643676	57462.843076529	55837.9420304639	50532.9670206236	39610.749020525	39885.3762977109	47319.5500421189	17244.3495800884	11251.4342800725	11134.2350684473	10810.2867701327	11062.1800500443	12204.8231963555	12698.5514141715	12843.829048719	12655.7118030482	11422.9459026471	11067.1347514271	10923.3397465466	9769.73574768021
356	52231.454299899	57784.5986390337	60796.3099683479	58744.8974188859	57026.4894433892	51200.1549358587	42212.4202701651	37440.7345266084	60914.4379957917	19917.8648492015	12854.397486168	11134.2350684473	10810.2867701327	11062.1800500443	12204.8231963555	12698.5514141715	12843.829048719	12655.7118030482	11422.9459026471	11067.1347514271	10923.3397465466	9769.73574768021
358	54969.4182561128	59914.6462813658	62378.3693106631	60189.5871370452	57592.9714977686	52733.989147965	44574.7698410004	37876.7288132265	69797.1519576489	22527.8150444322	15117.182144697	11134.2350684473	10810.2867701327	11062.1800500443	12204.8231963555	12698.5514141715	12843.829048719	12655.7118030482	11422.9459026471	11067.1347514271	10923.3397465466	9769.73574768021
360	58442.6307604202	63360.8736064126	63769.6166245158	60927.572952719	58569.769665073	54701.0351186327	47276.6449941254	40468.6773290297	71219.9856414011	26046.7675648661	17320.9306819193	11134.2350684473	10810.2867701327	11062.1800500443	12204.8231963555	12698.5514141715	12843.829048719	12655.7118030482	11422.9459026471	11067.1347514271	10923.3397465466	9769.73574768021
362	58060.4377132327	66570.0578439972	66608.8791200781	62961.9478714124	59251.8088150294	56828.2110756002	50123.2165030376	43680.7325701464	66450.5496014054	31255.268061509	20163.0394015009	11306.1364813338	10810.2867701327	11062.1800500443	12204.8231963555	12698.5514141715	12843.829048719	12655.7118030482	11422.9459026471	11067.1347514271	10923.3397465466	9769.73574768021
364	61675.5343126824	68952.6719544942	69265.0819040753	65466.9761575086	61112.4084249927	58671.4239135142	52981.9119145642	46986.764896179	59445.1175418182	39042.7727864175	22550.188914195	12871.0236628767	10810.2867701327	11062.1800500443	12204.8231963555	12698.5514141715	12843.829048719	12655.7118030482	11422.9459026471	11067.1347514271	10923.3397465466	9769.73574768021
366	68443.8518666673	73202.2978632078	73162.2112853628	66749.1443222934	63369.2130313706	61032.3670454508	56495.0484841609	50527.2710513684	53752.4145533913	49936.7263696204	25376.0111702374	14779.9684837796	10810.2867701327	11062.1800500443	12204.8231963555	12698.5514141715	12843.829048719	12655.7118030482	11422.9459026471	11067.1347514271	10923.3397465466	9769.73574768021
368	72058.4879600685	77746.7263386043	75577.8636764089	69896.083747491	66191.9759156781	64170.2285922601	60092.1908061264	54835.4053612352	51577.3229032259	62627.0885458831	28403.5097933653	17005.3636226771	10810.2867701327	11062.1800500443	12204.8231963555	12698.5514141715	12843.829048719	12655.7118030482	11422.9459026471	11067.1347514271	10923.3397465466	9769.73574768021
370	75031.3742388994	84140.4804234762	79153.0413681632	73103.4467934555	67794.856881713	66463.2042666728	64009.2425460481	59504.6910938998	53270.3198123119	73845.4019683902	32210.3058763675	19655.3813529941	10810.2867701327	11062.1800500443	12204.8231963555	12698.5514141715	12843.829048719	12655.7118030482	11422.9459026471	11067.1347514271	10923.3397465466	9769.73574768021
372	84256.2182710783	88462.1196247454	83520.1424273526	76477.525039123	70316.550626287	69984.6004327611	68164.3811935732	63940.5558048436	56614.3132527159	79565.4150340296	36249.6593243009	22242.5177026215	11249.9111956879	11062.1800500443	12204.8231963555	12698.5514141715	12843.829048719	12655.7118030482	11422.9459026471	11067.1347514271	10923.3397465466	9769.73574768021
374	87391.3230395738	93352.46957589	87717.6688357813	79362.3366173861	73218.8991880613	73155.3497063418	72736.745098057	68576.2983067445	60855.5900453828	80007.0919592971	41517.9306376957	25298.6130383544	12801.3775966176	11062.1800500443	12204.8231963555	12698.5514141715	12843.829048719	12655.7118030482	11422.9459026471	11067.1347514271	10923.3397465466	9769.73574768021
376	95402.4274182196	98989.1497978059	92509.9483679898	83174.2769554211	77180.7523644276	76917.7715195037	77524.6106419898	73312.6353398635	65159.8963225245	76615.5738444371	48373.8278081363	28278.4289176348	14840.799642709	11062.1800500443	12204.8231963555	12698.5514141715	12843.829048719	12655.7118030482	11422.9459026471	11067.1347514271	10923.3397465466	9769.73574768021
378	96844.9728385502	102851.476197099	97159.2995914101	85784.496017729	80299.4549261919	81156.2390727529	82537.4902622624	78640.238454202	70040.5805004085	72739.0922955764	57989.8916723559	31890.1493460082	17245.1298756682	11062.1800500443	12204.8231963555	12698.5514141715	12843.829048719	12655.7118030482	11422.9459026471	11067.1347514271	10923.3397465466	9769.73574768021
380	105405.874334673	109317.361024803	102699.217564687	90006.0705146749	83732.4776105063	84282.0323883528	87047.2670149337	84655.1064885543	75522.7474070315	71350.821319262	69471.3355523183	35356.9304466537	19961.0615211156	11062.1800500443	12204.8231963555	12698.5514141715	12843.829048719	12655.7118030482	11422.9459026471	11067.1347514271	10923.3397465466	9769.73574768021
382	111363.802199912	119749.397791248	107591.73138875	96235.1182521913	87820.9057626517	89864.2413076377	93255.3123442708	90422.5067136387	81459.1107546364	72879.472600377	80503.2047101586	39342.1676021689	22946.6157258445	11605.1592962507	12204.8231963555	12698.5514141715	12843.829048719	12655.7118030482	11422.9459026471	11067.1347514271	10923.3397465466	9769.73574768021
384	121513.668918223	124036.17924285	114310.405853597	99828.6111127045	91325.4002300861	94721.4263721628	98502.9251440436	96705.6344541684	87135.7289956684	76905.7054939812	88173.4970916657	43723.9193955878	26168.6351329213	13183.2420650384	12204.8231963555	12698.5514141715	12843.829048719	12655.7118030482	11422.9459026471	11067.1347514271	10923.3397465466	9769.73574768021
386	125131.824484424	133163.179690376	120573.70434203	105385.937658424	95847.1247560316	99299.2590666188	104270.746763929	103196.23050609	93349.9591697798	82026.8294146085	91432.3346866434	49173.9588641559	29561.5454497499	15349.2369296518	12204.8231963555	12698.5514141715	12843.829048719	12655.7118030482	11422.9459026471	11067.1347514271	10923.3397465466	9769.73574768021
388	133528.675084269	141587.917228857	127146.220443018	110054.493357065	100651.558450123	103858.81298898	110677.004810591	109606.866128598	99794.422490542	87531.8990137486	91201.6047839069	56012.8830422443	33536.5031318153	18034.0998298947	12204.8231963555	12698.5514141715	12843.829048719	12655.7118030482	11422.9459026471	11067.1347514271	10923.3397465466	9769.73574768021
390	147020.247303768	147937.966746039	133801.913982033	115050.784856813	105235.927568861	108624.777498565	116802.150980439	116803.42415734	106460.58535175	93308.6110632512	89829.3538616144	64820.8286432336	37470.0255473513	20814.7209656964	12204.8231963555	12698.5514141715	12843.829048719	12655.7118030482	11422.9459026471	11067.1347514271	10923.3397465466	9769.73574768021
392	152871.017383399	156958.844198402	139681.103972655	121851.202262812	110308.753237193	113832.305203375	123093.835799699	123280.449932386	112892.128122737	99913.0837434334	89518.7022890892	75570.1441799187	41414.2929778595	24067.2129058023	11713.2136635078	12698.5514141715	12843.829048719	12655.7118030482	11422.9459026471	11067.1347514271	10923.3397465466	9769.73574768021
394	161678.98940077	165334.749127754	147005.084054498	126833.208796574	115580.488593942	119582.79456872	129058.29361191	130470.780740518	119861.262670848	106271.826306492	91454.6298707241	86108.3757296573	45833.7166955806	27395.0774233787	13490.7048659686	12698.5514141715	12843.829048719	12655.7118030482	11422.9459026471	11067.1347514271	10923.3397465466	9769.73574768021
396	167063.486802265	174695.401807392	154073.729318979	133991.276285486	120859.194409344	124400.101673698	134922.558140162	137157.729391303	127482.223175624	113003.150734449	95587.4544095626	94430.2636378377	50761.3694937268	30977.2396614181	15778.4170134991	12698.5514141715	12843.829048719	12655.7118030482	11422.9459026471	11067.1347514271	10923.3397465466	9769.73574768021
398	177852.945826749	183256.326250321	162553.966819051	139727.49600157	125638.463286583	129853.26415357	141865.319703123	144827.113070455	133807.722032796	118967.009724374	101171.691601738	99649.1444824892	56111.5048064576	34927.0527177179	18035.8163934581	12698.5514141715	12843.829048719	12655.7118030482	11422.9459026471	11067.1347514271	10923.3397465466	9769.73574768021
400	187452.458764022	190908.966658145	168699.212446661	145259.279885347	130551.748426225	134808.611041052	147611.454930133	151174.495434116	140777.977215612	125627.089015558	106492.579748991	101200.373435562	62638.340531803	38739.8180714631	20872.5404379558	12698.5514141715	12843.829048719	12655.7118030482	11422.9459026471	11067.1347514271	10923.3397465466	9769.73574768021
402	194517.559017164	200673.539468296	174880.209422265	150697.651446251	136212.884977107	138981.793700614	153358.422808217	157510.482421086	147602.512686207	132320.571866859	112671.176953507	101078.061240492	70601.2843228735	43306.8508338732	23843.2147825494	12279.9366112202	12843.829048719	12655.7118030482	11422.9459026471	11067.1347514271	10923.3397465466	9769.73574768021
404	201834.821269963	208206.145891211	185486.825995803	158051.429458307	141187.477862241	144995.59028881	157964.25994795	163448.740695312	154424.689571778	138680.120151041	118842.949242045	101228.67263417	80067.1388275965	47513.206639037	27376.7289416488	14181.2637961691	12843.829048719	12655.7118030482	11422.9459026471	11067.1347514271	10923.3397465466	9769.73574768021
406	210460.629480442	214911.845723916	191765.407811983	164473.233784614	145711.390378371	149328.834492974	163970.043432049	169884.741764285	161090.635185481	145465.673716229	125118.712052162	103671.468254798	89837.6806010451	52187.8434825084	30750.3451140438	16437.0774738114	12843.829048719	12655.7118030482	11422.9459026471	11067.1347514271	10923.3397465466	9769.73574768021
408	218213.884967094	224232.030760729	199421.435091753	169898.460302466	151636.286093157	152796.594655689	168967.162387633	176813.66450216	168185.874824473	152279.693443215	130720.788746014	107133.571212692	99221.4719990896	57070.1033834968	34429.426533028	18795.1721421829	12843.829048719	12655.7118030482	11422.9459026471	11067.1347514271	10923.3397465466	9769.73574768021
410	222238.201494974	235420.332397891	205479.305194464	176600.409823115	155072.336039173	157141.233767674	172707.818079547	181120.845333647	173499.03988361	158064.316508786	136761.144894043	112279.950510577	105102.008432872	62300.7833028955	38367.5564988933	21391.4006565406	12843.829048719	12655.7118030482	11422.9459026471	11067.1347514271	10923.3397465466	9769.73574768021
412	230884.46091546	240898.101577332	214310.756884711	184236.501035274	161430.002239103	161585.657120315	176621.725267315	186550.381033364	180062.619111106	164155.854582857	142513.405433602	117301.744334741	108428.034209056	67910.1934527061	42095.1863106169	24463.9779475359	13680.1038993258	12655.7118030482	11422.9459026471	11067.1347514271	10923.3397465466	9769.73574768021
414	238444.674006679	247724.377478347	222243.994536284	190251.997795597	167264.898928313	165388.6465347	181827.495974457	191603.185995064	185536.348801771	169911.4678302	148471.308759532	122731.168042831	109541.475403044	74825.6606078751	46354.7703140391	27542.6829735004	15550.3274389573	12655.7118030482	11422.9459026471	11067.1347514271	10923.3397465466	9769.73574768021
416	246126.155443637	257673.696748351	230872.98033993	194639.618458036	171244.87722103	168860.516123904	184934.936861744	195462.807929004	190393.018720322	175959.107991654	154468.25761703	128088.835431831	110465.781311081	82245.3913933376	50280.5724316684	30816.4705707209	17623.8305306412	12655.7118030482	11422.9459026471	11067.1347514271	10923.3397465466	9769.73574768021
418	248576.532231867	266879.349971905	236162.965223202	203487.605697071	175912.998166655	172297.343648871	188858.80103229	200610.252988758	196286.592960805	182571.890014736	160514.63118263	133522.021825495	111953.402505499	91436.0397991029	54736.4972948931	34110.040268809	20101.3863405706	12655.7118030482	11422.9459026471	11067.1347514271	10923.3397465466	9769.73574768021
420	255471.97041564	271617.624170103	244211.413635145	208149.918065557	182638.648301422	176643.614097137	192651.351467482	205364.495196784	201103.045518831	187626.578264302	165731.895226539	139432.625887	114688.091903725	100196.006101804	59120.188972699	37579.475866388	22609.5503459413	12655.7118030482	11422.9459026471	11067.1347514271	10923.3397465466	9769.73574768021
422	262654.190745408	278622.863745007	251081.835508947	214405.28223958	185228.649807843	178792.996513723	195644.474038217	208087.188087971	205400.590403987	191843.507604931	170665.725286453	143813.20115043	118722.061785243	106639.158135536	63181.3975815774	40994.6977761142	25204.8758852482	13354.7620132525	11422.9459026471	11067.1347514271	10923.3397465466	9769.73574768021
424	269349.717758216	282675.736175906	256266.609316502	219768.48284776	190136.486132207	181697.523472001	197419.341064778	210457.733596857	209215.290075952	197252.023036283	174975.410715863	148655.917230833	122664.332326114	110665.734637537	67718.3226207777	44375.0039156167	27688.4114405749	14981.0690302228	11422.9459026471	11067.1347514271	10923.3397465466	9769.73574768021
426	267262.672888874	289283.529414199	262771.301006556	226136.999216163	192807.398963454	184086.847254419	200170.020966065	213466.023026429	212089.222965091	201314.457799746	179729.935664149	152287.508565553	126535.4408495	112389.075556946	72734.0830077478	47465.0650432093	30399.2175869324	16681.2715112854	11422.9459026471	11067.1347514271	10923.3397465466	9769.73574768021
428	268583.45248515	293638.395525317	267425.723507331	229388.655997809	197569.74201999	185846.114710101	200943.949611462	215424.290540158	215210.007015326	204877.436479396	183583.847225438	156167.38469996	130491.156053767	112974.882531273	78142.5218853053	50992.2231481532	33231.9979545753	18717.6185306872	11422.9459026471	11067.1347514271	10923.3397465466	9769.73574768021
430	281776.118130713	297463.079230022	272125.378410917	233224.634880331	200240.142968718	188568.978928004	202517.323186757	217684.561667048	218035.052608612	208270.865807593	187208.515374308	160411.828079463	134509.676867282	113424.567917134	84429.8090201488	54124.2386384313	35910.4246113806	20580.4400084842	11422.9459026471	11067.1347514271	10923.3397465466	9769.73574768021
432	275489.875636404	301488.923318853	276647.110134861	239812.841461075	202653.012968523	189742.960873877	204340.009180264	218177.785813828	220313.213171999	211656.516480053	190764.608195858	164045.189797619	138403.06679689	114870.800605595	91055.2538747643	57506.5089525996	38758.203431059	22914.3431005592	11984.5009500787	11067.1347514271	10923.3397465466	9769.73574768021
434	282167.782654872	309148.130772248	280958.433769383	243001.168042209	205617.975317437	191856.854506421	204641.160418226	220079.106966441	221988.08423508	214566.985401848	194352.493363221	168082.128839939	142054.9700259	117162.067248166	97215.9051509056	60972.2269028867	41372.319610276	24889.6876531513	13376.7594949625	11067.1347514271	10923.3397465466	9769.73574768021
436	283142.25299135	310887.124404012	283494.822098947	244896.15768058	207900.553284939	192813.494034435	205235.799778463	220499.644323155	223677.559707956	216676.416374956	197101.855039199	171283.753820016	145120.638968541	119584.786858997	102340.336367652	64131.7086100682	44313.7290777349	27403.7914215013	14903.6967154689	11067.1347514271	10923.3397465466	9769.73574768021
438	286654.327387129	312205.859097021	288763.858218531	249051.189913643	211119.872060372	193921.26479228	206781.803413924	221110.326296599	224394.036970353	218453.324910743	200107.788956131	173621.183202208	148409.798978712	122764.419732142	104760.213333845	67554.0655174678	47014.4335013358	29582.6160402221	16570.7257717196	11067.1347514271	10923.3397465466	9769.73574768021
440	294008.621364546	315499.064983142	290791.189492484	253168.258304843	213063.087534539	194120.694048378	205905.605226705	221548.065765054	225306.845337341	220054.85924254	202049.826967621	176768.848180729	151337.921361541	125905.395946718	105482.978243551	71688.337935127	49820.6203160317	31688.7646109934	18392.9344248959	11067.1347514271	10923.3397465466	9769.73574768021
442	290220.11560641	316695.510706307	294501.276850142	255111.624863931	215833.31829552	195614.829339221	206295.526462244	221510.319584653	225933.709669634	220821.665845862	203705.586198326	178069.275762165	153689.491217064	128640.313926769	105867.403574286	76446.714273794	52795.8066087065	34280.9844359158	20246.5505692453	11151.3279208075	10923.3397465466	9769.73574768021
444	286157.303667476	320224.959689222	294496.063458893	257228.053439065	216898.736396986	195907.436877185	205849.888699161	219861.539122658	225695.681452531	222125.569525277	205184.635632907	180028.657941983	155749.126261661	130897.411438237	105691.145845055	81592.7408970659	55253.089221762	36601.8396610545	21964.0540501361	12362.5640020848	10923.3397465466	9769.73574768021
446	288847.968432794	321044.50859679	296777.380290924	259668.241636565	217885.388288018	196302.632943967	204516.032561346	220024.148628592	224457.976998319	222033.638245054	206391.188308135	181830.264138573	158129.974144838	133592.433328824	106793.023004076	86797.8676939505	57925.7531632433	38961.8425535524	23981.1649996635	13585.2033448975	10923.3397465466	9769.73574768021
448	292085.167981173	319491.425493807	298985.697774172	260592.14573523	218481.707477457	196577.232893642	203960.25599595	218893.43341919	225131.200049202	221699.35314433	207002.713034124	182509.637543614	159603.017169719	135598.449893046	108177.342045357	91324.7175395219	60664.163699979	41281.0196207551	25975.6530479632	15041.8375126007	10923.3397465466	9769.73574768021
450	289928.82417545	320834.01067141	298652.967479656	261143.154037942	219097.339028945	196208.289666221	203907.968997891	217225.315296928	223627.775613574	222027.768053996	207184.946957995	184194.183720411	161084.168713506	137603.372534956	109534.715776166	94199.4732908158	63612.0712733121	43568.2122363897	27780.1334244412	16591.7367510755	10923.3397465466	9769.73574768021
452	287116.680868398	317921.272075968	300474.55779245	263096.654827747	220274.766335823	196329.65860112	202828.043377625	216115.972796618	222733.054973359	220914.561237416	207335.058002066	184981.495911112	161974.734500198	139729.648413242	112039.955816453	95724.8886072596	66975.0039478926	45887.6522069862	29700.3510413685	17967.7613939669	10260.212134861	9769.73574768021
454	289191.007069416	319676.367896234	300015.422248667	263623.498910442	220906.866710914	196372.952019647	201345.124524225	213605.04022794	220922.844521451	220305.401840999	207382.677701108	184864.344217539	163425.247537195	140629.187648318	113996.228789932	95971.9556030607	70311.6585669757	47868.065950902	31745.938079193	19453.3615208055	11190.5239441474	9769.73574768021
456	282768.729677804	317815.082099623	299379.80458583	263102.887821128	222146.686397393	195989.963647152	200461.906801245	213159.13493074	220015.430916522	218964.7391628	206886.217249846	185081.142350242	163903.65620241	142186.080019411	115697.31354701	95997.8536785723	74430.1596710134	50002.1769435814	33498.6657883792	21168.3996543518	12245.7324603362	9769.73574768021
458	284838.844891066	314025.450832746	300550.546504967	264058.278996175	222074.299220704	195313.292500962	199726.545714723	210895.948890445	217501.183757326	217573.037443145	206414.901042003	185752.002979407	164675.598078927	143632.913940699	117620.104470039	96323.0014428105	78514.4005872969	52042.5513537813	35611.6744927623	23021.4996506093	13582.3502487872	9769.73574768021
460	281058.505651266	314972.481826062	300238.429252039	264155.273607407	222572.105156049	194623.644303166	197060.794087024	208987.381249476	215425.61973609	215794.944872428	204737.789239938	184980.522326648	165230.418545727	144062.311592566	119171.120276211	96308.3999443124	82302.7578625687	53944.1658695243	37352.813003978	24345.3070813789	14722.5756342239	9769.73574768021
462	281058.505651266	315324.876291059	298549.618709668	263485.801181962	221681.728290307	194533.351854463	195339.393074357	206590.716556145	212391.327333779	213461.858415591	203494.199514523	184165.908718674	164947.259451369	144686.752565559	120307.563344777	97075.6886059468	85196.1015524621	55897.1435739436	39048.5108156074	26023.9218643213	16058.6648878947	9612.26146473798
464	281058.505651266	311627.24556265	295687.43133259	262524.11892446	221193.222702598	192468.080805558	193750.077536024	204645.093711488	209641.736198796	211178.238463273	201176.5644863	183126.842156989	164336.273072005	144783.395152378	121074.375329511	97927.5360455639	86586.7399074887	58006.1810509434	40670.7018091674	27708.3758657729	17422.4369422881	10663.6643019936
466	281058.505651266	310341.074987292	294592.888052188	261911.20335776	220148.209837674	192542.391523913	192167.707828563	201484.975647188	207444.739776911	208851.364974852	199894.252243522	181887.743165049	163760.331440247	145177.483704833	121900.435723378	99485.1310874319	86323.4464037118	60163.9528999816	41970.134924254	28897.0561043672	18797.0249568921	11798.6765892441
468	281058.505651266	307198.808287026	294123.157385242	260730.460541807	218952.278007527	190166.154288627	190995.780760038	199803.814499678	205580.806204121	206454.69314201	198263.080039388	181201.552175082	163282.376255451	145720.121117866	122355.479037894	100274.726070123	85804.432352962	63059.6372608467	43754.0011865959	30417.772050316	20180.8181973386	12979.830915845
470	281058.505651266	306586.654600543	292152.403698472	259257.878110758	217975.623556281	190300.058441865	189161.708686956	195883.440430351	201599.421782704	203794.630885052	195621.342904116	179541.900929729	162964.237690577	145294.116329569	122854.750964631	101438.786016013	85098.5709846761	65898.2397260372	45068.9757216638	31839.7345644166	21513.6749242312	14269.7811683254
472	281058.505651266	304683.866027184	289952.494581823	257782.439005885	216979.225226238	189704.677127149	187027.004880809	193892.023677825	199156.195554033	201554.971323005	194385.778074813	178501.955354691	162056.026277804	145185.373395369	122943.760057023	101946.318896173	84923.5709869834	69141.8659383871	46533.5252110059	33413.414644386	22976.6299021785	15369.3348770012
474	281058.505651266	299445.799675831	288706.349652332	256808.796787482	217079.872105622	187965.350770833	185673.571213579	191812.214975233	196218.220667961	198387.469896959	191909.628572947	176348.607926307	161115.68832823	144664.488466093	123440.137868376	102464.541006746	84742.401672806	71700.9766371488	47859.9873985388	34879.4887037423	24494.4110873743	16795.4970533815
476	281058.505651266	295295.056086222	284974.953255063	253573.520840097	214574.500549977	185985.439356478	182474.623659846	188996.621945949	193097.015825755	195055.515426528	188879.778218566	175071.712009666	159927.844610962	144149.027101233	123315.295291917	102810.394789307	85338.0775981976	72900.3384191965	49471.4186026252	36056.752516378	25643.6259304406	18001.2225272299
478	281058.505651266	291902.998337644	282211.914235174	252143.613823403	211771.979415558	184872.84847273	180583.315982696	185713.499019453	189988.345950989	192074.373198969	186129.767476245	172390.794900262	158161.179205238	143289.120750549	122807.167813657	102881.804687912	85595.4768457576	73787.4767009807	51138.2582461437	37692.6245784873	27118.3312267631	19258.61768139
480	281058.505651266	288176.650100501	280258.914906815	249521.001275286	211065.698447288	183454.897871484	178590.037159133	182326.376740145	187091.844344187	188998.91617358	183099.905780653	170663.434752629	156788.54524895	142591.904978262	122430.488228114	103179.525652483	86209.8610428586	73277.2474466755	52619.9275528062	38723.9166804157	28396.9182098462	20619.9994915231
482	281058.505651266	288176.650100501	273737.493157994	247420.948764597	209335.316632172	180884.984286272	175911.44020413	179393.905984568	183751.906671456	185482.976058503	179560.431426691	167737.885172861	154670.153549547	140911.3425469	121844.075834615	103199.807344458	86336.598773874	71976.991276241	54678.4073295865	39807.8913660032	29565.5695918721	21770.7111554484
484	281058.505651266	288176.650100501	270289.830359549	244634.892476792	206679.439502142	180636.503358061	173215.896640802	175757.021617539	180092.958176902	181657.961704598	176533.173572876	164815.666332268	152651.862702183	139346.025304836	120939.341068763	102825.952914403	86147.2811981268	70914.8137339823	56882.2416200738	40742.1296539579	30560.5756659723	22946.8699822821
486	281058.505651266	288176.650100501	267721.363310893	241029.393003987	204849.099925521	176734.646712011	170422.552143686	172720.186220268	176095.732226674	178146.444085035	173634.354452412	162750.972599709	150940.949952821	137478.165959592	119894.034616824	102484.577427884	86499.1541555539	70290.2463547025	58911.473558835	41635.4111615581	31603.3756104494	23944.7986820944
488	281058.505651266	288176.650100501	264089.618756665	238046.105623828	201833.07408547	174830.55554828	168049.423781375	170408.139541547	172558.22839528	175454.262124302	170760.801624237	160161.696671821	149091.694670157	136403.287533188	118901.035700483	102064.753887235	86155.4149207603	69731.1939821731	60700.243523937	42519.9267199016	32504.2557223729	24824.0965639103
490	281058.505651266	288176.650100501	257564.777123	235706.19625009	199960.278302394	172286.500573627	164942.894347798	167023.027287842	168784.822065854	171047.770197615	167209.653055423	157292.585000303	146559.158006646	134626.929484092	117984.420005535	101273.375320232	85989.6904838362	69597.9072233544	61428.6843297846	43425.9457642255	33499.6993726116	25753.4101111451
492	281058.505651266	288176.650100501	254925.096798712	232032.478282815	196693.807133575	170091.70183034	162667.684180657	164271.402842414	165772.22569884	167080.045678788	163992.323875721	154969.510901029	144541.368440445	133344.284509659	117118.058848716	100925.502973218	85931.5064752685	69624.0190584962	61381.1101232404	44644.1825207408	34309.8396513975	26633.2466673047
494	281058.505651266	288176.650100501	251048.928985598	228509.490274247	193598.381876137	168783.119941414	159793.143605584	160459.244961171	162246.58604948	163779.029728803	160919.289837099	151645.965804674	142404.261188094	131787.380714326	115926.893072038	100473.170491128	85514.3362894547	69989.3224680528	60819.201974758	46157.2570672568	34976.1926634504	27794.2616459243
496	281058.505651266	288176.650100501	247954.211677064	223295.833345218	191120.954662411	165670.006317396	157403.754468226	156877.478614096	158859.028432743	160047.662785358	157502.981441563	149004.5105191	139651.904581228	129938.652844647	114315.335396175	99229.2575371203	85074.8243275527	69833.7422130573	59255.5781555363	47489.8820942662	35492.9312925886	28473.5589257789
498	281058.505651266	288176.650100501	241674.147811065	221914.5004935	187061.643546589	162500.390112549	154420.367826643	154077.565051241	154476.078588146	156345.478453368	153722.471186418	146534.649423854	137301.340542478	127886.215882507	112652.071681624	98059.0377238043	84873.0919744417	69546.3185769233	58275.3057381738	49034.2169210001	35917.513419742	28757.0323589711
500	208036.960593575	288176.650100501	237881.284661136	216104.210651035	185803.929847061	160542.149920304	151617.840687425	150695.664778442	150874.989497344	152802.131323867	150254.355050686	142927.606925737	134333.507173037	125300.87756395	111592.735219967	97225.4030415359	83703.9570343557	69001.0125651864	57313.5005115574	50038.7463676904	36181.1334837379	29155.3438518802
502	205224.284999309	288176.650100501	237881.284661136	212463.672446951	182550.956989168	157612.698864952	148199.056722129	147669.60016715	147694.803636933	148766.409059005	146929.172392681	139814.545879098	132138.189309687	123452.054008899	109791.821255143	95834.8011410119	83036.8404765592	68920.694971712	56985.0996198188	50854.3641219905	36992.5120006985	29830.1747404301
504	197610.922574542	288176.650100501	237881.284661136	207631.765212427	178293.770840793	154236.689959783	144985.195495027	143790.209826804	144543.655886118	145989.431917615	143692.302248243	136708.350439965	130006.331378408	121215.454948445	108536.951414509	94596.3075249297	82469.4457294835	68315.0010200302	56863.7284863765	51526.0894180165	37490.7863417463	30240.4235508904
506	194926.381701681	288176.650100501	237881.284661136	205780.480189252	175884.338824278	152334.474609319	143031.148193119	141202.458481875	141274.150588061	141977.377420529	140030.762780531	133501.6319706	127028.963233334	118950.735741881	106637.239659447	93784.9869912798	81729.8878201968	67894.2420871405	56122.0731517214	51179.2278914676	38024.7711574979	30426.8861127173
508	190742.710741357	288176.650100501	237881.284661136	201676.330632106	170688.439888344	148931.869809657	139344.088682943	137820.484817696	138079.161306595	138304.088898805	136898.816441183	131156.246620865	124710.389044607	116880.590081911	104568.097619037	92422.3686050479	80222.8344982193	67413.2171016728	55845.0181732589	50403.1462849196	38935.2869119268	30770.2379266913
510	188076.33802638	288176.650100501	237881.284661136	196490.176578473	168703.628947415	145983.75653614	137167.098410108	134615.649333473	133890.652259275	134718.158350617	133276.811107672	127797.448459843	122245.8886296	114536.239132156	103113.447125143	91090.1469727658	79448.7039218397	66601.7844300293	55918.1183877451	49068.8328961646	39656.8079119747	30898.4102624879
512	184466.791701373	288176.650100501	237881.284661136	192768.909588282	165585.995766971	144139.230814944	133805.648922876	131482.053298599	131110.587957397	131469.760893207	130377.613103267	124883.37032353	119453.302312319	112076.816974067	101100.785304235	89413.6798670598	78456.8148651972	66157.9652558563	55603.0786155553	48061.8980948649	40887.9808296862	31386.3805665279
514	185138.502135396	288176.650100501	237881.284661136	187834.825993781	162399.497944561	140775.40249517	131469.005940731	128615.738791107	127877.668249908	128218.502757033	127034.000777874	122385.579977723	117106.314855325	110273.133114921	99402.318163192	88289.3864431696	77542.7825280562	65462.2043798387	54779.0229102837	47083.8850054053	41980.3745365141	31318.9681527347
516	185996.012483363	288176.650100501	237881.284661136	185429.691162314	158709.720186055	137893.950519477	128427.427797316	126055.853188704	124102.986434646	125476.617108827	123493.802580922	119511.462490499	114479.968232125	108000.501525052	97478.8443148614	86625.748616656	76245.2566118176	64725.7806157842	54410.0035813785	46043.0528168927	42173.1942668954	31813.1721174627
518	187229.015352481	288176.650100501	237881.284661136	181521.745249569	155619.248910523	135797.390224684	126170.467725051	122500.690102298	120710.580011246	121456.904092095	121119.345997954	116328.682545372	111795.21095674	105527.124377805	95440.5833956877	85121.6845788202	75059.8786409151	63908.0645508324	54273.4479396866	45547.4880920143	42329.162542273	31927.7076562588
520	186372.36594867	198107.354806383	237881.284661136	177613.415502626	152495.830423407	131432.311086211	123811.671561142	118938.551234824	117988.375625624	118429.959437517	117503.220788444	113658.192682013	109005.832808372	103253.360953975	93899.7974176997	83291.2612850305	73821.4846729112	62766.3313122582	53301.5241777734	45218.7046486822	41715.8161756187	32362.5029540902
522	192507.660036305	191054.394806239	237881.284661136	177613.415502626	149106.967250491	129032.056749864	120414.870285703	116402.298159522	115038.332178943	115496.989645619	114661.193953828	111099.69767978	106825.184210527	101070.833536271	91595.7986740261	81640.4074526278	72503.2139312117	62052.1153870962	52737.422401444	44691.2374286691	40863.0997686633	32801.1315390654
524	193058.749775884	185661.484372521	237881.284661136	177613.415502626	146891.122368818	126577.268639512	117550.067599645	114134.459142656	111883.13361483	112007.735394042	111235.696778077	108053.563757854	103989.313048777	99028.5476037325	89723.0086314629	80358.7077196968	71189.8324471076	61280.4351620453	52278.8592857957	44635.3016738394	39716.2101954891	33202.310259264
526	187333.505570154	181492.120945606	237881.284661136	177613.415502626	142974.168288198	124187.839991781	114723.304459243	111211.473400927	108826.077250615	109049.548492329	109023.140349632	105226.267004018	101282.848149785	96425.4426407998	87943.6643025011	78664.4951378881	69684.134890584	60137.0808430846	51571.4265549016	43845.3850359208	38629.2128861606	33900.5631863758
528	184458.708314456	176099.474443083	237881.284661136	177613.415502626	139344.486020987	121292.304460198	112791.071228492	108224.450545703	105888.406613197	106262.285514724	105662.054227372	102452.987635528	99306.6030119893	94297.1338524198	86103.7521220865	77068.5285624275	68264.7858861324	59033.5483431104	50461.7241359329	43320.3067383581	37619.7784666608	34145.1267746374
530	173942.471785492	174695.599301321	237881.284661136	177613.415502626	136934.129765119	118467.432847675	108914.469818862	104847.235326465	103401.441254784	102863.213391478	102535.19407115	99952.8693361759	96360.1505892573	92228.6609139936	83725.1278973653	75301.2040396008	67140.1578342003	58140.5367839203	49866.0886658206	42833.1597528673	36634.0833959844	34542.2652634246
532	163079.718615676	167971.620195579	237881.284661136	177613.415502626	133201.745755686	115665.944701912	107123.040627976	102622.951590291	100903.518401457	100396.674995002	99849.4949346811	97211.2150665102	93853.131203121	89949.7330200266	82004.8245960356	73743.0541415443	65711.223381301	56966.0843976104	49070.8754448055	41975.3854722822	36150.5288522327	34531.2409452489
534	155166.705386735	165751.195316283	237881.284661136	177613.415502626	129357.926142567	113196.209391512	103707.87475038	100187.997870302	97879.3614039007	97585.0221891594	97423.4270630437	94511.2172823892	91626.697020634	87324.3372870754	80087.1520589148	71878.0650688848	64602.438133267	56083.1863212776	48220.3001578672	41357.8799318336	35496.6330244154	33696.0552905549
536	139904.602510591	170772.468059829	237881.284661136	177613.415502626	126886.131950795	110452.096168156	101551.964301376	97828.0084600235	94598.1309094659	95206.1541089747	94578.692497728	91735.7004273183	89004.7460493666	85131.8409364462	78211.1022485965	70263.442539994	62864.7010911663	54853.7070833606	47555.5458243145	40896.6475397801	34921.8559188585	33013.250891262
538	132812.392373273	170294.408491797	237881.284661136	177613.415502626	122884.071767599	107642.068229752	99002.3844781391	94434.1556541341	91914.9145361958	91719.1957539013	91169.5326651964	89357.2488274212	86624.5556079256	83172.1517674247	75876.6501337885	68518.1054528584	61477.2321197488	53949.410336561	46563.8559126836	40215.2283596035	34621.9332516667	31605.8650939902
540	127702.019188501	177581.267674961	151046.439601165	177613.415502626	120594.808253205	104865.25029251	96530.5787627003	92050.9678273693	89528.9829888177	89736.6862540381	88869.9973285501	86775.8902965134	84285.0423110737	80809.439772823	73774.3485485827	67312.8332034279	60181.2738796287	52787.6425504885	45901.5783453898	39519.3817475946	33870.4820178181	30599.79530935
542	120925.544015814	180166.37630747	147162.050024326	177613.415502626	120594.808253205	101219.68549978	93767.0953116244	89032.0179066519	86931.1792834465	86613.1349238334	86329.0416188075	84606.4416798699	82020.7850913854	78727.4682539639	72318.3157237047	65372.2885940949	59090.1816715043	51531.34694932	45191.5539649083	38776.2375062193	33453.3883653001	29622.8129408861
544	116846.403235539	187247.211926519	142583.897007024	177613.415502626	120594.808253205	99409.7622169177	91929.9544310836	86677.2316437175	84625.8814751748	84341.5657034189	83987.6642452729	81757.3280949552	79460.1937022301	76362.1848531457	70164.4731854892	63673.2518734943	57394.6645961298	50251.9761071808	43885.6871526469	38232.4842656019	33013.3614840937	28888.8692357546
546	114988.400901433	191757.651637609	139234.64164503	177613.415502626	120594.808253205	97426.6770258626	88809.6952035604	84326.6144913982	81771.4289596126	81635.5802903245	81097.8861628693	79516.4214728355	77321.4614245942	74452.9598740946	68635.0700103075	62295.8237096047	56282.4844097918	49425.6953574176	43092.8997834758	37475.1912183989	32321.7963357656	27992.5155778871
548	111630.034551494	189869.829702042	134966.896562531	177613.415502626	120594.808253205	93960.0324924771	86098.951524926	81874.6352032137	79544.5746532584	78861.2942038014	78632.9542932202	77026.9309562566	74933.251429189	72433.8971389546	66405.469465187	60481.8977481772	54444.5287851654	48198.6775784067	41920.4349380759	36452.4858279817	31602.1020849768	27551.1207661557
550	106936.12056515	186263.265814758	130739.36947948	177613.415502626	120594.808253205	92048.841518034	83444.4666831165	79530.3524862417	77744.0376678921	76535.9797872384	76059.6750122404	74625.5587963975	72840.3316127819	70113.5116807719	64588.026967937	58732.813727577	53064.5613945647	46834.1029906792	41111.9498514991	35878.9200107976	31138.5861331847	27055.3882196868
552	107192.61493688	178041.27602032	127224.349225655	177613.415502626	120594.808253205	89543.3517736417	81692.8242787948	77145.0423451017	75194.4959051232	74150.8243161477	73945.0111369123	72462.4185606347	70574.0485604377	68625.2913039523	62988.9802008356	57144.1953348774	52075.9115480835	45678.9793012173	40134.6481069632	35067.1752201221	30680.4614422746	26481.2423922534
554	102078.280641888	163664.90673211	125380.544193527	177613.415502626	120594.808253205	86640.684646911	79210.0732622511	75283.4729979543	72485.0751331395	72116.6594245658	72165.5950804458	70057.4937583703	68384.6296075783	66321.4592381963	61298.9437021654	55298.4117214119	50458.5636193341	44359.2628211813	39336.8308392015	34367.1835888029	29770.9158179061	26050.0879948692
556	98667.5077852908	150306.26080165	121691.641497946	177613.415502626	120594.808253205	84668.7942684513	76786.8900031759	73389.9786642776	70685.5972964696	69716.8792068265	69622.0839411571	68279.881772756	66582.2431278208	64515.010581422	59671.9572589211	54127.6879776626	49060.0023161319	43446.6252626025	38459.1325699013	33378.1661897645	29167.7962037401	25430.3914104383
558	94274.2036846772	134877.478016253	124800.174779036	177613.415502626	120594.808253205	82548.036971343	74944.0830748575	71243.2073664166	68324.8975875223	67171.4613537514	67397.1423497018	65763.1041297726	64523.7532846934	62220.5917724478	57837.9361491766	52961.0371298284	47867.526362737	42491.6234482284	37294.7426831656	32914.1280487506	28501.4798370206	24890.5688220331
560	92416.0283177176	123922.954893199	126103.302385352	108307.477397954	120594.808253205	80138.0661512242	73354.8504486974	69072.9374528602	65929.9106302882	65555.9126564579	65109.0075535708	64031.7861383952	62308.969231913	60583.8119242337	55724.8967693867	51145.2790974032	46442.4981140783	41528.0410995983	36438.483183131	32137.0239560935	27811.7499429383	24625.0810954951
562	90658.3387262462	115234.571701482	133298.697881434	105762.236398995	120594.808253205	80138.0661512242	70597.7208547146	67064.7730221919	64621.7659297334	63425.8782309428	63835.9342114451	61796.9837165496	60494.5802107929	58773.2589678412	54320.2614011489	49413.1258617844	45183.0359259184	40197.1497514073	35568.6824394434	30941.4955555011	27306.8049774203	23932.8116421634
564	88562.0475227477	106994.274939673	142625.962422774	102907.17288686	120594.808253205	80138.0661512242	68843.4785205545	64707.1573860103	62160.2094170496	61632.2284579776	61130.653434275	59695.3233023	58650.1610461668	57080.5921508485	52865.1572162267	48020.7737134265	43681.781461056	39172.4745818762	34737.9191831007	30567.0792865063	26776.5425217267	23576.119832387
566	89602.4197970717	105832.018543248	149969.309522772	100041.653755836	120594.808253205	80138.0661512242	66848.9928044931	63162.8910656689	60401.5629175908	59674.3396590104	59321.3446166815	58214.3780971603	57302.9244445621	55137.0682518996	50832.2972631281	46722.7844663655	42650.6061899757	38023.5000622673	33785.8943550582	29792.0741788543	26151.3220917695	22904.3355546851
568	81871.0640743999	100399.469129068	155738.838085697	97362.8808088792	120594.808253205	80138.0661512242	64641.5452672227	60660.7383058746	58355.1569132947	57416.1491237001	57428.2824330584	55724.961408407	54800.8042919196	53239.8059285534	49120.4079273754	45230.8621155293	41113.9496106008	36881.8750739392	32516.4172436071	28787.673916661	25483.6560228665	22175.3944947438
570	80134.3082514891	96855.0571155091	161329.173134851	96350.2982980438	120594.808253205	80138.0661512242	63195.9798483114	59231.3485093051	56746.4334196046	55839.4083542743	55715.0919578463	54161.2193486127	53083.8137988329	51690.3271177848	47762.9394583209	43814.54605478	39942.9935954485	35855.0016822784	31894.4381963774	28382.4961630747	24857.4403566229	21737.2683356749
572	75239.3926632981	93732.4279126577	162596.213219107	95830.6732319745	120594.808253205	80138.0661512242	61093.9971432807	56888.1330181303	54888.2394929288	53794.1007049937	53456.4250831757	52278.3514371911	51379.892345468	49966.2602638633	46332.7292029557	42553.7446064054	38618.6524094641	34836.3035736357	31106.0294590864	27361.3608439604	24009.9678392608	21321.1742859905
574	76723.4586031685	90925.0866990153	156775.503899679	93535.2672494601	120594.808253205	80138.0661512242	58789.4473497243	55600.8778381111	52995.4619311558	52579.1750888597	51640.0561083152	50542.3011642516	49983.4641205492	48487.013477742	44669.9941551055	41019.108251685	37582.039996023	33930.8286533081	30262.8732555987	26710.8993548881	23501.6852389314	20822.6696541259
576	70915.7687982985	87885.4311297264	148016.018424149	92222.4037485258	120594.808253205	80138.0661512242	57782.5189643285	53285.357897748	51123.4243568394	50399.7898926724	50045.8350239966	48889.9552511008	48050.9137486646	46874.4180082564	43294.7278169464	39884.6787543885	36331.57635862	32871.5210421731	29418.0789757279	26196.6482804912	22919.27318135	20181.2740786521
578	70981.3311406413	85766.5120532205	135193.698053764	92314.3594052974	120594.808253205	80138.0661512242	55523.0935318042	51880.2555776834	49477.8413105457	49006.4688907897	48422.5278949082	47591.2165703398	46438.8920648442	45473.5921478492	41814.0286838794	38727.550371308	35540.4008690741	31890.7018889953	28452.7720406545	25454.6336139537	22309.7592038725	19987.2235642443
580	69444.4894311344	83618.7213705358	123915.447159473	92956.5570342803	79201.3910001898	80138.0661512242	53841.135786183	50376.2077667447	48088.6261639905	47122.6455347144	46933.4828323289	45640.983698946	45308.7290656232	43359.0626006397	41060.7207616314	37067.5549450146	34278.2519300229	30815.2050848602	27686.5627278138	24483.686812814	21830.0083802589	18963.2779100015
582	69535.294090224	80527.5625760398	111745.259452887	95529.7923539581	79112.3481193063	80138.0661512242	53841.135786183	48902.3393931837	46093.2706491852	45646.0366085928	45033.8909032231	43904.8642767752	43455.8073717172	41978.5519010639	39573.0767595667	36196.5680707794	33194.6010860778	29852.4436871261	26874.0504796598	23921.1256465401	21007.4394240819	18746.8911236431
584	65878.7108002306	79478.1861326514	99546.2280471314	101620.752093892	79246.2844875468	80138.0661512242	53841.135786183	47697.4784566463	44772.367930682	44561.4343818947	43763.5299835414	43084.0949035791	41887.0250184591	40792.0192321167	38042.2203572427	35099.345714208	32279.5282509042	29395.9609470546	25909.7605884648	23092.2111264626	20597.3746695055	18269.8746316105
586	68689.2280973199	77046.9815989267	90336.4327349989	109263.326539001	78640.1562543051	80138.0661512242	53841.135786183	46122.7349024197	43329.5761236391	42735.7967800209	42342.4993853471	41391.3369543162	40703.5222763873	39477.8039147617	36893.2478732963	34022.7179473279	31318.9607686447	28292.8375692203	25116.5776105201	22756.0168455727	19889.9807269482	17793.8207662969
588	62873.2782595058	74514.9248576151	86784.4147390891	119434.040713989	77567.2970194681	80138.0661512242	53841.135786183	44176.1667877238	41694.5571788003	41639.7986952656	41240.3584993988	40257.2006299514	39209.075530437	38422.6293490344	35598.3495108845	32746.7908549516	30124.7553560273	27169.0530870368	24582.6473091101	21750.7921950445	19453.8909240061	17404.6601121683
590	64249.2478422133	73984.1197483592	81824.1259826795	129755.062025212	77298.2240507232	80138.0661512242	53841.135786183	43226.0284465537	40899.9771931421	39973.4074275444	39535.5164615912	38858.2255886445	38100.85246097	36642.24808349	34233.0135278624	31567.3616717063	29312.1491617613	26353.5243428146	23871.4194317081	21237.0805813343	19053.0588100527	16826.9431574502
592	64060.8029500855	72785.3097901369	80896.4136116787	140158.835637962	76213.758522019	80138.0661512242	53841.135786183	41883.0205560851	39293.0248989134	38695.2500068693	37732.8628228682	37092.1631713015	36416.1908507074	35704.2208331489	33267.091392862	30265.7274080022	28202.2718044505	25676.1623970978	23010.9618267127	20487.8364730515	18376.5265832008	16281.7610035222
594	60005.0042977376	71113.8056145493	76637.399474693	148200.259575431	76678.7037956937	80138.0661512242	53841.135786183	40099.2309497917	38258.2127991465	36803.7134713306	36886.8248215984	35756.5107622107	35600.7544872352	34734.5256645853	32562.8149736023	29699.2166873522	27383.1289311025	24510.5809307081	22227.0367314202	20094.6982437954	17838.1202414849	15817.8081461991
596	60911.4185741572	68389.6792540285	75820.4691767069	150490.750763429	76063.1779134089	80138.0661512242	53841.135786183	39371.9325295554	37123.6949229774	36311.5851280306	35675.5381120399	34863.5705231969	34233.4590814238	33346.9173626484	30826.5264469807	28868.3383718911	26551.1885020983	24110.6813481562	21597.1889550056	19298.7589747919	17297.7827457338	15336.0415126087
598	57675.0813647657	67915.6328616721	75203.9327190807	149420.607185891	75715.1609699012	80138.0661512242	53841.135786183	37859.7727221975	35607.2096237903	34735.539465125	34679.57860049	33569.3966029644	32745.1256967466	31944.1827111705	29832.0418738944	27677.8460973346	25548.9873153352	23412.7029129501	21129.5837055285	18684.4638814861	16858.4799296803	14878.1354518437
600	58772.8295332378	64858.0913022381	74662.1263336298	144130.709556718	76526.7673500105	51665.4739658508	53841.135786183	36837.7237562031	34342.5452264715	33650.8658268316	32931.1807344809	32340.0620168939	31521.4268439038	30714.2373150028	28739.8663442111	26585.6835705216	24394.8962290365	22284.4704758704	20206.0066520416	18138.2362056882	16127.5239391625	14536.3227108742
