Wavelength	240	250	260	270	280	290	300	310	320	330	340	350	360	370	380	390	400	410	420	430	440	450
nm	CPS / MicroAmps	CPS / MicroAmps	CPS / MicroAmps	CPS / MicroAmps	CPS / MicroAmps	CPS / MicroAmps	CPS / MicroAmps	CPS / MicroAmps	CPS / MicroAmps	CPS / MicroAmps	CPS / MicroAmps	CPS / MicroAmps	CPS / MicroAmps	CPS / MicroAmps	CPS / MicroAmps	CPS / MicroAmps	CPS / MicroAmps	CPS / MicroAmps	CPS / MicroAmps	CPS / MicroAmps	CPS / MicroAmps	CPS / MicroAmps
300	21357.9766720709	17541.2411515218	29485.0071725873	155081.438345768	58136.3287834407	20449.4951028867	693243.111006201	8117.17623565175	8370.03731392678	9394.53499467078	9919.8949490295	10431.899083542	10006.384979927	10183.8046922613	11107.4028272486	11496.9369720426	11784.1869099189	11560.2720812275	10263.6410686031	10020.5713969638	9869.65085780205	8781.97242845682
302	25792.2947493588	22360.9169490038	30682.1643061351	120970.105398319	73612.3330984888	19969.6689786831	11674.8135208271	8117.17623565175	8370.03731392678	9394.53499467078	9919.8949490295	10431.899083542	10006.384979927	10183.8046922613	11107.4028272486	11496.9369720426	11784.1869099189	11560.2720812275	10263.6410686031	10020.5713969638	9869.65085780205	8781.97242845682
304	26190.8557954686	21717.5605615476	32177.1498418266	85969.7223049174	103428.566653258	20889.1544326087	11674.8135208271	8117.17623565175	8370.03731392678	9394.53499467078	9919.8949490295	10431.899083542	10006.384979927	10183.8046922613	11107.4028272486	11496.9369720426	11784.1869099189	11560.2720812275	10263.6410686031	10020.5713969638	9869.65085780205	8781.97242845682
306	23722.679573163	24807.5598741916	34765.7076605076	67277.597385907	135128.147778572	22737.2033521467	11674.8135208271	8117.17623565175	8370.03731392678	9394.53499467078	9919.8949490295	10431.899083542	10006.384979927	10183.8046922613	11107.4028272486	11496.9369720426	11784.1869099189	11560.2720812275	10263.6410686031	10020.5713969638	9869.65085780205	8781.97242845682
308	26538.2284285206	26040.3659445546	34704.4011691841	59467.9337148378	161140.26573071	23910.6702713701	11674.8135208271	8117.17623565175	8370.03731392678	9394.53499467078	9919.8949490295	10431.899083542	10006.384979927	10183.8046922613	11107.4028272486	11496.9369720426	11784.1869099189	11560.2720812275	10263.6410686031	10020.5713969638	9869.65085780205	8781.97242845682
310	28633.9635664056	27601.8515913951	36233.5994858785	56677.0636343771	161119.9510713	25892.9506641609	11674.8135208271	8117.17623565175	8370.03731392678	9394.53499467078	9919.8949490295	10431.899083542	10006.384979927	10183.8046922613	11107.4028272486	11496.9369720426	11784.1869099189	11560.2720812275	10263.6410686031	10020.5713969638	9869.65085780205	8781.97242845682
312	28216.849902054	28972.4587915387	39476.287717753	55804.8076921918	140814.171690262	32625.0813029828	9677.09932975602	8117.17623565175	8370.03731392678	9394.53499467078	9919.8949490295	10431.899083542	10006.384979927	10183.8046922613	11107.4028272486	11496.9369720426	11784.1869099189	11560.2720812275	10263.6410686031	10020.5713969638	9869.65085780205	8781.97242845682
314	28695.7752898738	29605.4673540808	38423.0943561474	54963.7557820397	110520.625018345	45168.6196683536	10200.2377164082	8117.17623565175	8370.03731392678	9394.53499467078	9919.8949490295	10431.899083542	10006.384979927	10183.8046922613	11107.4028272486	11496.9369720426	11784.1869099189	11560.2720812275	10263.6410686031	10020.5713969638	9869.65085780205	8781.97242845682
316	27607.2852753793	31343.8571989421	40487.7657920715	54331.5155100071	83549.7393819969	66878.154646811	10805.6870983029	8117.17623565175	8370.03731392678	9394.53499467078	9919.8949490295	10431.899083542	10006.384979927	10183.8046922613	11107.4028272486	11496.9369720426	11784.1869099189	11560.2720812275	10263.6410686031	10020.5713969638	9869.65085780205	8781.97242845682
318	29083.8293549521	33934.7988420523	42220.048659679	54312.6976181437	67926.7332346649	92857.7301429078	11247.8716985907	8117.17623565175	8370.03731392678	9394.53499467078	9919.8949490295	10431.899083542	10006.384979927	10183.8046922613	11107.4028272486	11496.9369720426	11784.1869099189	11560.2720812275	10263.6410686031	10020.5713969638	9869.65085780205	8781.97242845682
320	31286.6447255263	34901.9281307654	42755.1441711925	54291.7056793328	59544.0873899823	111822.101171042	12357.4684691453	8117.17623565175	8370.03731392678	9394.53499467078	9919.8949490295	10431.899083542	10006.384979927	10183.8046922613	11107.4028272486	11496.9369720426	11784.1869099189	11560.2720812275	10263.6410686031	10020.5713969638	9869.65085780205	8781.97242845682
322	31096.4007572705	36042.7402289399	43930.1482918892	53978.8307181212	57518.5459938876	114599.611086973	14154.9590568254	6927.52535116917	8370.03731392678	9394.53499467078	9919.8949490295	10431.899083542	10006.384979927	10183.8046922613	11107.4028272486	11496.9369720426	11784.1869099189	11560.2720812275	10263.6410686031	10020.5713969638	9869.65085780205	8781.97242845682
324	34837.9662329286	37618.5215115125	45777.2955104076	55001.3088673875	56714.5386424967	102317.364210226	19271.3044614906	7287.71661529345	8370.03731392678	9394.53499467078	9919.8949490295	10431.899083542	10006.384979927	10183.8046922613	11107.4028272486	11496.9369720426	11784.1869099189	11560.2720812275	10263.6410686031	10020.5713969638	9869.65085780205	8781.97242845682
326	33531.5742802399	41779.9412826487	45958.7050697432	53815.0837706287	56520.332738348	80239.2244833565	29243.5331387481	7878.94415677256	8370.03731392678	9394.53499467078	9919.8949490295	10431.899083542	10006.384979927	10183.8046922613	11107.4028272486	11496.9369720426	11784.1869099189	11560.2720812275	10263.6410686031	10020.5713969638	9869.65085780205	8781.97242845682
328	36552.9199369825	39289.8605827101	46612.2747986587	54266.4853085391	56602.7630828912	59959.6453794229	45640.4691001649	8607.94428763409	8370.03731392678	9394.53499467078	9919.8949490295	10431.899083542	10006.384979927	10183.8046922613	11107.4028272486	11496.9369720426	11784.1869099189	11560.2720812275	10263.6410686031	10020.5713969638	9869.65085780205	8781.97242845682
330	36663.2935855249	41953.2072746682	47616.1687014817	52665.011079801	54698.4182012485	47257.8281021727	65782.9304744508	9211.73246875068	8370.03731392678	9394.53499467078	9919.8949490295	10431.899083542	10006.384979927	10183.8046922613	11107.4028272486	11496.9369720426	11784.1869099189	11560.2720812275	10263.6410686031	10020.5713969638	9869.65085780205	8781.97242845682
332	38679.5869176085	42124.7987772725	47395.3127928124	53603.4398148216	55286.6142403699	41843.1904999827	82258.1716543224	10357.2895922641	6517.18475646704	9394.53499467078	9919.8949490295	10431.899083542	10006.384979927	10183.8046922613	11107.4028272486	11496.9369720426	11784.1869099189	11560.2720812275	10263.6410686031	10020.5713969638	9869.65085780205	8781.97242845682
334	38391.9336586709	42879.3288908879	50464.3171868536	52138.2999803882	54016.9386175966	41097.2442903646	86027.55327576	11936.6889782057	6820.49584809444	9394.53499467078	9919.8949490295	10431.899083542	10006.384979927	10183.8046922613	11107.4028272486	11496.9369720426	11784.1869099189	11560.2720812275	10263.6410686031	10020.5713969638	9869.65085780205	8781.97242845682
336	38365.7499890879	42972.1694876559	49160.7133294074	53625.3647359957	53611.7261747727	40909.5651608719	77230.0115192666	15599.7217778239	7505.39580277548	9394.53499467078	9919.8949490295	10431.899083542	10006.384979927	10183.8046922613	11107.4028272486	11496.9369720426	11784.1869099189	11560.2720812275	10263.6410686031	10020.5713969638	9869.65085780205	8781.97242845682
338	37958.0368173769	44652.7280597467	50267.5332590621	52204.8172400386	53560.8332461199	41426.1585152945	61340.4405571403	23167.878172695	8292.47693494685	9394.53499467078	9919.8949490295	10431.899083542	10006.384979927	10183.8046922613	11107.4028272486	11496.9369720426	11784.1869099189	11560.2720812275	10263.6410686031	10020.5713969638	9869.65085780205	8781.97242845682
340	37328.4469081419	45663.3598944342	50542.4747446822	52435.4956597191	52965.4601072305	41412.288542317	45590.1278074539	36053.5718061268	9411.4216123889	9394.53499467078	9919.8949490295	10431.899083542	10006.384979927	10183.8046922613	11107.4028272486	11496.9369720426	11784.1869099189	11560.2720812275	10263.6410686031	10020.5713969638	9869.65085780205	8781.97242845682
342	39417.2124085536	45343.5545092206	50679.3016497054	52859.3067972937	52967.9907199403	42899.8547423232	35431.652869128	52774.4105138816	10397.3268049046	7182.64209800826	9919.8949490295	10431.899083542	10006.384979927	10183.8046922613	11107.4028272486	11496.9369720426	11784.1869099189	11560.2720812275	10263.6410686031	10020.5713969638	9869.65085780205	8781.97242845682
344	43007.0224625871	47144.4272977441	51654.4973766844	53321.8122800762	52768.5740028975	43721.7168893562	31580.5689721512	66689.2454881357	12087.4742748998	7822.23843131143	9919.8949490295	10431.899083542	10006.384979927	10183.8046922613	11107.4028272486	11496.9369720426	11784.1869099189	11560.2720812275	10263.6410686031	10020.5713969638	9869.65085780205	8781.97242845682
346	42893.5916728931	47420.0647972759	52975.8003613045	53088.1810039262	52547.9019931551	44799.6372600438	31586.7917606058	73213.3652401387	14145.5751188232	9028.68378866375	9919.8949490295	10431.899083542	10006.384979927	10183.8046922613	11107.4028272486	11496.9369720426	11784.1869099189	11560.2720812275	10263.6410686031	10020.5713969638	9869.65085780205	8781.97242845682
348	43398.2810557995	47943.8071063267	53399.7983015312	52366.7085021198	52350.9180232263	44878.4405367688	32602.3553714268	68703.9710251675	17301.2166763095	10664.0844362345	9919.8949490295	10431.899083542	10006.384979927	10183.8046922613	11107.4028272486	11496.9369720426	11784.1869099189	11560.2720812275	10263.6410686031	10020.5713969638	9869.65085780205	8781.97242845682
350	46683.2843124613	50307.5703067531	53573.8910218068	53186.1607463306	52789.1941023651	45572.0360729806	33778.3249424547	57556.0960150857	23250.9285258001	12277.4775441474	9919.8949490295	10431.899083542	10006.384979927	10183.8046922613	11107.4028272486	11496.9369720426	11784.1869099189	11560.2720812275	10263.6410686031	10020.5713969638	9869.65085780205	8781.97242845682
352	47564.9339393499	52330.9756166558	53684.7204455484	54616.4126414622	52457.1406872091	46475.4771063676	35743.7475283292	46059.8616950315	33422.5084159238	14259.2158075255	9198.37511143829	10431.899083542	10006.384979927	10183.8046922613	11107.4028272486	11496.9369720426	11784.1869099189	11560.2720812275	10263.6410686031	10020.5713969638	9869.65085780205	8781.97242845682
354	46845.8200143194	53034.4149488946	57378.737722743	54819.7921600854	52685.0295720282	47516.8669635521	37442.1154471669	38208.1726216398	46408.2882515048	16140.3697225208	10480.7461421118	10431.899083542	10006.384979927	10183.8046922613	11107.4028272486	11496.9369720426	11784.1869099189	11560.2720812275	10263.6410686031	10020.5713969638	9869.65085780205	8781.97242845682
356	49916.4160688468	54529.2746640819	57398.9325936264	54751.2313505585	53140.391532401	48611.7213783393	39813.1552399934	35384.5446238601	59672.4572890723	18415.9969664104	12069.3430598196	10431.899083542	10006.384979927	10183.8046922613	11107.4028272486	11496.9369720426	11784.1869099189	11560.2720812275	10263.6410686031	10020.5713969638	9869.65085780205	8781.97242845682
358	50058.1857959511	58375.8459126682	59179.3298971964	56652.8105248892	54411.7079497716	50361.5417282986	41682.7926228134	35975.2562735563	68965.0995848135	21039.6176388507	14195.703374888	10431.899083542	10006.384979927	10183.8046922613	11107.4028272486	11496.9369720426	11784.1869099189	11560.2720812275	10263.6410686031	10020.5713969638	9869.65085780205	8781.97242845682
360	56110.6939188956	60458.6123541627	61182.5202801742	57753.1204696466	55044.9261650541	51766.1924356509	44243.9096813452	37884.4596927833	70298.8319293741	24285.3419048174	16189.0463069795	10431.899083542	10006.384979927	10183.8046922613	11107.4028272486	11496.9369720426	11784.1869099189	11560.2720812275	10263.6410686031	10020.5713969638	9869.65085780205	8781.97242845682
362	58963.9443051285	64573.0095910001	63746.3600423305	59276.8816201433	56222.6046904071	53505.7592541348	47022.9024614557	40751.0636363514	64738.8242615841	29553.0547006564	18612.4612998436	10381.3626918988	10006.384979927	10183.8046922613	11107.4028272486	11496.9369720426	11784.1869099189	11560.2720812275	10263.6410686031	10020.5713969638	9869.65085780205	8781.97242845682
364	61508.5581387892	66122.4281655132	65261.7234811788	60578.819874044	58126.1836832855	55062.9191951291	49920.7293887276	44231.055962212	56812.8182193116	37087.7591644106	20940.7298941541	11835.3535183419	10006.384979927	10183.8046922613	11107.4028272486	11496.9369720426	11784.1869099189	11560.2720812275	10263.6410686031	10020.5713969638	9869.65085780205	8781.97242845682
366	61799.3565697114	69436.3397882384	70067.03507173	62956.9113050473	59143.7580640984	57232.3635923213	52754.5057300134	47183.1347867628	50724.4980304492	47674.4192011073	23461.5522602438	13689.6421592143	10006.384979927	10183.8046922613	11107.4028272486	11496.9369720426	11784.1869099189	11560.2720812275	10263.6410686031	10020.5713969638	9869.65085780205	8781.97242845682
368	68059.9370127142	75131.5191858155	71306.7316244869	66293.2496617413	61796.0204012985	60071.9879061491	56115.6935889305	51543.7357402295	48698.0306426728	60166.8804634827	26584.6960883629	15577.2701821426	10006.384979927	10183.8046922613	11107.4028272486	11496.9369720426	11784.1869099189	11560.2720812275	10263.6410686031	10020.5713969638	9869.65085780205	8781.97242845682
370	73243.4893461258	78587.8191434118	74673.6035766792	68348.5749061275	63309.0427968424	62384.1922304772	59959.8019131777	55385.5227340429	49749.3699576122	70914.9819913559	29877.3827315395	17901.4508293033	10006.384979927	10183.8046922613	11107.4028272486	11496.9369720426	11784.1869099189	11560.2720812275	10263.6410686031	10020.5713969638	9869.65085780205	8781.97242845682
372	76393.1146088623	84097.562227526	78582.6437639189	71259.1490652543	66648.654113557	65499.6439354513	63780.022840436	59929.9464810737	53075.4828081748	77072.1461251658	33627.1008617346	20658.3656414934	10423.0722847505	10183.8046922613	11107.4028272486	11496.9369720426	11784.1869099189	11560.2720812275	10263.6410686031	10020.5713969638	9869.65085780205	8781.97242845682
374	82328.3417984485	87477.1798029918	83265.1805666006	74654.1072318929	68462.7655189479	68938.3277151134	67830.2744930464	64240.6403230002	57308.7103381705	77092.2542418328	38428.6590340998	23273.1879744556	11891.585077826	10183.8046922613	11107.4028272486	11496.9369720426	11784.1869099189	11560.2720812275	10263.6410686031	10020.5713969638	9869.65085780205	8781.97242845682
376	88176.9715712714	93257.2394460574	88012.2760952712	77564.1911638645	71766.0044659585	71508.2144302935	72145.7046607117	68637.0853896962	61175.0736938169	73049.2210551349	45161.6314111428	26175.6849753764	13757.0948893359	10183.8046922613	11107.4028272486	11496.9369720426	11784.1869099189	11560.2720812275	10263.6410686031	10020.5713969638	9869.65085780205	8781.97242845682
378	93451.9295913836	99397.8988176217	91423.890056592	81531.2867501884	74437.4500668667	75478.611112332	76801.4053014876	74043.618265794	65583.7015292657	68578.1356651776	54606.8228525848	29149.5152209508	15846.3167996365	10183.8046922613	11107.4028272486	11496.9369720426	11784.1869099189	11560.2720812275	10263.6410686031	10020.5713969638	9869.65085780205	8781.97242845682
380	97903.3477768042	104151.661791509	96458.8578378794	85838.4614357251	78448.7314295595	79558.6874095591	81174.9052992386	78425.4612419621	70709.6470741384	66803.4132905398	65698.8152072746	32725.1350636066	18464.3236353044	10183.8046922613	11107.4028272486	11496.9369720426	11784.1869099189	11560.2720812275	10263.6410686031	10020.5713969638	9869.65085780205	8781.97242845682
382	108040.172633575	112203.857056448	100995.977359962	89757.0647793671	82543.256995719	83887.6266064867	86797.5316285742	84163.7322968238	75803.8616427795	67937.8436937253	76512.5900574755	36258.1632834125	20997.9904752461	10722.5566274991	11107.4028272486	11496.9369720426	11784.1869099189	11560.2720812275	10263.6410686031	10020.5713969638	9869.65085780205	8781.97242845682
384	112320.841834635	119386.780302682	106348.759267681	94718.1789385269	85541.3512468056	88512.1786314359	92178.9743119659	90329.6640965042	81160.7309253664	71438.535114294	83920.6796338257	40546.6155952063	23968.9139362151	12203.6707350742	11107.4028272486	11496.9369720426	11784.1869099189	11560.2720812275	10263.6410686031	10020.5713969638	9869.65085780205	8781.97242845682
386	119585.920945621	125074.084918875	113179.804754411	98466.1564181422	90365.5328051447	92346.5156559028	97480.6396363541	96555.4502811222	86950.6416781545	76065.8653837984	87055.6782612391	45382.9382670796	27285.5775105042	14136.1893819472	11107.4028272486	11496.9369720426	11784.1869099189	11560.2720812275	10263.6410686031	10020.5713969638	9869.65085780205	8781.97242845682
388	127362.846799604	132787.113253061	118337.706261701	103586.703446452	94832.8170510333	97472.8712381179	102706.61187927	102831.223503506	92779.7428753068	81432.1039588219	85847.1310697622	51731.7763126126	30611.3963015384	16427.629038559	11107.4028272486	11496.9369720426	11784.1869099189	11560.2720812275	10263.6410686031	10020.5713969638	9869.65085780205	8781.97242845682
390	134853.64399687	139881.637403378	125056.621509933	108835.673447894	98305.403097848	102440.362248702	108808.253969235	108874.793707131	99477.0367504576	86751.5922861218	83818.6413364603	60375.119900041	34175.7201195336	19127.8375731796	11107.4028272486	11496.9369720426	11784.1869099189	11560.2720812275	10263.6410686031	10020.5713969638	9869.65085780205	8781.97242845682
392	144700.468911896	147737.512234954	132335.416125224	114575.480386115	102705.803515716	106972.074146152	114725.697860428	114916.516431787	105666.586829113	92359.2965106185	83523.2394158622	70974.7665718969	38373.2161787781	22187.3121815213	10777.9695123707	11496.9369720426	11784.1869099189	11560.2720812275	10263.6410686031	10020.5713969638	9869.65085780205	8781.97242845682
394	147983.464714711	156470.25554214	138809.014845564	118946.64844026	106726.496981677	111661.218441506	120763.032772067	121843.153719416	111625.079630501	98808.940552254	84852.9556297561	81185.2757144736	42415.2521711212	25195.2998336886	12314.6762990622	11496.9369720426	11784.1869099189	11560.2720812275	10263.6410686031	10020.5713969638	9869.65085780205	8781.97242845682
396	162614.413077335	165034.118110386	145088.235617025	124286.491002367	112093.763426666	116646.950867886	126794.225483538	128449.005475235	118785.276943085	104308.466707397	88493.3259951713	89118.5527584971	46697.3804681437	28436.6143393748	14450.8112207466	11496.9369720426	11784.1869099189	11560.2720812275	10263.6410686031	10020.5713969638	9869.65085780205	8781.97242845682
398	169625.168645757	173141.178593466	152355.058995691	131058.753307517	117031.723828915	122226.361667633	131954.401407938	134917.616808433	124743.570593448	110536.647315942	93407.1336742585	93687.3515981081	51974.2206917508	32016.8767852212	16531.7555314086	11496.9369720426	11784.1869099189	11560.2720812275	10263.6410686031	10020.5713969638	9869.65085780205	8781.97242845682
400	174439.595321507	180481.256662003	159364.88879043	135700.108728545	121955.719731318	125281.968626193	137907.435688383	141194.604581447	131212.049922006	116916.23312072	98914.8538276404	94925.1516324185	57640.960353341	35780.9648487106	19189.9220642432	11496.9369720426	11784.1869099189	11560.2720812275	10263.6410686031	10020.5713969638	9869.65085780205	8781.97242845682
402	179535.208327965	187554.055598526	165886.771046296	141909.894978103	127102.537825531	130891.037458203	142846.967415179	147562.443525191	138252.258301078	123249.058951485	104422.753084488	94186.3659428322	65463.2464585238	39563.6914417276	21855.4257646809	11286.0500777078	11784.1869099189	11560.2720812275	10263.6410686031	10020.5713969638	9869.65085780205	8781.97242845682
404	186895.719752826	197517.127951888	172690.836273536	148378.429745667	132322.585914182	134445.977037101	148412.583472606	153246.742563206	144451.206753779	129055.366742866	109864.796354553	94199.1789088179	74365.426296697	43771.8741149462	24902.4786314837	12943.3036473646	11784.1869099189	11560.2720812275	10263.6410686031	10020.5713969638	9869.65085780205	8781.97242845682
406	200398.228716616	204511.762033635	178558.087113479	154093.515439209	136456.315261803	139141.957229899	153211.735064266	159060.346108058	150830.593374876	134742.978586444	115199.199411986	95860.3065218594	83838.943755929	47991.9142216669	28055.5881575031	15049.5489341512	11784.1869099189	11560.2720812275	10263.6410686031	10020.5713969638	9869.65085780205	8781.97242845682
408	204921.891861486	212196.430274954	187452.048777236	159926.911611836	141855.602099746	143484.629971814	157319.90131273	164468.360753592	156387.470423834	141496.528256097	121246.280275679	99256.5779798199	92494.6442277918	52418.8587038115	31604.5948890195	17241.1234337371	11784.1869099189	11560.2720812275	10263.6410686031	10020.5713969638	9869.65085780205	8781.97242845682
410	213383.265019311	217512.575575008	193917.657400631	166414.899647186	145829.847263797	147734.642407652	160935.965450585	168981.092275771	162357.412264303	146749.947469384	126627.594667588	103679.754231137	98160.6384062213	57165.4730793859	34890.7162773433	19652.5259397244	11784.1869099189	11560.2720812275	10263.6410686031	10020.5713969638	9869.65085780205	8781.97242845682
412	218538.470891232	225596.417287048	201517.994163847	171048.598992035	150224.900695667	151642.509988564	166023.978356466	174195.4900814	167575.522333906	152700.22895255	132162.454977372	108438.942238104	101086.98361213	62623.8422339193	38699.7420919693	22302.2541355765	12414.6724266333	11560.2720812275	10263.6410686031	10020.5713969638	9869.65085780205	8781.97242845682
414	226634.492246827	235763.457940039	207227.936210863	178185.835636537	155220.020065609	155127.041070843	168696.391321676	178446.644254176	173094.96377191	158316.235828789	137819.771323244	112984.515474536	101755.718594658	68910.6246189898	42256.6224161554	25146.9284126843	14116.5072746001	11560.2720812275	10263.6410686031	10020.5713969638	9869.65085780205	8781.97242845682
416	229673.151491746	241639.608779844	213864.27499534	184445.772252375	160344.696959078	157597.206505897	172904.165151792	182483.000865749	177934.557881452	163464.084482665	142582.166087072	118161.309147548	102133.482288473	76368.1806842334	46255.2325921353	28067.4158587559	16040.4632493562	11560.2720812275	10263.6410686031	10020.5713969638	9869.65085780205	8781.97242845682
418	237704.566894677	251860.718954031	223577.003719156	190558.451701683	165360.57909729	161982.226379203	176759.848324733	187058.479044789	183039.961108904	169014.239650283	148174.559821308	123190.762955678	103571.233407143	84940.5865514124	50118.3181508906	31034.9875433481	18259.5033654338	11560.2720812275	10263.6410686031	10020.5713969638	9869.65085780205	8781.97242845682
420	241165.241618893	257783.158498884	228480.43822608	197319.764476427	168671.685379542	164443.491275071	179713.374426331	191532.206666893	188028.861133279	174521.364348872	153395.139311334	128688.151812948	105669.74895578	92862.7624089568	54046.7669978884	34265.071168637	20567.1520064105	11560.2720812275	10263.6410686031	10020.5713969638	9869.65085780205	8781.97242845682
422	247601.071624386	258777.269401775	234979.175664518	202085.135005208	172982.846858393	167737.37408769	181994.656452657	193957.60049966	190876.312892739	179263.447461896	157787.903050547	132855.30417197	109230.095945542	99423.440311342	58018.2888737444	37226.5985233051	22992.1585905641	12109.2049922147	10263.6410686031	10020.5713969638	9869.65085780205	8781.97242845682
424	252239.128885083	270240.698245339	240276.495027747	206979.451572505	177281.069967737	169467.182412003	183783.916718791	196597.882100008	195202.998014394	183020.108062213	162124.729986846	136913.064382586	112803.771916688	103287.984038513	62014.7621751138	40373.8309835723	25227.698501052	13579.6405975267	10263.6410686031	10020.5713969638	9869.65085780205	8781.97242845682
426	259329.230313073	271272.094417193	246798.131721606	211282.023002579	179905.74838193	171226.081600093	186184.671899127	198535.697681178	197496.71160663	186723.370672651	166252.138295183	141255.331631599	116834.334000604	104342.697168605	66459.9474416638	43423.1744287132	27561.7035014864	15071.7674592401	10263.6410686031	10020.5713969638	9869.65085780205	8781.97242845682
428	258228.686829825	281585.01572909	251760.547314682	216310.759034306	184016.895925963	173324.795729961	187685.336583459	200929.399158018	199700.532212259	190285.903680765	170177.031231338	144919.545011592	120416.296232655	104644.672709388	71608.3788658599	46472.2872589824	30082.302014856	16819.3299289006	10263.6410686031	10020.5713969638	9869.65085780205	8781.97242845682
430	261403.501841329	282240.822823441	255255.957047185	217838.008976961	188098.358536534	174954.218292245	188542.693451202	202107.725070202	203288.99238844	193223.53924957	173579.830095941	147981.172627338	123837.285790166	104091.474411844	77734.4202046097	49289.1036730443	32624.7844161936	18594.5295772062	10263.6410686031	10020.5713969638	9869.65085780205	8781.97242845682
432	261220.743094145	285054.203778805	259992.813551284	224443.719538051	190068.307694895	177207.648467312	189169.350711881	204022.565628525	204820.604847512	195923.150991359	177118.715758119	151658.699383152	127354.029821914	105561.265230401	84150.5858474983	52245.587565554	35152.6737512359	20575.391074587	10948.1277807296	10020.5713969638	9869.65085780205	8781.97242845682
434	269947.907591606	289731.678581145	264845.37488356	227551.611198137	192028.663289995	178020.487983163	190670.772611248	205351.981399467	207170.209447599	198746.559222957	180364.730304357	155221.473395701	131158.377565809	107294.355066092	90229.6503269847	55471.0165099922	37635.9379685279	22557.7268501927	12120.1455882285	10020.5713969638	9869.65085780205	8781.97242845682
436	273830.96218362	292012.018142101	268167.274170985	231307.98138433	195642.286483376	179843.942440944	191577.779552083	205649.79218064	208609.116709051	200746.030960819	182962.97973606	158123.249959085	133829.620626166	109937.490141494	94785.7459505896	58560.0033793709	40366.7633906606	24542.9382980327	13553.5002335764	10020.5713969638	9869.65085780205	8781.97242845682
438	269643.254415906	293638.904592449	272498.074212359	234389.075348415	196059.97591505	180779.31352129	192999.834284203	206202.899811653	208953.675676309	202455.183347511	185474.840675559	160380.057852577	136945.579822399	112923.075735132	96966.2128031246	61867.8408583666	42751.243133911	26955.8800355514	15045.4375320029	10020.5713969638	9869.65085780205	8781.97242845682
440	274877.786319198	297211.5237368	272569.842768172	238049.537054568	198762.01715972	180881.448637445	191800.809003423	206687.366532725	210375.910075441	204619.259032153	187169.394766616	162795.857744978	138966.323779929	115475.106580116	97620.5219420234	65492.5527675135	45194.8474770469	28999.9278563513	16547.1850939998	10020.5713969638	9869.65085780205	8781.97242845682
442	272216.922478101	298278.223100746	276934.867683942	239862.599165085	201796.450093984	182316.794112397	192010.843963239	205768.580119664	209035.827261515	204826.835326101	188799.167124797	164780.1091112	141429.781035302	118051.56179383	97575.3792082506	69953.923988562	47595.3309067891	30984.9819977118	18199.4215288496	10043.7825959125	9869.65085780205	8781.97242845682
444	269900.378875382	299798.810855975	276967.710095166	241484.543328146	202087.932784412	182688.836321177	191300.182796315	204816.632964197	209700.012689392	204816.769977462	189894.565551465	166355.418353551	143078.673899436	120338.777163581	97381.4915694034	74830.2405576498	50241.5825566757	33043.8993124254	19895.719986052	11196.364355256	9869.65085780205	8781.97242845682
446	272203.135141632	297650.150213338	278034.129041233	241900.271114418	203977.322932899	182137.599101496	191777.879707278	205066.505902001	209774.809440262	205897.734693482	190221.963294552	168124.017315213	145057.663657565	122526.059838113	97334.6150497484	79804.4059449311	52664.3967767574	35537.4468552231	21651.0567570665	12302.9753141082	9869.65085780205	8781.97242845682
448	271348.428641647	300673.895904827	280798.204633569	245058.011000223	203815.10758758	181856.3548197	191038.177061294	203596.803551253	209146.843725797	206072.580206784	191344.002547225	168870.320377969	147195.054177343	124492.927563692	99232.8898878776	84286.6048284831	55207.4817538736	37232.8679821354	23634.6451024382	13637.8905262832	9869.65085780205	8781.97242845682
450	265981.073014249	302645.161593315	281877.615784972	246056.638896815	205537.349667929	182680.237675838	190209.211616958	203085.193680305	208272.034721206	205012.272047692	191625.833066295	170027.363703109	148050.089601393	126477.785130486	100648.911087055	87011.7377973285	57875.38309478	39339.5853003903	25168.6290996466	14827.215679345	9869.65085780205	8781.97242845682
452	270704.187437894	306167.17640963	282120.739950487	245470.607164649	205772.375906522	182923.318577589	189274.038774995	200984.191281235	206869.767593073	205066.284646786	191685.267731905	170400.526712795	149341.27917702	127574.29558107	102444.614680137	88422.2952590074	60567.6688993142	41371.7098154365	26914.6552406899	16350.1037293717	9275.04788117913	8781.97242845682
454	268182.756452379	301884.701422557	282805.6606251	246294.55013679	205933.436572576	182622.088059695	187603.863115193	199386.549284686	205181.193744283	203596.420853358	191706.785677278	170578.251221273	150135.488091202	129413.376497707	104326.043569509	88567.1555746727	64161.3327849062	43511.3304507438	28721.2443184712	17682.4250159632	10230.3319377068	8781.97242845682
456	267170.357961999	299929.28096054	281395.611392065	249155.476679083	207405.027207517	181467.979912073	186153.262384058	197641.530880686	203881.605991534	202727.162711114	190941.369059041	171285.410107985	151105.244482267	130854.057577901	105866.918746825	88179.0170599901	68021.0331818285	45465.4008469169	30593.8233688549	19064.3853207774	11170.739370899	8781.97242845682
458	264208.833224675	299066.433926644	282667.59811627	248195.677881509	205690.96161958	181855.708750282	184942.918304177	196044.314611829	202121.951691385	201814.755442386	190894.311282194	171157.838304793	151472.638476437	131901.346070017	107337.944032839	87709.9535949206	72031.4117198281	47319.1188320269	32156.5637807275	20630.4429122379	12196.3655087877	8781.97242845682
460	266066.014853736	298085.516396908	280764.145273358	246509.867518512	207541.623930027	181404.534820773	183925.786248331	193720.04458934	199905.361578252	199646.899555518	189558.649621701	170753.121512705	151762.598673571	132949.706384705	108559.465885494	88128.7802786401	75443.1303566358	49140.5055910345	33550.0825027431	22095.3523114099	13445.7233782532	8781.97242845682
462	266066.014853736	294648.637201129	279427.554252813	245301.558359401	205630.845348537	180263.456143391	181930.676336265	192079.079437237	197111.509768645	197638.50703652	187993.712931571	170392.44532483	151839.475705237	132965.308472994	109955.734273735	88477.7890384593	77923.2008316282	50955.2706085358	35300.4329553773	23577.0199820023	14516.6401245988	8830.98629686983
464	266066.014853736	294378.400787989	277931.338634813	244952.84629475	205238.206124136	179386.755306783	180801.81894009	188864.122228303	194318.795137722	195462.054781354	186093.120373785	169128.672330651	151052.218396357	133226.238463352	110489.943755664	89444.168345408	79045.5891067343	52894.6416200661	36511.9044177645	24972.0115258436	15741.5583372506	9699.39488869901
466	266066.014853736	290764.342255064	275322.984288342	245384.466356215	204441.469846193	178316.883344728	179191.613943562	187268.442754048	192736.192399021	193320.570928631	184128.303849597	168170.363211512	151014.370532729	133126.644433322	111249.61851727	90511.6042781223	79588.5808315919	55080.3988363995	38094.8198570139	26460.5382402437	16891.1453789578	10709.6777274532
468	266066.014853736	288852.594398782	276259.801021083	244199.101690649	204815.419441934	177497.466635367	177315.233590928	185319.129566397	189876.781729059	190921.598875844	182913.669399673	167415.368662425	150328.859319766	133253.940275484	111910.999349743	91585.228530144	78762.4149171666	57562.7453178547	39508.9980073505	27831.1454712319	18264.7349833322	11805.8575160056
470	266066.014853736	284563.506165548	273227.432154609	242937.302488064	202964.284485366	175915.84081611	175132.36771945	181998.641783526	187469.15747702	188367.163041253	180881.401945844	165310.528953599	150120.249901288	133173.49130772	112319.415388244	91984.9635824632	77808.3747732167	60408.6332542616	41140.5253543044	29006.8974104179	19662.4794888665	12939.8863163206
472	266066.014853736	283580.714072562	272558.318431255	242121.361430923	201586.276586238	176410.903026545	173385.271633285	179807.476641077	184748.688000319	186122.521146468	179135.922922721	164259.972223196	148994.088097681	133252.820626644	112707.299509198	93041.2048379083	77554.9197926597	63260.4715041576	42488.2544616905	30321.9730354008	20941.8117481739	14090.0778469518
474	266066.014853736	281595.462288628	269116.750116233	240365.079962454	202066.151817414	174123.037315847	172167.226310251	177849.200732059	181911.225233247	183166.790945803	176587.289656102	162617.474972363	148774.862101368	133038.786493144	112687.382021664	93782.1209552213	77192.3478713278	65452.3138841687	43409.3965048738	31842.9663370671	22171.8112069237	15137.6546640995
476	266066.014853736	277222.097254641	268144.342823524	239329.332807029	199954.584068716	172273.726908813	168789.925842938	175719.313010328	179289.019888282	180049.012413056	174945.22041466	160846.720987179	146703.548287216	132364.93288466	112660.800424253	93895.20353463	77416.0468503618	67017.5526362652	44841.247578321	32911.097945498	23389.0719913845	16354.6695455331
478	266066.014853736	273527.253094416	261217.069727856	235185.691751354	198419.377841868	171604.680475119	167409.955202918	172162.040555722	176408.403841776	177189.021878599	172175.67165736	158921.735838273	145713.835339664	131174.997311961	112120.415717878	94280.3710606447	78168.9445298525	67723.9282231493	46159.6059988007	34034.8607952541	24803.0658431584	17538.327271455
480	266066.014853736	270293.980378215	260691.965831434	232879.649329182	196343.152057451	170190.045899128	165434.537452717	168847.632754727	172460.391946537	174620.36785841	169162.319822224	157374.325924507	143914.795873864	130530.251750627	112198.081413799	94092.7567401428	78334.4365122637	66852.9158630438	48197.3934059947	34965.1465809251	25786.2322387347	18700.8770589821
482	266066.014853736	270293.980378215	259410.85947242	231410.535635434	193047.960343476	167528.962733365	163080.746339198	166600.984956577	169806.316276407	170840.367495452	165766.20303903	154591.264023138	142149.192095426	129323.325663271	111101.588324278	94080.231290367	78502.5729589721	65904.8002311788	50343.0410581613	36183.8769235159	26854.564843289	19650.6153731815
484	266066.014853736	270293.980378215	252915.921660204	227864.669904612	193066.588860241	165219.1184791	159769.115822836	163144.998898344	166353.624843363	167819.662599326	163451.908926602	151744.909071631	140522.342915309	127701.759889186	110096.906060669	93765.7362291353	78297.4059121348	64755.8096060125	51980.3162093302	36924.8195133068	27919.5035461177	20716.408420046
486	266066.014853736	270293.980378215	251268.869639313	225307.767039241	189535.808596356	164275.435264662	157753.612580505	159859.286418341	163168.691795156	164195.048122732	160218.394022319	150037.742386302	138603.776661356	126194.314214594	109949.838086732	93336.6439568094	78072.2531357917	63825.7409248371	54014.2348271219	38013.9645225798	28694.135402893	21783.0141916547
488	266066.014853736	270293.980378215	244271.345678781	221526.8856955	187835.284540616	161417.674292611	156274.686463914	157369.569264307	159538.323385682	160613.558219664	157563.176985335	147321.657850624	136124.378276711	125067.089086126	108933.882103273	92934.8872555382	78345.710224931	63353.4667081734	55621.5540941513	38563.3448778689	29659.1367072319	22751.6688634052
490	266066.014853736	270293.980378215	240949.787098966	218503.538595099	185586.011313489	160028.541045996	153168.63887601	154191.147565668	157096.368490587	157505.153449873	154195.066377743	144892.269599499	134556.143075815	123343.024599773	108261.102599179	92443.5209614808	78177.9439572813	63144.4372695026	56138.7830087498	39494.2533363101	30147.348291264	23539.8850846511
492	266066.014853736	270293.980378215	239952.390053552	215374.162854658	181899.662755032	157421.36858872	150788.81753428	152092.59776832	153711.32414292	155124.587628915	151370.408407272	142213.98930119	132397.36872898	122401.418228883	106970.409130157	92045.9288244407	78564.3261169293	63451.2088446688	56018.7218248488	40531.5602171249	31013.8751003356	24284.412204479
494	266066.014853736	270293.980378215	235187.20661495	213118.542581374	179873.77983397	155064.590081284	148420.932600018	148469.156691009	150403.855442339	151059.612907964	148598.479353735	139812.75117162	131018.424129603	120598.786887813	105839.68495339	91276.0957656048	78059.0880066672	63627.5119036906	55528.1997734192	41686.2171397319	31765.1868742809	24808.6752037952
496	266066.014853736	270293.980378215	230525.245294682	209334.469064948	177235.58520496	153509.022236207	145320.749996704	145451.99706047	146604.281461925	147593.091878833	145235.215030065	137020.451726954	128253.94382108	119128.762593086	104454.574246798	90478.2002740897	77230.5430242586	63224.7827772518	54252.3385684488	43221.331488419	32333.663443485	25667.6343157444
498	266066.014853736	270293.980378215	225894.042188189	205442.067284889	174893.656394342	150207.431690071	143474.68181366	142152.026773098	143233.75019896	144529.220335166	141772.930838332	133886.876528354	126024.263413408	116524.434483058	103348.558791258	89579.7091135805	76928.1580102305	63148.4244014575	53118.93332174	44476.78345479	32622.0686107444	26166.6329606822
500	196721.380414805	270293.980378215	223936.758278504	202335.812135687	172083.93127005	148176.778329128	140357.84828686	138348.335848536	139518.557004545	140323.841522671	138654.384364664	130953.573855978	123930.080309957	115062.326616832	101597.811303412	88764.8055464066	75973.8912080158	62731.657224084	51950.3762766862	45774.5009962971	33257.7448231245	26340.0673085995
502	189778.830545426	270293.980378215	223936.758278504	198989.034548835	168339.627180728	145517.470289061	136911.245992759	136793.192541236	136129.604507063	137334.194330926	135677.839838847	128063.888784692	120943.242424365	113044.489911202	100415.573686251	87138.5489947056	75439.0007737166	62703.3796372217	51465.1927154503	46634.3304790448	33701.4281298873	26861.5996468241
504	188125.48209968	270293.980378215	223936.758278504	195663.563186773	165166.006609501	143362.994786963	134677.616880003	133313.553985981	133406.492700571	133962.673065223	132175.005705355	125981.939037858	118872.544885562	111223.871790806	99130.7459682513	86413.1242248275	74808.9242769523	61798.2564055401	51232.4159730309	47334.7507314503	33969.8510957926	27385.859419959
506	179220.977735516	270293.980378215	223936.758278504	191631.270472708	162717.049460401	140706.721942114	132185.698166183	129901.419537191	129762.595228085	130979.431670963	129101.56235369	122865.590066292	117020.949519768	108871.446886516	97291.2288971012	85257.3151175832	74146.4983377754	61578.1068269202	50841.6995941022	46999.0913985915	34710.2188050255	27778.7875548069
508	180968.194265111	270293.980378215	223936.758278504	189402.964984169	159116.927207538	138151.063787169	129500.085901853	127789.323248425	126738.90315011	127401.386411094	126160.98648954	120433.48693002	114248.322548395	106839.326747562	95278.1164298567	84003.7348049437	73152.5239810893	61549.1778027722	50736.6628853076	46012.9847538075	35265.6573927468	28120.6780077219
510	178520.303405036	270293.980378215	223936.758278504	184158.053684258	156843.49583394	135204.914973497	127118.062063379	123734.701768545	123712.026855843	123898.952037156	123245.036759666	117403.256822172	111752.746597666	104918.77770488	93812.5698119073	82461.1099250524	72145.0928273951	60697.7074325863	50329.1705493819	44896.2284117899	36322.2471703378	28031.254217148
512	175795.726137047	270293.980378215	223936.758278504	180498.910341961	154525.151664145	133103.612492006	124231.234198982	120946.377342397	120799.951884097	121730.567798909	119759.594138997	115446.406506586	109468.014576137	103150.037247111	92388.4733332249	81595.0226044515	70530.200771956	60096.8440566193	50096.1771869137	43307.9385734176	37448.6243133992	28413.6663783735
514	171399.495286684	270293.980378215	223936.758278504	176571.393512987	151234.459967111	130306.690877529	121260.091261794	118365.276884618	117928.875335618	118376.659993654	117099.36076463	112180.354059152	107065.429238209	101114.640350537	90648.2086433466	79907.89878247	70141.9432239977	59383.9674813793	49789.1541849858	42571.1067921293	38044.748858701	28774.258199769
516	172766.294031322	270293.980378215	223936.758278504	172448.622219057	147719.743647569	127812.988085427	119644.28591259	116257.691360234	115207.757969267	115302.591101035	114374.913705167	109473.636262259	104682.555559231	98519.3646769649	88918.3568021643	78920.4595315288	69371.3918268156	58747.1935886168	49361.1434154716	41762.2749597588	38663.556007298	28705.9232367493
518	179650.244973923	270293.980378215	223936.758278504	169237.465598495	145526.477176	125154.31487974	115926.215050486	112768.423446979	111773.729374456	112069.075279805	110971.552557374	106653.594690792	102791.637067289	96468.5965672179	87421.4241627971	77586.4658717527	68092.0443511748	58031.7467008339	48661.9544723903	41338.8564277499	38972.6020647637	29035.0050460735
520	176628.730347092	185235.30551496	223936.758278504	164718.224721159	141382.232431489	122219.054194053	113241.22471295	110264.489575496	108910.585970938	109313.629906556	108262.99057262	104288.231696586	100090.154285925	94530.6027449555	85598.1924215288	76016.0874258587	66791.3107989934	57099.2889288349	48375.6984208202	40893.8514733149	38422.1387608629	29250.635235123
522	180602.491230064	180998.943906919	223936.758278504	164718.224721159	137902.899246988	120168.070808964	110632.442590434	107644.09261485	105849.642938556	105853.537209467	105748.811368841	101655.169820754	97994.1271690827	92584.3985571287	83673.9997983555	74879.7289365942	66174.4710879741	56175.8645499788	47678.0606215886	40305.4782134705	37491.0110395583	29679.9451918963
524	179352.44570409	174995.587039835	223936.758278504	164718.224721159	135570.034419611	116503.568948828	108012.069865118	105126.511398722	103314.944073649	102983.166046188	102563.111265513	99407.4792619641	95489.8073659824	90640.9747350483	81735.8157338117	73227.7651078771	64735.5033175044	55409.5077489099	47146.7184274044	40223.6323640327	36269.6607345695	30210.0827621028
526	183169.63607872	170013.638546426	223936.758278504	164718.224721159	131927.017262455	114728.22586771	106348.737375134	101392.562922176	100791.950708933	100418.719220654	99590.9549756545	96926.2353892308	93089.8299322851	88242.4839137058	80110.7662064827	71534.8639455002	63705.2845546679	54541.8877788472	46450.2996233953	39764.499311007	35239.1867345066	30868.7359581977
528	176311.92459242	167418.484979732	223936.758278504	164718.224721159	129996.17553554	111274.203004774	103455.258417586	99587.6998761675	97834.7261730834	97578.0127222992	96467.4028202377	94073.6472194508	91076.2156635338	86325.2742807141	78151.148444164	70359.5697504352	62223.516600674	53652.5600503263	45803.009305344	39051.8994554396	34311.517208558	31506.6427456512
530	164941.289418173	162955.255030115	223936.758278504	164718.224721159	126339.223765317	109572.853431482	101015.73318454	96438.1908071207	95093.0550951876	94923.3051146517	94450.3332683792	91505.0898479207	88828.5828111304	84352.5797740922	76665.8093744197	68980.4724358189	60717.8895944108	52915.5005620083	45461.7240036975	38755.2407872563	33271.8536793253	31720.9463674128
532	155165.471070597	158860.275917948	223936.758278504	164718.224721159	123762.034522644	106475.71632762	98383.6621239071	94609.3324642872	92513.981527841	92266.163141639	91762.8073432468	89146.2273292881	86175.2182614112	82100.03295679	74954.0201435978	67272.3194351929	59797.7368317568	51892.0160755075	44396.7988894796	38108.4884393306	32658.0953924533	31601.7562632099
534	142747.238076804	158796.833356269	223936.758278504	164718.224721159	120201.100021149	103524.96059455	96462.9806397011	92575.7922748348	90129.7655958509	89870.9468784735	89256.2735038409	86754.3795229056	83859.4390621387	80307.4376783446	73171.2292435787	65757.6733538712	58581.1390780651	50729.3045266743	43671.1811382547	37635.1800609538	32484.1948599445	30990.3878844409
536	132345.903038333	161907.575692568	223936.758278504	164718.224721159	117626.866609393	101766.623306566	93859.8572252965	89377.2483500335	87609.2040393814	86892.0665879916	86560.3029889622	83939.2018977598	81689.2015201821	77823.4690198457	71402.7330864468	64343.9939678961	56981.7480591873	49625.7351589395	42908.6158009012	37147.839325733	31809.45733861	29992.4102030709
538	126357.903243335	160483.602108858	223936.758278504	164718.224721159	113550.959870847	99137.6951291502	91044.5220802887	86641.3880174162	85075.5585752968	84469.2304258579	83998.3775008972	81884.4780646791	79820.200653443	76137.0087469713	69569.2534146672	62287.7739410846	55860.2072277602	48778.3197890778	42217.0541771947	36310.736111872	31365.3519102024	29047.0851835404
540	120392.817286328	167578.957942796	140506.186474867	164718.224721159	111690.771932401	96916.4925920556	89091.0962801569	84572.4357042405	82406.5162877748	81888.7476583469	81183.1818549389	79376.9248255535	77225.2632751889	73774.8330325071	67596.652505702	61101.8385157566	54671.9571424644	47630.4074959227	41228.1848971803	35824.5293368294	30767.8025249998	27754.1298545608
542	115920.172073641	175041.642811657	136384.288776643	164718.224721159	111690.771932401	94089.7735055981	86610.9340097274	81975.5642939874	80155.2138227069	80093.6762673428	79469.0089854702	77281.1118254198	74924.8156706467	71714.669593518	65961.8400848939	59463.3844204023	53346.3614448855	46347.5073827806	40611.3776575831	35097.6552213011	30229.871906814	26835.2312288571
544	110512.339620665	179806.872850747	135326.915041626	164718.224721159	111690.771932401	91198.5259011938	83565.6335870241	80124.2031125338	77623.8269395073	77032.3846625425	76803.6308067934	74746.1605090007	73326.987386228	69943.4775786247	64179.1109661833	57808.2897464764	52180.4401483996	45872.3038447581	39612.1764115567	34671.0174273229	29884.0860912981	26110.5563441469
546	108304.824732343	183986.965159306	130348.235721235	164718.224721159	111690.771932401	89680.1923240294	81901.7303556584	77642.9175171394	76115.5372897693	75319.4578500053	74312.0311981121	72498.4864664877	70788.9840982034	68057.2898253175	62236.1187632954	56292.8641624937	50904.0147571252	44707.4719095729	38833.7202011953	33608.3089596138	29242.0490862854	25627.8883993798
548	102476.878603204	185250.085356397	125988.989422667	164718.224721159	111690.771932401	86470.7162317308	79802.2628966878	75741.6828524761	73139.7568152458	72729.1616944581	72487.2709737491	70725.6784122202	68489.3868637417	65983.3874551577	60933.5512001925	54745.0223013855	49313.1586760704	43770.4915326695	37879.2925828014	32989.9362782697	28693.9801585257	24801.9049782733
550	99778.4019880915	179225.153862267	121674.303895933	164718.224721159	111690.771932401	84893.5350424772	78034.0087651751	73683.0039406403	71172.1606388122	70367.7305192846	69862.2740843598	68081.3244203464	66435.9956905308	64152.5537790264	58814.8097535673	53549.6358298808	48108.8765696702	42419.8362492016	36949.4482072589	32463.9414614396	28167.6472233447	24381.2457764365
552	96083.6746576455	168054.091016041	119068.046419672	164718.224721159	111690.771932401	82909.8186693959	74794.8609122727	71279.9791705704	69010.5908648776	68059.6396643086	68162.4630389634	66448.9622444284	64864.9460401323	62149.2748521633	56941.3901262787	52037.898992552	46851.3546938107	41558.3379327515	36104.5517947145	31782.40102993	27658.7688670179	24032.1065641057
554	93995.1604035298	158003.510472773	116991.053013934	164718.224721159	111690.771932401	80851.0984540031	73434.2555734328	68847.1829432369	66329.4538352344	66480.4711737573	65744.2391348319	64346.8985375417	62910.0060766166	60675.4649714949	55344.782427068	50605.0606620918	45719.963289172	40455.6715297248	35663.3233224623	31032.8045425744	26922.5845970988	23603.2656013847
556	94534.4359402573	143539.27814231	115206.37867443	164718.224721159	111690.771932401	78339.3292288087	70935.2277645388	67518.0054637045	64916.3234572963	64153.909620399	64138.0956704657	62244.3362786091	61114.3920389074	58708.5867579652	53752.6853315321	48953.7939779537	44750.6172868194	39339.4492772736	34680.523117412	30219.8203399725	26589.556110786	23096.6661477228
558	88378.5119894233	128560.487013273	116002.970452038	164718.224721159	111690.771932401	75557.8100639113	68780.0019623731	65480.2606174166	63001.4044073188	62048.9565832983	61833.8724014022	60559.2152586529	58911.6817845872	56870.2636920322	52410.3425611399	47735.5531213415	43491.1588266753	38502.4071816812	33740.1369888481	29618.4217229749	25912.0832404388	22772.8905003717
560	83681.986529875	115250.431515958	121878.093980614	99953.6445030953	111690.771932401	73656.3119658895	66996.924085146	63552.540992043	61044.995436108	60113.3506458753	59679.4437863936	58347.5897101842	57433.9512509453	55321.4686999467	50792.6027822684	46042.7277084476	42235.8115821619	37477.1195790876	32961.2329000499	28913.6564890229	25124.9432205056	22033.2758671537
562	83568.3961655931	108952.682437148	125989.845152224	97847.3422711467	111690.771932401	73656.3119658895	65324.0119642777	60930.0465148411	58919.1637645298	58372.3809098008	57921.4959231613	56721.9271302156	56064.0024264348	53355.3146703161	49324.0399161339	45414.4257895243	40826.329216608	36434.7421931327	32132.2366182268	28657.1920257413	24875.968582076	21675.1365273103
564	82104.574893026	101835.556576891	134049.129210482	94838.2475076805	111690.771932401	73656.3119658895	63255.5907745302	59895.6517270005	56861.6236215249	56385.9909230291	56261.488403682	54758.3366745266	53771.5451910373	52005.9937333648	47930.7858886156	43929.6857091733	39668.1741783813	35499.5536777138	31296.9484563379	27957.8045282121	24360.8107826664	21302.5660669565
566	79854.8143930266	98264.695119866	145400.098707294	93699.6133619834	111690.771932401	73656.3119658895	61251.9231876747	57698.0949009598	55368.8535037915	54749.4518205709	54178.5571476695	53413.3878146431	52280.7391986875	50274.8527062001	46428.4580269689	42348.2243842267	38717.0360304695	34366.1676185592	30573.4264520537	26836.1800278647	23697.0498651467	20591.4509691413
568	73407.3013978765	94808.7090881844	152778.75363043	91089.6958367164	111690.771932401	73656.3119658895	59996.5165494812	55953.1003078162	53423.755827732	53083.8465781659	52676.1290351553	51047.5427398065	50450.2397414121	48441.2335388485	45430.047614444	40911.9598304681	37668.4582228073	33309.3682199553	29459.7921885384	26083.93364555	23075.7238971898	20168.280888534
570	74856.7156725151	89881.5025969268	157890.98671394	89613.2056896228	111690.771932401	73656.3119658895	57815.0598591042	53874.0859507628	51361.3682735232	50887.8243736234	50578.996286418	49920.4891845748	48720.3200502213	46943.6568213154	43647.419005353	39901.2247920362	36205.7794664489	32122.9291087767	28831.5902190918	25634.523907988	22417.1687223767	19498.909884551
572	74931.349226368	87158.2951929148	157838.613251512	87355.068158522	111690.771932401	73656.3119658895	55686.1188923429	52273.7794249072	50107.1531383481	48968.8251211452	49284.1800741655	47566.8970765486	46887.9884880217	45672.6881366858	42149.224422932	38406.3196486674	34943.304938723	31345.2609262354	27765.157260709	24838.7157265774	21828.3286300727	19298.7806326962
574	69287.8787425855	87013.9773686591	154579.449505355	86730.7124696057	111690.771932401	73656.3119658895	54167.7785971427	51102.3113481764	48661.7728195172	47543.3314894079	47560.7711565841	46520.3218777572	45622.5127187039	43850.3036079759	40405.9964393793	37437.0776506154	34125.4777311052	30409.2800590752	27048.5960664191	24084.0096858126	21296.3397486367	18870.2594683889
576	70608.1557498067	82244.7579123137	144343.793817265	86286.129460603	111690.771932401	73656.3119658895	53107.8889890075	49261.2425425125	46758.2223876662	45774.1417267682	45800.5058573687	44894.5090589246	44401.0711736591	43021.1775003925	39823.758882343	36188.1552351652	33253.6259450853	29625.3460303639	26532.9007635941	23384.3683587499	20845.0877161668	18148.0422432858
578	64262.8662771032	80784.1235977779	132135.971650149	83225.3088301203	111690.771932401	73656.3119658895	51590.7268740682	47865.6558932416	45662.063202708	44805.5765525698	44433.0319172368	43479.4171911366	42362.9885492128	41276.904354845	38327.2640767454	34930.6799525674	32284.4121063434	29010.9599555038	26022.6285135289	22863.233040537	20306.9251626938	18106.2112854203
580	67641.1598675634	78843.265276452	120632.988744157	86500.2595336037	74378.4497193351	73656.3119658895	49736.0538550695	46449.2425386198	43527.0295251506	43426.5654962116	43116.6832515947	41948.5631954466	40972.3823540745	39854.0651425882	36862.0515254889	34120.0984515422	31131.1365144172	27873.6665045105	24986.4865436143	22227.5485002028	19768.4825293975	17427.435122583
582	61748.4304125014	75322.9527395602	105443.95418436	88959.8315891401	73403.2889610924	73656.3119658895	49736.0538550695	45086.8003697691	42747.0026730893	41854.5770789483	41335.6613814842	40448.9321143049	39789.4901626896	38415.0568545688	35556.212054132	32885.8807588499	30148.1434110069	27165.7175315645	24060.5899593108	21765.2708202624	19215.1787717471	17122.9981486383
584	60945.6933880109	76790.720639562	95211.2184896816	95234.5439687153	72454.6664892064	73656.3119658895	49736.0538550695	43263.054725806	40912.8374139465	40854.5949305119	39559.6180825426	39270.4377024929	38559.3952210694	37325.3488571582	34467.6199619157	31790.3145649809	28939.5490784908	26060.3228251337	23445.9567215973	21200.622743358	18716.6054374215	16648.637414599
586	63531.9391795701	74453.3536546202	85429.5880017837	103151.426903026	72486.9285715773	73656.3119658895	49736.0538550695	42572.4997445948	39954.0205055108	39162.7521849881	38574.4193482214	37414.2349572579	37267.5604550986	36185.6069106913	33545.8878354373	30947.1235061296	28221.2901848457	25302.664230816	22930.5214726115	20278.0215482886	18065.9035100215	16203.9878459433
588	59183.5813871681	70985.8923812775	79946.8730716049	113166.435769701	72019.8040957744	73656.3119658895	49736.0538550695	40667.7599399867	38688.2469262751	37770.2359254019	37345.3812334105	36595.5636974442	35959.1178330967	34877.1531901875	32314.8289452221	29602.2010942988	27115.703827998	24434.0526432485	22217.4049333168	19733.9170781633	17562.1406192278	15566.3560887011
590	61013.5454238017	68054.361537883	76366.8555714429	126081.703023976	71260.6379024697	73656.3119658895	49736.0538550695	39535.1397458598	37953.1656003912	36338.7714175241	36191.9883060018	35568.7228935759	34636.0532486795	33383.3507201569	31309.1326360105	28687.9352120722	26406.2267744973	24012.6278384374	21359.1242776905	19116.0442552172	17011.1145385419	15193.0781837915
592	57934.8927606808	65997.1789270207	74292.1741872446	136717.960245887	71570.7406277179	73656.3119658895	49736.0538550695	38532.8916769383	36288.1725138597	35181.792517299	34739.8643559272	34151.111797469	33256.4705382493	32477.844143044	30062.3907214089	27488.8298520452	25530.5323733054	23101.51332227	20809.6127088118	18399.9577350825	16774.4571842422	14743.5312787355
594	56776.2225473093	63924.3490685556	71206.9978705782	144677.438006852	70942.4296742421	73656.3119658895	49736.0538550695	37333.6522361728	35019.711568593	34253.5854067975	33523.9873728402	32857.1734542537	32203.6333033913	31274.5133615392	28986.5952728622	26822.1474183142	24974.3716186523	22402.3999862839	19840.9438433976	18152.1529055356	16036.0562678333	14544.2701150627
596	56397.3856517572	65127.3595610037	70767.811495941	148274.664695101	70708.9374893702	73656.3119658895	49736.0538550695	35632.0993258541	33611.8652687079	32803.9447115147	32405.6678497488	31867.9359958205	30983.6166841348	30380.7435309085	28321.5708467404	25661.538651379	23742.8247419329	21770.3723582069	19461.8183671549	17717.5034656941	15822.6813611962	13930.3588376266
598	54152.1962831603	62803.9820929339	69708.2692267299	145932.727327704	70248.9611657603	73656.3119658895	49736.0538550695	35036.6318205972	32822.0231494294	31904.6382147479	31608.9952066931	30388.5727265478	29980.1134799221	29385.0221665694	27037.4192177594	25165.9231835212	23010.009350668	20923.2691416193	19031.0425864513	16898.8350590433	15241.6988927187	13362.3970346087
600	54168.2562899131	60965.6632639011	69449.5232927107	141565.050075969	71238.5425043216	48475.8086853564	49736.0538550695	33841.6984897742	31250.8126185507	30693.2921578403	30519.8917727934	29530.3957747493	28909.2001657465	28178.8214304244	26118.5277183287	24417.8065508775	22426.3358023296	20216.3925969531	18354.4803282168	16582.1115637913	14667.1754307459	13132.9410395954
