Wavelength	240	250	260	270	280	290	300	310	320	330	340	350	360	370	380	390	400	410	420	430	440	450
nm	CPS / MicroAmps	CPS / MicroAmps	CPS / MicroAmps	CPS / MicroAmps	CPS / MicroAmps	CPS / MicroAmps	CPS / MicroAmps	CPS / MicroAmps	CPS / MicroAmps	CPS / MicroAmps	CPS / MicroAmps	CPS / MicroAmps	CPS / MicroAmps	CPS / MicroAmps	CPS / MicroAmps	CPS / MicroAmps	CPS / MicroAmps	CPS / MicroAmps	CPS / MicroAmps	CPS / MicroAmps	CPS / MicroAmps	CPS / MicroAmps
300	7127.57190516717	6017.15007553799	6442.84847462931	149395.937522302	17242.5405037839	10704.4077719638	561741.314743239	6344.06546251555	6528.94800857556	6343.28759037756	4765.23321296658	4201.73448020135	3655.89734582954	3443.06924451808	3712.63905289891	3686.62226197073	3031.50017075087	2742.0447682842	2600.33406005837	2791.74927805996	3006.24315609516	2610.35263937046
302	7362.28881412561	5800.65970768431	6535.30743512904	99997.7985279617	35070.3694554764	8390.47899860348	7648.1176058205	6344.06546251555	6528.94800857556	6343.28759037756	4765.23321296658	4201.73448020135	3655.89734582954	3443.06924451808	3712.63905289891	3686.62226197073	3031.50017075087	2742.0447682842	2600.33406005837	2791.74927805996	3006.24315609516	2610.35263937046
304	8441.68099111217	6210.04319752043	6267.02569502385	53871.5360693952	67387.3840403426	7952.11418317764	7648.1176058205	6344.06546251555	6528.94800857556	6343.28759037756	4765.23321296658	4201.73448020135	3655.89734582954	3443.06924451808	3712.63905289891	3686.62226197073	3031.50017075087	2742.0447682842	2600.33406005837	2791.74927805996	3006.24315609516	2610.35263937046
306	7551.847046633	6224.8253704163	6470.74503923443	25652.3178896534	107783.668438541	7719.3475855377	7648.1176058205	6344.06546251555	6528.94800857556	6343.28759037756	4765.23321296658	4201.73448020135	3655.89734582954	3443.06924451808	3712.63905289891	3686.62226197073	3031.50017075087	2742.0447682842	2600.33406005837	2791.74927805996	3006.24315609516	2610.35263937046
308	8449.69250678147	5766.9420911814	6725.75256691197	13196.0989859824	138651.800896541	7545.14959981931	7648.1176058205	6344.06546251555	6528.94800857556	6343.28759037756	4765.23321296658	4201.73448020135	3655.89734582954	3443.06924451808	3712.63905289891	3686.62226197073	3031.50017075087	2742.0447682842	2600.33406005837	2791.74927805996	3006.24315609516	2610.35263937046
310	8151.34200611205	6137.81327241487	6922.11041473349	10320.8946624967	143732.557990649	9123.01097342385	7648.1176058205	6344.06546251555	6528.94800857556	6343.28759037756	4765.23321296658	4201.73448020135	3655.89734582954	3443.06924451808	3712.63905289891	3686.62226197073	3031.50017075087	2742.0447682842	2600.33406005837	2791.74927805996	3006.24315609516	2610.35263937046
312	8423.22504604093	6481.34026274677	7556.88284910613	9202.87893882407	118703.468012138	15112.373875665	5619.24748880564	6344.06546251555	6528.94800857556	6343.28759037756	4765.23321296658	4201.73448020135	3655.89734582954	3443.06924451808	3712.63905289891	3686.62226197073	3031.50017075087	2742.0447682842	2600.33406005837	2791.74927805996	3006.24315609516	2610.35263937046
314	8082.65662114445	6125.7411576508	7988.86935337425	10069.7297182262	81400.1084862473	30087.1389343146	5176.23315035054	6344.06546251555	6528.94800857556	6343.28759037756	4765.23321296658	4201.73448020135	3655.89734582954	3443.06924451808	3712.63905289891	3686.62226197073	3031.50017075087	2742.0447682842	2600.33406005837	2791.74927805996	3006.24315609516	2610.35263937046
316	8465.08814496861	6652.3943814761	8636.95169884352	10332.4617273637	45828.3464242257	55197.1970449868	4816.03605874641	6344.06546251555	6528.94800857556	6343.28759037756	4765.23321296658	4201.73448020135	3655.89734582954	3443.06924451808	3712.63905289891	3686.62226197073	3031.50017075087	2742.0447682842	2600.33406005837	2791.74927805996	3006.24315609516	2610.35263937046
318	8416.16893695262	7055.66787619548	8434.05014047901	10661.4238749072	25026.7915431939	85783.7646747806	4947.61933688988	6344.06546251555	6528.94800857556	6343.28759037756	4765.23321296658	4201.73448020135	3655.89734582954	3443.06924451808	3712.63905289891	3686.62226197073	3031.50017075087	2742.0447682842	2600.33406005837	2791.74927805996	3006.24315609516	2610.35263937046
320	8589.65722533407	8231.6424438318	9676.84857844899	11221.9790388236	16021.692139748	106309.449888118	5206.82472292344	6344.06546251555	6528.94800857556	6343.28759037756	4765.23321296658	4201.73448020135	3655.89734582954	3443.06924451808	3712.63905289891	3686.62226197073	3031.50017075087	2742.0447682842	2600.33406005837	2791.74927805996	3006.24315609516	2610.35263937046
322	9300.61267384271	8586.53240696981	9693.33482888827	12004.1866549654	13623.2721744008	109943.042349366	6262.26340064548	4872.81911408942	6528.94800857556	6343.28759037756	4765.23321296658	4201.73448020135	3655.89734582954	3443.06924451808	3712.63905289891	3686.62226197073	3031.50017075087	2742.0447682842	2600.33406005837	2791.74927805996	3006.24315609516	2610.35263937046
324	10727.6887160418	8360.03104820347	10690.2852115537	12600.84512127	13245.6547088218	92450.4577442508	10783.4408222423	4609.32848785335	6528.94800857556	6343.28759037756	4765.23321296658	4201.73448020135	3655.89734582954	3443.06924451808	3712.63905289891	3686.62226197073	3031.50017075087	2742.0447682842	2600.33406005837	2791.74927805996	3006.24315609516	2610.35263937046
326	10966.3297396968	9093.17111438273	10289.6541796249	12844.2035750895	13120.4836781719	63355.7333497732	21602.4006237134	4639.29085392147	6528.94800857556	6343.28759037756	4765.23321296658	4201.73448020135	3655.89734582954	3443.06924451808	3712.63905289891	3686.62226197073	3031.50017075087	2742.0447682842	2600.33406005837	2791.74927805996	3006.24315609516	2610.35263937046
328	11128.1786798662	9815.70347025791	11066.4254297573	13150.4955923898	13429.1429604597	37734.7214434966	40599.9160567753	4628.64974513575	6528.94800857556	6343.28759037756	4765.23321296658	4201.73448020135	3655.89734582954	3443.06924451808	3712.63905289891	3686.62226197073	3031.50017075087	2742.0447682842	2600.33406005837	2791.74927805996	3006.24315609516	2610.35263937046
330	12817.6339241819	9437.30243865036	10900.1708736917	13718.1175048882	13355.049999579	21144.4847890642	63261.0441692507	4669.12375023048	6528.94800857556	6343.28759037756	4765.23321296658	4201.73448020135	3655.89734582954	3443.06924451808	3712.63905289891	3686.62226197073	3031.50017075087	2742.0447682842	2600.33406005837	2791.74927805996	3006.24315609516	2610.35263937046
332	13390.4748703952	9034.69618469392	11651.8413003908	13295.0392906828	13777.1040696879	14491.696727629	81249.9995890639	4880.4841960798	4501.55197769396	6343.28759037756	4765.23321296658	4201.73448020135	3655.89734582954	3443.06924451808	3712.63905289891	3686.62226197073	3031.50017075087	2742.0447682842	2600.33406005837	2791.74927805996	3006.24315609516	2610.35263937046
334	13890.0652982547	10159.2035430302	11771.4079082813	13872.6176835573	13793.7358266001	12225.8616724734	84426.364537717	5657.5309692334	4344.62055610221	6343.28759037756	4765.23321296658	4201.73448020135	3655.89734582954	3443.06924451808	3712.63905289891	3686.62226197073	3031.50017075087	2742.0447682842	2600.33406005837	2791.74927805996	3006.24315609516	2610.35263937046
336	15111.0184258079	10446.7597797015	11710.9218544593	13874.3860886416	14135.079150849	11726.3707825991	72378.7375734791	8677.89917115784	4388.21625527865	6343.28759037756	4765.23321296658	4201.73448020135	3655.89734582954	3443.06924451808	3712.63905289891	3686.62226197073	3031.50017075087	2742.0447682842	2600.33406005837	2791.74927805996	3006.24315609516	2610.35263937046
338	15292.6013424205	10828.4901574915	11997.572038766	13962.896044377	13983.2807098206	11459.0669262611	51902.2182343177	16062.4610230425	4193.32046514412	6343.28759037756	4765.23321296658	4201.73448020135	3655.89734582954	3443.06924451808	3712.63905289891	3686.62226197073	3031.50017075087	2742.0447682842	2600.33406005837	2791.74927805996	3006.24315609516	2610.35263937046
340	14551.6243811897	10781.957454055	12367.7189583825	13315.2301144908	13788.9423085397	11600.9406441189	30916.6840773643	29469.335825913	4374.73618429108	6343.28759037756	4765.23321296658	4201.73448020135	3655.89734582954	3443.06924451808	3712.63905289891	3686.62226197073	3031.50017075087	2742.0447682842	2600.33406005837	2791.74927805996	3006.24315609516	2610.35263937046
342	15619.3195348032	11134.0840985668	12082.1278393476	13529.353084166	13772.3438685738	11503.6419361395	17924.0469536933	46912.013952103	4451.67916093203	3736.21618387197	4765.23321296658	4201.73448020135	3655.89734582954	3443.06924451808	3712.63905289891	3686.62226197073	3031.50017075087	2742.0447682842	2600.33406005837	2791.74927805996	3006.24315609516	2610.35263937046
344	15788.2854246777	10811.1004454031	11773.961486974	13349.5178866541	13589.3836041514	11474.045040784	11495.698354335	62326.7070534353	4510.08436641647	3628.19672024156	4765.23321296658	4201.73448020135	3655.89734582954	3443.06924451808	3712.63905289891	3686.62226197073	3031.50017075087	2742.0447682842	2600.33406005837	2791.74927805996	3006.24315609516	2610.35263937046
346	16178.8360740954	11446.1334049624	11800.6859353433	13286.8458808915	13257.3272960121	11546.142400273	9664.54119387471	67750.9937305739	5126.49726586033	3659.71439603262	4765.23321296658	4201.73448020135	3655.89734582954	3443.06924451808	3712.63905289891	3686.62226197073	3031.50017075087	2742.0447682842	2600.33406005837	2791.74927805996	3006.24315609516	2610.35263937046
348	17392.9284033443	11741.3764753676	11987.5324013352	13272.6708323402	13186.0314297795	11471.8327234287	8941.65177238621	61401.5357993564	6910.79719454404	3896.57740552747	4765.23321296658	4201.73448020135	3655.89734582954	3443.06924451808	3712.63905289891	3686.62226197073	3031.50017075087	2742.0447682842	2600.33406005837	2791.74927805996	3006.24315609516	2610.35263937046
350	18090.2534820777	12268.3423541002	11358.1628898549	12556.9928351177	12964.0156121155	11755.0226543223	8838.48494357526	45519.6731325346	11331.5987833786	4008.99821181321	4765.23321296658	4201.73448020135	3655.89734582954	3443.06924451808	3712.63905289891	3686.62226197073	3031.50017075087	2742.0447682842	2600.33406005837	2791.74927805996	3006.24315609516	2610.35263937046
352	18281.6743543308	12324.0705703493	11890.666794662	12689.6673187647	12824.8262628378	11728.7589426137	8971.7963624622	29596.4997955326	20419.3982131165	4307.71957710441	3466.48148955759	4201.73448020135	3655.89734582954	3443.06924451808	3712.63905289891	3686.62226197073	3031.50017075087	2742.0447682842	2600.33406005837	2791.74927805996	3006.24315609516	2610.35263937046
354	17080.6216105623	12713.5609554635	11828.9687038296	12452.7663269318	12952.8337779336	11513.6096525846	9245.71886551935	17988.7030882902	33024.9062870464	4522.86680825494	3422.63107407705	4201.73448020135	3655.89734582954	3443.06924451808	3712.63905289891	3686.62226197073	3031.50017075087	2742.0447682842	2600.33406005837	2791.74927805996	3006.24315609516	2610.35263937046
356	17444.0217468006	12149.0883237046	11985.146787746	12519.283122603	12550.0883706074	11629.0630119754	9272.78299741317	11706.0117927216	45917.2301625987	4849.92595348001	3459.55125165239	4201.73448020135	3655.89734582954	3443.06924451808	3712.63905289891	3686.62226197073	3031.50017075087	2742.0447682842	2600.33406005837	2791.74927805996	3006.24315609516	2610.35263937046
358	17769.5362770819	13145.236808026	12062.7189977678	12683.6900928844	12432.9710380053	11705.1296853046	9739.47394512432	9464.77248962061	53572.2981423569	5290.00533177024	3866.77228413903	4201.73448020135	3655.89734582954	3443.06924451808	3712.63905289891	3686.62226197073	3031.50017075087	2742.0447682842	2600.33406005837	2791.74927805996	3006.24315609516	2610.35263937046
360	18054.7841168487	13018.695392979	12584.7512541392	12266.3805536063	12426.7559367426	11872.5845306087	9910.31259640863	9150.80915291377	52821.0971692161	6360.79441551277	4142.35447367225	4201.73448020135	3655.89734582954	3443.06924451808	3712.63905289891	3686.62226197073	3031.50017075087	2742.0447682842	2600.33406005837	2791.74927805996	3006.24315609516	2610.35263937046
362	17662.2968654919	13576.9536371456	12386.2064857525	12443.0323718888	12173.458238986	11577.2716313507	10149.783797471	9401.84181953868	44014.6938852771	8922.42179593616	4498.04068876573	3317.42254379941	3655.89734582954	3443.06924451808	3712.63905289891	3686.62226197073	3031.50017075087	2742.0447682842	2600.33406005837	2791.74927805996	3006.24315609516	2610.35263937046
364	18425.3251531204	13903.7651564523	12527.4083323812	12564.0605642131	12259.814883451	11866.2480045971	10408.6056696979	9450.54600574475	31595.5047978597	14421.1531981095	4787.36412813234	3239.18487657891	3655.89734582954	3443.06924451808	3712.63905289891	3686.62226197073	3031.50017075087	2742.0447682842	2600.33406005837	2791.74927805996	3006.24315609516	2610.35263937046
366	18570.3016917761	14916.9566784277	12943.9845539473	12527.0949033538	12549.8898027283	11903.873165888	10708.1040026636	9944.02129581259	20965.3892840503	23268.1656541229	5152.30061928552	3438.93072129436	3655.89734582954	3443.06924451808	3712.63905289891	3686.62226197073	3031.50017075087	2742.0447682842	2600.33406005837	2791.74927805996	3006.24315609516	2610.35263937046
368	18719.4427985143	15309.4736506565	13062.63691663	12788.3461573677	12540.8994871157	12051.9706997302	11069.3217918758	10416.5733886876	14475.981952868	33927.4099648086	5574.09273812667	3756.64689941359	3655.89734582954	3443.06924451808	3712.63905289891	3686.62226197073	3031.50017075087	2742.0447682842	2600.33406005837	2791.74927805996	3006.24315609516	2610.35263937046
370	19250.7859545063	15930.1007561131	13794.9911689994	13224.420144239	12566.3215799755	12112.2368963069	11466.0297160389	10890.4041622489	11712.1136988975	42913.5417979822	6138.81964338637	4080.94850277083	3655.89734582954	3443.06924451808	3712.63905289891	3686.62226197073	3031.50017075087	2742.0447682842	2600.33406005837	2791.74927805996	3006.24315609516	2610.35263937046
372	20041.7383019537	15810.2816732705	13731.7189987311	13366.0810393249	12600.8277550753	12492.2399778041	11763.9075379782	11383.1472436299	10912.1283287123	46226.5456000993	7103.72564406166	4470.83539078347	2946.73612663046	3443.06924451808	3712.63905289891	3686.62226197073	3031.50017075087	2742.0447682842	2600.33406005837	2791.74927805996	3006.24315609516	2610.35263937046
374	18658.8114568813	16152.3787132221	14258.4336248962	13434.3929036302	12812.8935381434	12641.331210231	12283.1423301773	11793.1504436324	11124.9873156543	42479.4010462406	8999.08346505738	4776.40979186869	2882.13585796699	3443.06924451808	3712.63905289891	3686.62226197073	3031.50017075087	2742.0447682842	2600.33406005837	2791.74927805996	3006.24315609516	2610.35263937046
376	19403.6410386197	17188.3426695876	14969.0086086226	13865.4284702794	13065.1161205883	12845.5330981928	12410.7942487054	12202.5591604793	11466.2549697254	33943.5774636211	13121.4153225383	5146.62919374297	3065.04216909064	3443.06924451808	3712.63905289891	3686.62226197073	3031.50017075087	2742.0447682842	2600.33406005837	2791.74927805996	3006.24315609516	2610.35263937046
378	20428.2379266403	18125.0334863525	15461.7465625625	13990.3602271628	12910.9232316235	13200.698245508	12924.5050706116	12875.760563978	11956.708698922	24916.5135486263	19808.5951496764	5593.14463184453	3300.24585733802	3443.06924451808	3712.63905289891	3686.62226197073	3031.50017075087	2742.0447682842	2600.33406005837	2791.74927805996	3006.24315609516	2610.35263937046
380	21145.5728397492	18005.0850673469	15497.7795560647	13998.6952616256	13439.9530478608	13603.788485492	13263.0758126623	13220.30100835	12402.132064641	17848.026219934	28065.4256694995	5942.44836051526	3703.21135830518	3443.06924451808	3712.63905289891	3686.62226197073	3031.50017075087	2742.0447682842	2600.33406005837	2791.74927805996	3006.24315609516	2610.35263937046
382	21252.4483777123	19284.3402298969	16254.1315002688	14615.2886040837	13656.2324180903	13920.5724762415	13735.2089853657	13731.9785261818	13139.7789169239	14418.5759484059	35859.9281411014	6563.64519838353	4051.3581532038	2687.40528515893	3712.63905289891	3686.62226197073	3031.50017075087	2742.0447682842	2600.33406005837	2791.74927805996	3006.24315609516	2610.35263937046
384	21725.1297306137	19771.9061427518	16782.07882857	14916.4035718007	13947.3539409959	13779.9934170005	14101.8689456134	14079.5467248978	13678.7215422826	13185.5278827056	39953.8386824418	7357.16004973164	4455.09378588676	2694.55062574488	3712.63905289891	3686.62226197073	3031.50017075087	2742.0447682842	2600.33406005837	2791.74927805996	3006.24315609516	2610.35263937046
386	22395.5131997288	20008.4602388191	17249.2571669033	15378.4317784045	14489.2037343649	14404.8996419442	14628.9119543799	14893.4322904845	13966.0858807585	13076.2248219447	38870.5377044384	8898.57555873446	4867.05355731991	2849.64087914402	3712.63905289891	3686.62226197073	3031.50017075087	2742.0447682842	2600.33406005837	2791.74927805996	3006.24315609516	2610.35263937046
388	23349.2442959835	20558.1364434492	18060.0204588415	15607.2198302646	14827.9619557669	14638.3494355684	15079.187461024	15132.4186245241	14620.4986249905	13463.8346481568	32879.2707373564	11890.6340222698	5229.48312638124	3043.04960094108	3712.63905289891	3686.62226197073	3031.50017075087	2742.0447682842	2600.33406005837	2791.74927805996	3006.24315609516	2610.35263937046
390	23036.5370633317	21620.2874139809	18742.2728922445	16132.4186285489	14954.7863279159	15121.0357515976	15330.8626096752	15925.8669971396	15212.3407423996	14153.7279189375	25824.0314452976	16985.2766531876	5674.92183598001	3502.79798367488	3712.63905289891	3686.62226197073	3031.50017075087	2742.0447682842	2600.33406005837	2791.74927805996	3006.24315609516	2610.35263937046
392	24781.9642489929	23419.6955939637	19598.7029452634	16882.9368830764	15526.2710669524	15481.8702347889	15733.4363008395	16366.7985226248	15699.8382431346	14518.3919645187	19806.771128103	23765.0778959672	6233.02345048665	3836.16346719002	2541.02946704853	3686.62226197073	3031.50017075087	2742.0447682842	2600.33406005837	2791.74927805996	3006.24315609516	2610.35263937046
394	25248.2620793282	23457.9353788757	19630.5928298606	17175.0737688866	15713.4553625533	15816.7949278499	16250.4775775373	16991.9965249244	16260.6441456965	15085.0230276342	16068.1190830502	30710.6544033324	6820.9309098598	4220.39295563488	2531.74799593217	3686.62226197073	3031.50017075087	2742.0447682842	2600.33406005837	2791.74927805996	3006.24315609516	2610.35263937046
396	26409.8768530177	24411.5853989348	20573.6218738327	17721.8455336031	16287.7683341286	16215.5791068629	16713.1370755154	17214.0963473015	16888.6782205629	15807.9431023853	14790.5203237214	35009.5771682335	7520.1652747752	4699.12173340112	2696.8105485218	3686.62226197073	3031.50017075087	2742.0447682842	2600.33406005837	2791.74927805996	3006.24315609516	2610.35263937046
398	26670.2036170354	25011.1067404339	20810.9373392846	17829.9327176064	16689.262508431	16574.6844466464	17316.3648431864	17935.8891123209	17402.8162593092	16286.7318078579	14467.885211435	35340.1303441244	8608.12959980362	5109.05646772725	2919.14919309336	3686.62226197073	3031.50017075087	2742.0447682842	2600.33406005837	2791.74927805996	3006.24315609516	2610.35263937046
400	27543.6153688418	25564.0555574741	21926.956017482	18634.8861645971	16754.0288765291	16932.85944202	17590.4433366004	18072.4220627291	17843.4240949519	16994.7799304169	14892.6287448601	31594.6175848403	10894.112489522	5577.4511039447	3233.94932122125	3686.62226197073	3031.50017075087	2742.0447682842	2600.33406005837	2791.74927805996	3006.24315609516	2610.35263937046
402	28461.3675581721	26492.6234035132	22604.9321179735	19274.8272367407	17383.7769797747	17404.0888687212	17966.0661907546	18567.912276389	18285.979316034	17255.6309290011	15436.844200059	25954.5687659936	14598.3805364418	6057.12793036169	3601.60977597404	2516.16122664095	3031.50017075087	2742.0447682842	2600.33406005837	2791.74927805996	3006.24315609516	2610.35263937046
404	28413.2362035908	27198.234826797	22983.2428738343	19827.7624621626	17948.0609340354	17806.5837496263	18247.2445350213	19109.814103598	18817.959123389	17983.1178979049	16128.7875910026	20463.4472410964	19848.0615255444	6539.7248203883	3980.89397924316	2440.89472350655	3031.50017075087	2742.0447682842	2600.33406005837	2791.74927805996	3006.24315609516	2610.35263937046
406	29900.5893865941	28069.2501516382	23837.5654975778	20092.6537490841	18270.3512454059	17935.1917085445	18467.1896005094	19351.4399669939	19394.2205998585	18520.4089770195	16329.0066331449	17248.502898306	25838.5434482773	7077.2906216476	4410.71831240847	2590.49643615818	3031.50017075087	2742.0447682842	2600.33406005837	2791.74927805996	3006.24315609516	2610.35263937046
408	29775.2984770804	28434.9105474797	24376.3669567136	21233.395827134	18490.7140713349	18236.1587427626	18861.6474394047	19764.3457977894	19730.6976317021	18988.4217276085	16992.400004739	15838.6880381601	30310.5772400349	7800.54544412416	4807.62460736513	2841.63488424896	3031.50017075087	2742.0447682842	2600.33406005837	2791.74927805996	3006.24315609516	2610.35263937046
410	29761.5586835323	29613.762117665	25411.7319450964	21158.2354269722	18841.3352547754	18466.5393188588	19265.6546052621	20334.739020787	20214.2913291565	19430.8434991279	17766.0318166336	15465.8172011347	32113.2662367651	8643.25427056705	5182.13758321941	3093.69982622709	3031.50017075087	2742.0447682842	2600.33406005837	2791.74927805996	3006.24315609516	2610.35263937046
412	29978.874574237	30261.6881871969	25514.6398852369	21814.427914502	19379.1495776252	19059.2893310023	19738.5578817222	20404.5997381801	20543.5620680771	19871.7748566085	18059.5594558042	15865.1971297285	30653.3157399358	10111.4197446622	5638.32668892001	3425.98825371778	2402.45277263419	2742.0447682842	2600.33406005837	2791.74927805996	3006.24315609516	2610.35263937046
414	32321.8788775754	30617.7914928602	26832.7366685486	22408.7937282747	19471.0123159312	19194.1410221006	19695.5346103666	20882.7586801642	20889.2811250906	20277.967780732	18483.9126286427	16165.9121720307	26656.4529198298	12633.2361920876	6259.68103670557	3770.18071788867	2406.98760912341	2742.0447682842	2600.33406005837	2791.74927805996	3006.24315609516	2610.35263937046
416	32315.0116576376	31793.3009876585	27057.8142085785	22935.9270796855	20053.5241663723	19347.9745809034	19872.8925869515	21008.1576526966	21176.0803468106	20806.2270922646	19204.6380150479	16751.3114439502	22239.7178799994	16513.910526131	6650.29169932558	4231.86902041917	2583.27890043208	2742.0447682842	2600.33406005837	2791.74927805996	3006.24315609516	2610.35263937046
418	32962.8711050009	33241.7038283037	27484.9504516122	23268.686354546	20531.7412864158	19836.3534841923	20168.9522298332	21449.1759914996	21712.6640533817	21275.1792141413	19848.0242206202	17346.2393295761	18834.3940258518	21134.9097440568	7223.64901508033	4593.850629245	2823.24668410718	2742.0447682842	2600.33406005837	2791.74927805996	3006.24315609516	2610.35263937046
420	34650.5593111581	33283.9852718112	28854.2153480104	23790.309367635	20803.9272583934	20073.4208663612	20556.4573809597	21604.1792283825	21961.2540996391	21813.6862606228	20162.5858678403	17664.5350116606	16864.5762115316	25891.2654904462	7673.08869548942	5005.64478533655	2992.66081300619	2742.0447682842	2600.33406005837	2791.74927805996	3006.24315609516	2610.35263937046
422	34056.5101080649	34094.3369135982	29198.5302611859	24484.5699248511	21313.3098955661	20388.8714712235	20644.1975839797	21728.0589395055	22329.9880784161	22038.534656044	20838.029266809	18208.1572065426	16258.4244886374	28913.2764331791	8361.23546374594	5438.07084181318	3398.18948152606	2290.87769560505	2600.33406005837	2791.74927805996	3006.24315609516	2610.35263937046
424	35041.6663954224	34039.9776641987	29428.7730313994	24685.8935513288	21398.057395779	20465.8161924731	21151.1629495106	21838.7820888003	22354.4106631832	22255.6359356339	21169.7596827918	18966.5399123546	16331.6867049285	29196.5763833814	9425.78328032776	5849.20986686596	3713.48551595523	2368.87710169766	2600.33406005837	2791.74927805996	3006.24315609516	2610.35263937046
426	35729.0006499422	33730.9202491088	30290.6137622543	25193.9474647019	21873.1178058269	20621.359921285	20820.2543533203	22113.9029782225	22488.144967204	22642.815212174	21396.742036329	19189.0002424334	16624.040819127	27092.3837638491	10764.0087232723	6226.56500119534	4081.0179413465	2460.87324705098	2600.33406005837	2791.74927805996	3006.24315609516	2610.35263937046
428	33653.7251894434	35247.3483851878	30398.3602689184	25362.0373749073	21993.0602125891	20769.7687258137	20975.1450047304	21996.1512965201	22721.066856133	22903.4304258722	21937.3102925402	19561.335071656	17015.7783375261	23460.2654709679	13148.9630253001	6731.57891752002	4425.53447908108	2683.6591283546	2600.33406005837	2791.74927805996	3006.24315609516	2610.35263937046
430	36282.2381579514	35046.054383121	30536.1999906489	25778.249053231	22444.8406182322	20905.7686590546	21300.9519864164	22258.1535365294	22862.6275399716	23143.3332351994	22085.8086627876	20077.4497476774	17418.0673381761	19900.6515060874	16317.7203908599	7114.41397496024	4809.33177342169	2919.98624050787	2600.33406005837	2791.74927805996	3006.24315609516	2610.35263937046
432	35029.372870374	36087.8135739328	31261.9291778082	26368.397177519	22586.1818298675	20972.9672473432	21430.668733538	22447.537692286	22978.461457135	23434.4419186	22506.8330186424	20298.1481835158	17781.6181050706	17594.0191555985	20228.3474727287	7635.42383043926	5243.23898546521	3193.57849273285	2152.18387612383	2791.74927805996	3006.24315609516	2610.35263937046
434	34524.696431803	35591.5251279222	31459.3936700672	26845.2977571467	22749.8948203056	21365.1856621496	21558.188109314	22364.8355210494	23139.1524814161	23562.2285780079	22741.2435529299	20776.9841119297	18244.244042217	16423.3617742871	23546.2204638631	8011.54787207137	5615.31937981902	3519.72059809582	2224.18984748504	2791.74927805996	3006.24315609516	2610.35263937046
436	35099.227075138	36197.9426606195	31693.2425949678	27006.518963504	23177.3227146674	21455.4114655317	21425.7206963393	22410.7627807184	23176.060797461	23787.5403214894	22965.9574885774	21168.4447808124	18675.9109064991	16257.8449631518	25568.5511674129	8819.52572857225	5996.50099380686	3830.62061160698	2381.57887471685	2791.74927805996	3006.24315609516	2610.35263937046
438	36236.1173225649	36541.3884951983	32008.1701490094	27456.329615561	23556.1485288646	21561.3124802129	21390.1222950244	22626.1477927164	23259.2706577242	23770.6887522475	23408.0122647078	21399.3665112477	18966.6230817726	16317.0374171226	25346.0716778671	9706.44603625854	6405.0731569802	4168.46839058236	2575.90444790047	2791.74927805996	3006.24315609516	2610.35263937046
440	35566.4654376781	36451.573934153	32800.9939096008	27474.8916035884	23578.6326987429	21579.5129204064	21726.2795426745	22247.8118552281	23403.0531001679	24004.5703164406	23456.6881302787	21495.3588745859	19305.351032283	16640.3644550017	23771.4842533089	11164.7239404063	6767.72566589621	4582.43441643195	2780.3411177959	2791.74927805996	3006.24315609516	2610.35263937046
442	35794.9155322298	36467.9658036874	32907.8348527343	27990.0514000817	23980.940343763	21792.171313842	21258.1567761297	22475.9783274289	23310.5904962204	23995.7386361249	23614.7780392165	21691.0828707148	19633.6407125553	16740.1097129727	20684.5290385687	13337.7149846913	7127.65083103995	4895.04497395211	3037.13871547047	2187.25227458254	3006.24315609516	2610.35263937046
444	35543.2533196402	37098.7154242397	33413.4191615532	28203.2765024756	23673.1753252796	21450.4668268898	21352.3718123104	22531.6659806082	23053.6123937034	23968.3436439237	23775.444471394	21964.962007955	19697.1706578589	17062.6813749724	17914.8502351442	16142.9362816259	7478.2205348214	5200.4386154601	3302.37542693355	2231.06366803905	3006.24315609516	2610.35263937046
446	36362.8274541057	37778.7540674184	32960.0843811073	28402.526432952	24004.5193760808	21886.7083041007	21243.9192671788	22363.8557026732	22977.8937310989	23933.5703831355	23952.8244991142	22275.491609398	19873.2764817481	17285.1746244008	16093.1810970958	19072.5519941003	7883.64660516421	5497.93722065825	3650.11904821545	2325.95517039033	3006.24315609516	2610.35263937046
448	35759.0194489737	38136.722274222	32903.2703680846	28563.9047346887	24172.1159800655	21973.1885358671	21481.7131721642	22135.5887048253	22985.2357127217	23875.1109408147	23835.7637459047	22195.3900000383	20078.2199643342	17650.9378030585	15090.6915393111	21492.7717376489	8422.13593267257	5908.6408528805	3947.25897249036	2505.84982227369	3006.24315609516	2610.35263937046
450	35081.4656439618	37460.0970889628	33595.8969563195	28638.1273293658	24193.9385806812	21928.1479591189	21166.3697907527	21986.2879218472	22962.1467270972	24025.3586670861	23760.0757929684	22273.7302545935	20162.6836767718	17672.7280959244	14915.2650789759	22475.082755723	9082.43481207687	6220.11842518478	4224.51796503551	2712.38957973347	3006.24315609516	2610.35263937046
452	35200.8659514119	37257.1045555737	33147.8052257961	28793.863646548	24386.3361772517	21606.8062210705	21111.4647415619	22141.3499411243	22797.1700002548	23905.5820784903	23625.7850183678	22231.4710115432	20311.9401953732	17858.5487164427	15003.414731033	22040.7634234377	10029.6637843424	6514.216914612	4524.8171256313	2879.37704638193	2032.46978645447	2610.35263937046
454	34761.8464136535	38099.6871891637	34094.5751276065	28479.5115049303	24431.689372565	21784.0600482827	21142.7678878407	21709.2765957766	22769.4030809392	23796.9346574309	23669.6903417885	22236.8348349189	20208.5932156349	18045.4997098159	15043.4043490696	20096.0924026692	11646.4325362757	6821.62027274918	4777.58895058062	3115.78183425783	2037.48719887871	2610.35263937046
456	34383.9861153543	37445.9573972601	33590.995775713	29043.9937376467	24443.9091895328	21823.2901746981	21193.7248545282	21471.2132759779	22566.6736997696	23453.0711565619	23663.2438459559	22266.2063338466	20412.7295201252	18188.5259316225	15157.8255928617	17717.3920465645	13713.2697315545	7001.59948927817	5065.42894042337	3344.0919997092	2187.74063350337	2610.35263937046
458	35741.681396486	38064.7919677427	34087.0723166706	29306.8128079825	24607.6242699353	21799.9113117074	20941.3039852878	21296.4784302723	22602.3935860474	23433.0382687994	23414.7389572847	22037.0360430651	20360.395489261	18326.9613957536	15340.8909313593	15579.3339075323	16237.1512561153	7424.06631353716	5327.97984359502	3592.52844001722	2267.11230594701	2610.35263937046
460	34640.2764872142	37036.7507504436	33305.0316421214	28327.9796639687	24201.6374806492	21385.0388657397	20843.7458451522	21369.9635870083	22244.9484243488	23300.1968827932	23273.6602023056	22144.1216126823	20481.9130173942	18318.9932371232	15363.2990193453	14157.5427373493	18497.8375399439	7682.05666726853	5538.97270256268	3835.04531808131	2358.97041291025	2610.35263937046
462	34640.2764872142	36731.8195894514	33241.7566614113	29211.1090959402	24539.4834774909	21465.5389716662	20486.7038406157	20954.8953271411	21769.5580409726	22981.1304083292	23035.4260455301	21906.3076322099	20210.6563018933	18283.4634388537	15566.7426420554	13401.2258763244	19528.7491713676	8088.72795995075	5789.62923178864	4031.60205979745	2503.93917153777	1930.29487150294
464	34640.2764872142	36401.6140841791	33300.7056412678	28832.0541423501	24451.4294803903	21522.1124323464	20281.8683475376	20704.4607478556	21588.4329579428	22565.5499671727	22763.9128521893	21726.0751337128	20089.5649445431	18138.8130229569	15367.8046474328	13140.7838598786	19485.4801421846	8640.62644453241	5955.47518548256	4212.90168491397	2683.23938383913	1886.47138862216
466	34640.2764872142	35943.7072591201	33747.3790055742	28769.1098232644	24452.2877101844	21378.2936036974	20303.2723852622	20544.8740115105	21526.6152465516	22298.8254314987	22352.0246550444	21368.7095228924	20042.9907390099	18127.647525056	15355.3660197254	13161.3566777165	18453.3497483621	9625.494314464	6195.91238776492	4430.32059483129	2834.99951515412	1954.28040390421
468	34640.2764872142	36231.6910901956	33368.8088422009	28843.5307051598	24125.0564462839	21306.4951379066	20299.6327684621	20333.4259073838	20820.3403728759	22010.4823280881	22083.4169486864	21300.6719305295	19721.7563257592	18060.6966932846	15525.8879928225	13022.496020906	16374.8683838793	11148.3040143008	6334.05578885275	4611.15217942123	2976.69288757727	1951.65043803501
470	34640.2764872142	35984.1156282893	33339.5443366526	28376.7643026926	23845.7585533988	21109.4006092894	19887.0212125591	20042.5191314442	20696.891471475	21759.5859016532	21966.2796012308	21012.1146920049	19612.4353044746	18024.7606901829	15585.8846424541	13024.6904085906	14334.9562346059	12843.4951915478	6440.65971000148	4682.53887270176	3101.34124722949	2070.42420042307
472	34640.2764872142	35941.417380413	32400.7108182301	28646.4690954436	23911.3766270904	20880.2921265649	19691.3830845382	19882.5074239103	20595.4116698509	21233.3241029604	21546.9608118052	20739.6795151894	19524.9230448075	17796.8493698493	15442.195740791	13058.781802932	12805.7824407402	14684.5840136075	6676.10222221681	4794.2589369873	3347.07608879622	2155.311816312
474	34640.2764872142	35315.1044790844	32301.3247859897	28548.418418181	24083.7333374623	20744.0391165053	19620.7794166433	19628.554934882	20133.1113479015	21029.3719001777	21368.5674263537	20355.4528007992	19305.3961937423	17560.6204887179	15366.2564285311	13130.6158111283	11894.0806316012	16186.4034908763	6892.63790797735	5080.47484010524	3433.94420115678	2198.08202210381
476	34640.2764872142	34773.6527307884	32281.9902369942	28419.2338011817	23741.5919977786	20655.5949339595	19472.2091000852	19272.6695260095	20002.3089149801	20623.6157837023	20979.7543513964	20047.2902844926	18983.9238543878	17539.3044114794	15347.6224996657	13142.6109257777	11472.9507801235	16858.6043232126	7201.32526644411	5133.89614092127	3612.02655970376	2371.07897759146
478	34640.2764872142	34893.3861773223	32088.9299654525	27827.8646952112	23618.9026998278	20775.4055451763	19210.6401344482	19109.748812098	19339.3507559827	20358.9871799425	20520.0741968946	19946.4344669363	18724.2061439627	17287.8327393393	15135.6385626304	13018.5811751229	11262.9383606097	16491.4333927801	7766.74012829988	5299.47200748007	3719.24130867651	2496.30836660768
480	34640.2764872142	34404.9929200263	31241.5779907481	27818.8719566293	23527.3617152263	20310.0556630847	19064.1556441607	18703.6536445988	19208.0058352322	19947.2830333441	20186.5099414252	19458.3941842731	18406.1125765745	17045.0499175623	15121.5113169769	12858.6512111758	11167.541958284	15184.2780014544	8622.90995681163	5418.7633378426	3781.9808179129	2599.6818389592
482	34640.2764872142	34404.9929200263	31507.2038949007	27727.6717865113	23051.310895223	20370.363039335	18737.1368625084	18430.1652763166	18751.7307859158	19377.5471647616	19727.9387088925	19110.1536958928	18175.8528596197	17002.5709157669	14977.5617631663	12865.6640151553	11011.8927992167	13453.4137808427	9828.92772023116	5421.36783638297	3917.9898702938	2801.74770333926
484	34640.2764872142	34404.9929200263	31125.2673861952	27173.0869747723	22957.6321798024	19900.7381759217	18314.332625268	18069.0374433523	18523.1344308816	19041.0436337249	19484.23254076	18693.9115170874	17834.6740941	16701.7680513331	14809.4270244196	12784.2618485689	11072.4383553989	11784.8629627883	11311.1369608805	5540.07972400829	4045.04519640114	2906.11675912241
486	34640.2764872142	34404.9929200263	30626.703783737	27118.4737201879	22596.4372331033	19608.0516050469	18285.5741881318	17866.0320462116	18396.9727948189	18884.9956152526	19045.8301977879	18311.9545334124	17538.2091869501	16636.726934317	14626.5863234595	12669.2801174354	11020.9926765032	10448.2151658851	12736.960968717	5725.16932295783	4147.56465280889	2998.02147724782
488	34640.2764872142	34404.9929200263	29979.8682144503	26993.8534803743	22568.5492808171	19483.56282202	18089.7552607079	17464.8103038974	17679.2149343283	18373.6270533151	18793.0679230176	18066.3707969573	17277.0859740945	16200.5374936081	14455.8070769266	12551.1266544662	10910.6309680963	9712.73014480868	13681.0999237323	5815.04781187952	4297.1129294746	3085.65663266271
490	34640.2764872142	34404.9929200263	29791.1132296618	26591.0396895085	22055.6138746208	19270.3917308529	17670.2706056412	17101.9082734771	17397.4576165558	18033.4938266786	18157.1463542002	17744.1315945029	16924.5072723771	15856.769209687	14178.3556978657	12377.3584800914	10812.5365857754	9316.63493106488	14193.6008005734	6070.558329814	4299.00205086926	3199.40565117129
492	34640.2764872142	34404.9929200263	29130.3057181866	26307.1599064773	21858.9572006585	18964.0388183352	17357.1490407377	16943.4865782604	17083.7202541882	17656.0645265776	17734.9344184939	17311.8629443202	16573.142668458	15693.754312417	13963.2519886338	12263.5742332386	10763.3570171494	9316.28281502509	13573.9368976702	6586.68447881063	4395.79268448956	3307.22551121128
494	34640.2764872142	34404.9929200263	29590.935681726	25889.7959516031	21411.3954635503	18837.6939218117	16957.8562299745	16735.4069443271	16532.0852792295	17453.8762830658	17371.4999917378	16958.4488384795	16408.032199156	15365.7275446627	13815.7636949576	12159.1826682404	10676.0228140304	9157.1304251767	12505.0117368902	7339.11429745246	4496.82109188258	3387.83484962016
496	34640.2764872142	34404.9929200263	28952.4466729647	25135.3091255342	21458.513719437	18681.8094790224	16658.8763258927	16335.5265772403	16582.9616541087	16784.989239296	17083.9872553865	16545.0556988676	15842.5411791045	15035.6719617839	13674.6980402507	12121.8036766454	10642.2844628799	9111.31974280467	11044.7218775676	8317.87805314274	4568.40972323243	3491.08566772347
498	34640.2764872142	34404.9929200263	28239.4761121943	24876.7293452293	21009.4228957182	18240.2237743881	16584.3942381282	15896.8660854473	16090.2204711106	16572.1553026173	16577.7482608296	16148.9634949667	15641.3492051002	14948.5442766078	13470.2481552469	11832.6019826359	10405.6158610586	8967.94478698373	9467.04447992607	9468.20884152166	4615.40251702278	3553.81483862574
500	27791.2617052551	34404.9929200263	27729.7060309981	24855.6974634254	20642.2413250324	18014.0526856001	16120.4248598236	15701.2193439486	15672.3410805255	16139.7406178472	16236.1623797866	15846.9534744476	15167.2145390881	14525.3991767956	13061.4929994269	11647.2368770235	10307.8486340005	8884.70523172302	8533.52861538404	10543.5041543704	4696.92909416644	3612.92344087757
502	28644.8486460181	34404.9929200263	27729.7060309981	24216.4300438653	20627.7877523896	17796.345162873	15948.6734360046	15229.5510015877	15286.0538331343	15602.0114681771	15835.2115607756	15500.4409013347	14941.748693166	14291.4872838592	12823.6575936581	11477.9796928335	10221.1252974041	8794.98731285404	7974.24333826974	11366.7948293194	4847.28767137967	3690.01379483722
504	27838.5209558615	34404.9929200263	27729.7060309981	24108.2105252556	20447.6889516911	17440.9701484532	15768.5305674945	15176.1370558038	15061.9678641659	15358.6488174333	15527.8549933975	15038.0509463043	14523.9160586014	13898.1501348222	12557.7000266314	11353.8297753831	10053.0562453033	8641.74283637386	7685.79759840376	11651.3016023424	5054.33158354403	3721.37438969498
506	26609.9189507579	34404.9929200263	27729.7060309981	23576.1943225759	19606.8373682382	17091.7129886743	15480.8264443502	14823.5107602673	14788.43177342	14734.511689859	15151.3473799834	14815.8981714131	14305.0693196491	13787.9740250447	12411.5271366445	11116.1778217748	9967.72141841887	8677.18745255243	7463.07097568097	11122.978238968	5433.69409619468	3804.61029704657
508	26858.4377147173	34404.9929200263	27729.7060309981	23041.9314501513	19384.9858194133	16923.4800796503	15122.2561552531	14448.8296129663	14426.2956380828	14521.7156960299	14739.1185266691	14466.9318487478	14005.3099385442	13438.5072517122	12213.6678154797	10923.3610909633	9759.02038229195	8597.79467861207	7396.84990726091	10353.9486640162	6081.45217718145	3893.75344572938
510	30271.6910151608	34404.9929200263	27729.7060309981	23083.7883874975	19338.5152563797	16662.5163571582	14885.6944343143	14138.3730615314	14158.1274163614	14269.7495727718	14191.7930057892	14059.8630603256	13627.5207309904	13069.5825768011	11987.6032405536	10753.4586230516	9703.54197207556	8354.63207602985	7320.95511422926	9025.5894957797	6896.1272321786	3897.72200793263
512	30873.7184824757	34404.9929200263	27729.7060309981	22445.6366514883	18532.9674733111	16329.101062112	14770.1269551267	13930.6991498406	13686.2747239206	13986.4547525638	14076.7224105681	13735.2592739839	13379.9261627006	12952.6465958052	11672.349068009	10465.9451579696	9554.02349920851	8330.0655472087	7325.00640441664	7868.07108434299	7757.83208256711	3960.10031364816
514	36347.6884703778	34404.9929200263	27729.7060309981	22155.5946071951	18663.1654618024	15967.0959071475	14123.3042024532	13742.0896764301	13347.967687298	13613.7751660768	13562.8621813568	13489.2516256329	12955.0188711002	12582.3090675806	11521.4348861378	10351.5591503061	9399.6934788058	8236.35983360104	7152.03117434305	7123.7169507358	8661.20666009449	3903.18158663004
516	42361.8533488453	34404.9929200263	27729.7060309981	21906.5177567999	18139.0120245786	15672.5688050022	14138.0740929688	13444.8279921975	13084.0387153391	13325.9357278059	13280.9355125401	13127.2094977114	12786.2601363115	12188.394049635	11296.4933419492	10222.7122559235	9128.93455833472	8069.55155213193	7058.2044098189	6519.45773464675	9373.77562604957	4078.94645871636
518	53774.6297587292	34404.9929200263	27729.7060309981	21120.0287781344	18071.2370193167	15473.8197380125	13951.5119843328	13182.7108014519	12781.0971029299	12913.8302848416	13016.1448483901	12646.2621170649	12360.2885809202	12060.847571308	10905.60875454	10024.54399979	9042.13723138366	8104.24113756657	6996.94475216379	6126.62126332419	9413.70198156699	4344.16084339606
520	62838.795827964	26715.5167553915	27729.7060309981	21144.2301600214	18123.8715560119	15210.165929858	13494.2469609269	12738.3694244003	12685.9882723684	12549.3859893179	12630.115542506	12338.2096736923	12175.5191636902	11776.3529596069	10783.7144233617	9815.3665251737	8890.07588075109	7808.5520110414	6865.86082761594	6105.23925365789	9156.03819453171	4651.91198860942
522	75272.1148394913	25908.6766449323	27729.7060309981	21144.2301600214	17400.2514067466	15012.7316811276	13134.6983396427	12639.0244158861	12261.3720096289	12277.3912828773	12388.8935241871	12041.3626745292	11854.052808283	11393.7480976213	10541.3382178178	9652.4947411339	8740.06027522308	7733.10223580189	6726.35362154815	5918.62778760229	8509.37568340143	5198.5354905394
524	82713.4868200615	25075.2950936383	27729.7060309981	21144.2301600214	17049.061973419	14376.8448957289	12993.6603862306	12141.2013121705	11943.4169442751	12063.9553587406	12108.0621331659	11728.5349485437	11540.2529679093	11225.8212708243	10254.1174960921	9246.23511422639	8477.48534317806	7551.46078052292	6671.12453435281	5826.91830046956	7543.55154833315	5787.35361286846
526	83728.5932907989	24609.2890630988	27729.7060309981	21144.2301600214	16622.9422491556	14096.1279052876	12954.7971321797	11916.4136229244	11632.2055136984	11635.3910924774	11706.0394027706	11464.2304727888	11249.9706734889	10878.5168065667	10112.4158079578	9128.88156150314	8373.59319354653	7498.89470776064	6497.85623320103	5728.52159845294	6523.45615751933	6526.11499815106
528	81413.9775604992	23847.3767332312	27729.7060309981	21144.2301600214	16571.4030907121	13910.4456093672	12425.2297100034	11744.6745458613	11344.9938418792	11282.4985455444	11356.0463191229	11279.1213837025	10901.6680519809	10610.0754847555	9746.51660478175	9115.06890238784	8252.49210085352	7365.86032639971	6599.79695865807	5731.89594059489	5686.2851745045	7186.7157658321
530	69688.3859290134	24412.4623664935	27729.7060309981	21144.2301600214	16295.1733745582	13735.0630740316	12367.4770899701	11363.3746242292	11130.7716635572	11175.6394760742	10945.9323493651	10886.1709050756	10634.6117207111	10226.7151551533	9572.84653462617	8628.88424051086	7964.40274562663	7216.13171210383	6314.78885433027	5582.53394646669	5191.24047133985	7724.94810355095
532	58026.8319324294	25645.2326937929	27729.7060309981	21144.2301600214	15904.4193933985	13430.140028247	11961.1859849679	11175.4471235091	10744.6785024604	10928.6643000356	10741.8809394406	10538.4658205895	10388.6166757045	10115.5557067595	9332.09957060176	8517.50074592813	7918.51108471453	7080.49623537775	6331.88599798507	5504.58208617163	4913.08111953661	7878.26251737024
534	47599.5959958903	29830.4021020292	27729.7060309981	21144.2301600214	15343.3754889905	13197.5116192912	11761.9460477019	10842.4767591598	10649.68442801	10355.4649263725	10491.220555431	10150.6710992535	10075.2640494653	9715.01766089919	9047.5298720088	8311.19062898269	7809.05279402779	6831.4223242831	6176.26768537438	5366.59765217917	4664.2108744378	7508.29621759242
536	35308.6289274572	36290.8588030483	27729.7060309981	21144.2301600214	15110.5889913684	13015.3559499991	11603.0136951697	10737.7576737632	10388.7110708565	10304.137785624	10193.1394297555	9924.82172958325	9851.79368105043	9596.05804397029	8814.15222581825	8235.03721555878	7521.53666112802	6780.54191640821	5998.59248320249	5363.17297998905	4603.77690385558	6884.50796482397
538	27198.7733596996	46695.2760618536	27729.7060309981	21144.2301600214	15060.361255395	12794.0967815255	11163.014393773	10445.3548826373	9967.49257217121	9937.17619961159	9975.75774179259	9758.78095976208	9451.64671572287	9273.6751071331	8687.23615056388	7939.06531699746	7344.9657928712	6606.58420257521	5927.04589202445	5176.34406154141	4574.14503440702	6088.21039929963
540	21637.8544102591	58599.1392239998	21661.367790805	21144.2301600214	14465.6384527676	12249.4389960621	11065.46182925	10273.17299821	9858.34665560965	9628.10138403987	9568.62864090718	9356.63199835955	9215.23620510855	8977.78824453537	8343.69816590171	7661.40077150129	7226.90707956399	6515.56002055635	5864.43275835917	5070.95805793207	4556.43437217965	5226.03402688012
542	19699.4644712414	74557.0525842164	21206.0324855582	21144.2301600214	14465.6384527676	12216.4819178994	10738.4307355664	10081.4938654399	9678.19783815453	9392.7998794851	9276.30179850319	9264.50005802522	8952.99946572951	8829.02363010132	8216.25279646547	7535.82023395132	6922.79514932799	6358.25000824514	5665.61155121304	4965.32207623095	4304.80403345175	4552.06461788962
544	19068.3798974653	88593.6907520507	20227.513677693	21144.2301600214	14465.6384527676	11989.5944950848	10564.0759988792	9764.6545605795	9542.46064408005	9158.80955597395	9069.83031272336	8919.22219507481	8725.9275059074	8486.72985891103	8060.80335602573	7360.85992415148	6866.49302616616	6207.11090046678	5586.88658190516	4940.85528609417	4319.29405989835	4063.4424220168
546	18000.3689468975	100132.27417718	19776.7628554475	21144.2301600214	14465.6384527676	11654.5031154085	9928.09504294341	9482.52604231994	9073.13842232891	8858.6531054856	8866.93178006184	8673.40182569142	8468.10507839576	8245.14454718323	7647.72537640891	7066.29292733452	6694.09421928136	5995.82712722751	5417.68526496754	4863.27523457228	4184.16190557144	3848.42861963356
548	16167.3274659766	103485.630602047	19131.6287163994	21144.2301600214	14465.6384527676	11354.0895088666	10012.8007457518	9292.64782917591	8847.52713577809	8634.35855548074	8528.0230182774	8361.40005272815	8316.79676738008	8110.84093032093	7469.59798005666	6993.09108471837	6531.08540770812	5846.07216555473	5331.31175609996	4658.90399896497	4031.32825357729	3654.84994863365
550	16129.1042111024	102481.754767163	18292.8813935981	21144.2301600214	14465.6384527676	11036.9974707753	9708.63574630452	8958.52411178732	8625.77359989074	8379.11976515739	8316.82962924526	8155.38045187875	8034.53390462275	7834.25979854829	7290.92783252064	6770.46473110171	6326.65655325163	5774.06232307331	5171.37706278825	4580.31758967068	4076.2507376944	3561.9806491605
552	15369.3256830005	92302.24900635	18431.4004814469	21144.2301600214	14465.6384527676	10865.6274913631	9468.99291933079	8652.34869743632	8218.67807845047	8178.58673378943	8192.22906745695	7894.01270183174	7708.27891543689	7639.56105974168	7086.56542300698	6609.45433577672	6188.11372322918	5595.3538717486	5103.70116382843	4519.51431705252	3932.09203714106	3486.02284420723
554	16896.2681970587	81378.1955391255	19142.8515598218	21144.2301600214	14465.6384527676	10764.698611212	9215.29832684158	8536.54393175839	7986.63015535112	7963.5252177011	7771.16242809609	7603.09620594528	7466.78043614051	7394.50700258794	6836.85498978791	6477.97323747403	6028.13252447947	5434.78458266846	4930.55135045194	4426.71223035432	3904.04609155785	3536.66527640166
556	15973.1573849006	64498.8784807019	20389.5990025812	21144.2301600214	14465.6384527676	10589.1732980118	8979.08675571112	8381.47521115759	7836.34128785104	7843.02733665602	7635.70567493065	7387.84512711419	7349.9304767643	7078.26931190384	6742.6667252916	6265.58806278812	5775.77054638404	5234.3757467402	4753.29682740591	4391.94008443375	3829.91595435301	3313.59271404535
558	14726.3464470206	48550.6458276955	25958.3660944409	21144.2301600214	14465.6384527676	10175.7504749656	8818.98753891586	8176.42774738808	7593.39353796017	7740.96361497313	7370.29150362227	7335.40563563461	7207.90512908594	6928.1694515992	6611.51036371902	6030.47050554132	5677.29493270875	5159.35376841127	4846.80716874068	4238.50602232781	3721.01229652007	3246.00600086056
560	14059.6958474363	35355.956172815	34381.8758453064	17134.9245244201	14465.6384527676	10087.3440168915	8671.77372147165	7839.46869218442	7453.74480911147	7390.50106931611	7137.62195312331	6937.951374164	6809.02554186268	6765.13621805192	6208.31998741511	5900.54445836965	5513.69912633423	5093.84178802696	4618.49116682912	4124.4053284178	3641.77356119109	3182.93977043925
562	14235.4569795233	25367.0906728294	46253.1176311664	16111.6510407012	14465.6384527676	10087.3440168915	8369.12349118187	7843.20672056239	7362.79853460614	7298.96642721323	6932.10217789496	6881.58645842982	6631.64444583208	6443.4413702788	6057.6280416626	5742.36509106246	5319.38341792867	4928.72164202465	4580.66734547257	4074.45922631672	3619.22090613195	3043.10669240928
564	13833.1700668385	18356.3748988546	62638.7385144761	15933.4609776913	14465.6384527676	10087.3440168915	8213.04922462814	7525.37775653623	7083.65115417125	6896.96490510373	6752.62209859149	6592.57146270185	6422.83391757249	6289.8215982762	6024.4947711854	5529.91441857777	5186.65032015866	4847.46267302019	4419.04562080282	3937.77979863299	3497.74047495384	3070.78416171623
566	12956.0271602891	17003.1014781918	78519.9687602217	15127.4969228915	14465.6384527676	10087.3440168915	7843.54624188337	7395.55929295625	6998.57682100593	6767.20923615447	6630.57288419075	6373.98410299877	6331.32564315944	6112.95424515356	5729.17029034626	5449.72715536366	5043.65926130797	4670.07306619317	4252.97597620494	3841.88605459652	3485.94655403207	3045.13333884367
568	13734.3219779588	15661.178668865	91425.4035354434	14925.0324964992	14465.6384527676	10087.3440168915	7872.67360340724	7093.72886944357	6684.95226724555	6549.64670450483	6435.08509058692	6177.98333926157	6211.39170333939	5894.37565630771	5633.54836425856	5249.18059497343	4897.57150967036	4513.80525094826	4198.07981905955	3703.15138733255	3378.46717751958	2871.07511210513
570	12878.7829787591	14666.7729500385	103852.294845604	14373.1818276175	14465.6384527676	10087.3440168915	7684.29391831905	6851.84179232589	6564.40672284202	6284.6665183377	6096.8885118237	6054.89293961003	5852.04139205497	5778.12294244838	5413.75193730194	5022.6371328485	4731.13951841851	4431.10787227202	4098.8412073	3715.61225216324	3236.11159554563	2853.70548767574
572	12527.8434880723	13956.5116466873	106495.739067414	13979.1308073924	14465.6384527676	10087.3440168915	7450.86947177925	6670.77784547463	6520.17084767088	6113.27467339689	5960.92254419074	5876.10705312841	5782.12718686844	5554.59040844713	5288.02111812688	4914.45713140173	4641.63154326017	4383.1048004787	3887.26205692346	3497.37260253509	3160.46954913952	2743.05280456541
574	12056.5843735128	13728.9216925584	105027.584657579	14083.1474250867	14465.6384527676	10087.3440168915	7316.9384716828	6652.54261402713	6114.13979624917	6076.45208804811	5936.86963747145	5567.41139929823	5561.26494135116	5337.39556518982	5131.19700799548	4723.21716433564	4475.33866666199	4125.59771964787	3866.52517491968	3440.01071710257	3129.42800822303	2660.42944763507
576	13319.1285529239	13749.3182233576	94385.6542834279	13795.8601858173	14465.6384527676	10087.3440168915	7107.13004658053	6423.06437776361	5938.52301676918	5801.1191793195	5511.0556700248	5409.30797275085	5309.45102833992	5289.19161380708	4978.22444595733	4546.38947076629	4447.43549998448	4075.65867746112	3703.03900295251	3328.65306739445	2940.17527091272	2595.0129208972
578	11757.3091462747	13413.281680263	80484.176276775	14368.5399718467	14465.6384527676	10087.3440168915	7163.85615591088	6149.24969773003	5790.27663820893	5787.92225359057	5457.5358779492	5313.83863740214	5224.72565219106	5009.25523416117	4793.37530190079	4405.16876678071	4296.73938930529	3847.98064994235	3653.49343996657	3236.10259886066	2858.63068155124	2556.73714415594
580	12533.4573403355	12979.1844457779	61942.8630065025	16258.9978623343	12651.2130448939	10087.3440168915	6949.84558271974	5854.0318723898	5557.0651011393	5451.26780086781	5397.89254514194	5053.40313469696	4896.21113858178	4921.86489706382	4629.78237858543	4388.56622450511	4142.43194529455	3843.47904541121	3537.4793039102	3151.27882286312	2897.32997233417	2563.67877911783
582	9928.36973737481	12131.5377373104	46342.2906084489	20278.4825458208	12569.4927789023	10087.3440168915	6949.84558271974	5853.74741571369	5407.24096809865	5435.48502522751	5090.21803145278	4965.52063058375	4868.23654307976	4692.499911581	4474.41315705218	4201.05790738327	3953.89125327777	3777.87419816347	3382.40725155563	3072.31146325292	2825.38480882956	2477.90418121179
584	11342.5661914077	12488.1326780046	33672.6326179952	27678.3630342987	12316.3691119459	10087.3440168915	6949.84558271974	5706.30107482398	5511.53157440108	5267.18375852048	5029.07515565411	4868.93375420535	4838.81635510907	4624.08205288801	4324.47619678073	4048.78790786805	3835.31014136942	3668.22297800607	3336.41993576825	2979.37890313721	2697.2339589104	2377.63244292207
586	12495.6924242005	11532.8604194781	22879.774111469	38531.8245669386	11904.5796229662	10087.3440168915	6949.84558271974	5600.94300852715	5120.92608704598	5067.49700443266	4843.25526698162	4577.36306601785	4553.74664547574	4420.75028454048	4167.29302341074	3954.25169400981	3748.11746293646	3447.1607251048	3095.65902148898	2886.996291871	2634.31764552337	2323.12659328646
588	10391.7305627448	11543.7610068849	16815.0927635164	53166.6531661884	11645.9321566321	10087.3440168915	6949.84558271974	5421.98791463099	4916.33509277269	4910.48998266016	4539.70361761585	4507.80113641072	4398.33415144424	4249.00327680773	4081.82629176966	3778.38856256797	3613.37643576427	3358.95755123232	3138.81539579864	2853.13043800226	2606.62972654863	2291.94069753926
590	10411.0755641119	11831.8873359648	13411.6656801062	68533.1734704637	11554.9671693733	10087.3440168915	6949.84558271974	5524.78658121993	4902.08255667063	4598.91742954882	4500.19135953062	4299.65659801778	4263.74613245044	4028.69982816792	3923.93927208693	3699.84993665217	3453.13125098216	3317.33740181736	2940.47398820061	2768.63930765814	2538.79564262715	2206.47460842201
592	10936.0632741868	11377.7812025456	12662.5361122308	83480.3239988914	11158.2976880794	10087.3440168915	6949.84558271974	5221.54010269623	4637.33147532984	4587.98290699862	4332.02426466233	4273.06331120399	4112.69863459319	3966.84096021266	3781.46344586051	3596.99177472944	3402.03044384331	3175.21357111758	2904.06622283786	2648.01334201966	2397.31000152496	2159.76125317046
594	11466.0589695564	10407.6373507514	11216.4123681591	96211.9841257165	11377.2723767858	10087.3440168915	6949.84558271974	5073.96504899045	4546.18882790438	4469.4509823528	4204.08763547786	4016.73777614266	3981.93839549841	3881.38485750109	3678.52277858582	3457.03444068452	3286.12634671177	3039.97502322964	2882.97780956627	2541.72994690602	2342.3678462764	2113.01531348191
596	11141.415885799	10446.2016197144	11090.1640091665	103745.624918274	10859.1826091029	10087.3440168915	6949.84558271974	5089.83574304121	4566.49991824177	4316.37367784091	4117.60641534193	3995.07206943171	3911.53341213842	3746.45011824765	3537.62230325493	3362.78649128141	3149.46763720034	2910.06980735315	2710.46865182706	2502.42241286097	2295.6511840398	2032.95563087393
598	10687.7451980303	10452.1459441646	10875.0088278336	101916.983333338	11099.3352938817	10087.3440168915	6949.84558271974	5034.60152058521	4394.41142955886	4411.77126208344	4042.42431559084	3707.65403384268	3715.12283521993	3605.84181055638	3489.34547106084	3275.66185659727	3132.9295868446	2851.11077490066	2594.64566315224	2465.50225642876	2211.44474937852	1992.87043603156
600	10572.7012444752	10981.8582622737	10269.8732473803	94078.5451918925	10760.4327289758	9898.76046489109	6949.84558271974	4777.09332579709	4153.87809265109	3961.65248197125	3806.75155395879	3592.32109052336	3495.40293839156	3431.09318396368	3338.79450537294	3109.95860778715	3010.82686052115	2818.82497239906	2551.97023956693	2332.17568268483	2164.9331147932	1880.97786728906
