Wavelength	240	250	260	270	280	290	300	310	320	330	340	350	360	370	380	390	400	410	420	430	440	450
nm	CPS / MicroAmps	CPS / MicroAmps	CPS / MicroAmps	CPS / MicroAmps	CPS / MicroAmps	CPS / MicroAmps	CPS / MicroAmps	CPS / MicroAmps	CPS / MicroAmps	CPS / MicroAmps	CPS / MicroAmps	CPS / MicroAmps	CPS / MicroAmps	CPS / MicroAmps	CPS / MicroAmps	CPS / MicroAmps	CPS / MicroAmps	CPS / MicroAmps	CPS / MicroAmps	CPS / MicroAmps	CPS / MicroAmps	CPS / MicroAmps
300	7197.32835628266	4636.22569184829	4649.66208043203	146993.229499892	14828.08637346	9624.93636801866	518099.54262891	6033.23419543211	6004.85932849494	6035.93919625067	4913.696976871	4026.4652873608	3550.81657763658	3227.05359348458	3717.08205825714	3654.56833556425	2823.95465149864	2579.19347642371	2506.20559170175	2806.32167669946	3011.24821872492	2467.61971492753
302	6676.49673390194	4458.11860529703	4367.03289708577	96805.3926571917	31281.5039742561	7428.14804537208	7472.91408634773	6033.23419543211	6004.85932849494	6035.93919625067	4913.696976871	4026.4652873608	3550.81657763658	3227.05359348458	3717.08205825714	3654.56833556425	2823.95465149864	2579.19347642371	2506.20559170175	2806.32167669946	3011.24821872492	2467.61971492753
304	6975.90897961162	4778.16618083964	4575.27329852751	51010.5461417724	62262.5905089168	6686.56946965808	7472.91408634773	6033.23419543211	6004.85932849494	6035.93919625067	4913.696976871	4026.4652873608	3550.81657763658	3227.05359348458	3717.08205825714	3654.56833556425	2823.95465149864	2579.19347642371	2506.20559170175	2806.32167669946	3011.24821872492	2467.61971492753
306	6070.08818504336	4617.13078434731	4525.14586428233	23057.4543499214	102511.27334084	6253.54126659775	7472.91408634773	6033.23419543211	6004.85932849494	6035.93919625067	4913.696976871	4026.4652873608	3550.81657763658	3227.05359348458	3717.08205825714	3654.56833556425	2823.95465149864	2579.19347642371	2506.20559170175	2806.32167669946	3011.24821872492	2467.61971492753
308	6609.01225487198	4892.13920247426	4261.11921859331	10479.2087111891	132818.235260348	6188.72270827403	7472.91408634773	6033.23419543211	6004.85932849494	6035.93919625067	4913.696976871	4026.4652873608	3550.81657763658	3227.05359348458	3717.08205825714	3654.56833556425	2823.95465149864	2579.19347642371	2506.20559170175	2806.32167669946	3011.24821872492	2467.61971492753
310	7501.29812295001	4464.7920986421	4431.71576789047	6839.17289313674	138247.652619672	7308.6547114316	7472.91408634773	6033.23419543211	6004.85932849494	6035.93919625067	4913.696976871	4026.4652873608	3550.81657763658	3227.05359348458	3717.08205825714	3654.56833556425	2823.95465149864	2579.19347642371	2506.20559170175	2806.32167669946	3011.24821872492	2467.61971492753
312	5836.71250194506	4758.78875012123	4580.44643092866	5873.31509014668	116164.794813938	12745.5164108189	5325.94763072506	6033.23419543211	6004.85932849494	6035.93919625067	4913.696976871	4026.4652873608	3550.81657763658	3227.05359348458	3717.08205825714	3654.56833556425	2823.95465149864	2579.19347642371	2506.20559170175	2806.32167669946	3011.24821872492	2467.61971492753
314	6572.14690513312	4957.48660412074	4514.03233493263	5776.7094032344	77849.505477994	26491.7007891348	4678.01827716976	6033.23419543211	6004.85932849494	6035.93919625067	4913.696976871	4026.4652873608	3550.81657763658	3227.05359348458	3717.08205825714	3654.56833556425	2823.95465149864	2579.19347642371	2506.20559170175	2806.32167669946	3011.24821872492	2467.61971492753
316	6382.0124082478	4627.80437186789	5163.58151000794	5894.59075397552	42303.9917534354	51395.1534038118	4488.14242579921	6033.23419543211	6004.85932849494	6035.93919625067	4913.696976871	4026.4652873608	3550.81657763658	3227.05359348458	3717.08205825714	3654.56833556425	2823.95465149864	2579.19347642371	2506.20559170175	2806.32167669946	3011.24821872492	2467.61971492753
318	6495.80322141419	4937.02396109962	5029.85206928033	5467.83416974871	20976.3230443812	80296.7719081825	4592.99902115845	6033.23419543211	6004.85932849494	6035.93919625067	4913.696976871	4026.4652873608	3550.81657763658	3227.05359348458	3717.08205825714	3654.56833556425	2823.95465149864	2579.19347642371	2506.20559170175	2806.32167669946	3011.24821872492	2467.61971492753
320	6851.73115121935	5215.58155306769	5268.82382687319	5835.0597983543	11083.2087304617	102893.512707337	4544.41423713812	6033.23419543211	6004.85932849494	6035.93919625067	4913.696976871	4026.4652873608	3550.81657763658	3227.05359348458	3717.08205825714	3654.56833556425	2823.95465149864	2579.19347642371	2506.20559170175	2806.32167669946	3011.24821872492	2467.61971492753
322	6480.52786329773	5191.75378390776	6057.43041945044	6433.16456340505	8299.26972184965	106162.354176682	5531.42403328031	4516.63704373426	6004.85932849494	6035.93919625067	4913.696976871	4026.4652873608	3550.81657763658	3227.05359348458	3717.08205825714	3654.56833556425	2823.95465149864	2579.19347642371	2506.20559170175	2806.32167669946	3011.24821872492	2467.61971492753
324	6892.27895455025	5345.32186262997	5790.09810238556	6632.00085003196	7483.9049562092	88504.9393652704	9482.54522152586	4332.16879594811	6004.85932849494	6035.93919625067	4913.696976871	4026.4652873608	3550.81657763658	3227.05359348458	3717.08205825714	3654.56833556425	2823.95465149864	2579.19347642371	2506.20559170175	2806.32167669946	3011.24821872492	2467.61971492753
326	7500.99700219102	5487.94992221268	5628.76153297789	6837.17080419509	7366.48323676546	60325.2813681104	20177.7379250744	4086.37187328457	6004.85932849494	6035.93919625067	4913.696976871	4026.4652873608	3550.81657763658	3227.05359348458	3717.08205825714	3654.56833556425	2823.95465149864	2579.19347642371	2506.20559170175	2806.32167669946	3011.24821872492	2467.61971492753
328	8102.56251768885	5414.98307952057	5913.59282083352	6875.50385601446	7282.98621743401	34024.6673855204	38022.0810517737	4060.75533595369	6004.85932849494	6035.93919625067	4913.696976871	4026.4652873608	3550.81657763658	3227.05359348458	3717.08205825714	3654.56833556425	2823.95465149864	2579.19347642371	2506.20559170175	2806.32167669946	3011.24821872492	2467.61971492753
330	7404.28121809281	5727.87561192455	6182.94084646665	6949.35818494184	7294.62371017495	17524.2350608342	60202.784485082	4032.27656981693	6004.85932849494	6035.93919625067	4913.696976871	4026.4652873608	3550.81657763658	3227.05359348458	3717.08205825714	3654.56833556425	2823.95465149864	2579.19347642371	2506.20559170175	2806.32167669946	3011.24821872492	2467.61971492753
332	8400.38299108487	6059.58059744103	6254.1994116582	7393.51204462354	7324.36519022635	10168.2344159181	78377.9648997692	4024.38496088177	3996.75603724182	6035.93919625067	4913.696976871	4026.4652873608	3550.81657763658	3227.05359348458	3717.08205825714	3654.56833556425	2823.95465149864	2579.19347642371	2506.20559170175	2806.32167669946	3011.24821872492	2467.61971492753
334	7873.88960119261	7075.55559309149	6366.0093494176	7242.62015049033	7416.66580253545	7813.9135333145	82163.2416484129	4650.81732291617	3799.28739752604	6035.93919625067	4913.696976871	4026.4652873608	3550.81657763658	3227.05359348458	3717.08205825714	3654.56833556425	2823.95465149864	2579.19347642371	2506.20559170175	2806.32167669946	3011.24821872492	2467.61971492753
336	8805.81614192396	6072.15806678336	6412.66526739853	7401.32700403522	7615.95269221032	7394.77066390579	70983.3987474435	7443.85151041161	3802.23820067506	6035.93919625067	4913.696976871	4026.4652873608	3550.81657763658	3227.05359348458	3717.08205825714	3654.56833556425	2823.95465149864	2579.19347642371	2506.20559170175	2806.32167669946	3011.24821872492	2467.61971492753
338	9649.69191343514	6526.21344312727	6750.88401165338	7306.04339067072	7898.29700060109	7257.66033226543	49971.1293273765	14312.1445005497	3695.60637886754	6035.93919625067	4913.696976871	4026.4652873608	3550.81657763658	3227.05359348458	3717.08205825714	3654.56833556425	2823.95465149864	2579.19347642371	2506.20559170175	2806.32167669946	3011.24821872492	2467.61971492753
340	9363.58588168728	6918.28332783289	6812.34466634529	7508.71289588402	7804.39631987357	7188.98155689652	29986.135755914	27332.9272524151	3804.22291108484	6035.93919625067	4913.696976871	4026.4652873608	3550.81657763658	3227.05359348458	3717.08205825714	3654.56833556425	2823.95465149864	2579.19347642371	2506.20559170175	2806.32167669946	3011.24821872492	2467.61971492753
342	9465.72171872754	7122.22876284774	7000.8247525475	7600.72694962307	7949.82274975725	7423.49271294293	16448.9165019934	44798.0095966675	3807.42808588067	3535.44917364454	4913.696976871	4026.4652873608	3550.81657763658	3227.05359348458	3717.08205825714	3654.56833556425	2823.95465149864	2579.19347642371	2506.20559170175	2806.32167669946	3011.24821872492	2467.61971492753
344	9773.75601607595	7149.21461655064	6987.1969514505	7845.41996758263	8085.5076665034	7370.35698305537	10012.7336686069	60006.7396024175	4020.77574693076	3381.18326906577	4913.696976871	4026.4652873608	3550.81657763658	3227.05359348458	3717.08205825714	3654.56833556425	2823.95465149864	2579.19347642371	2506.20559170175	2806.32167669946	3011.24821872492	2467.61971492753
346	10422.7529408082	8009.79288385481	7249.02595731253	7779.4900094503	8146.86308324169	7624.99247663233	7568.60053599983	66382.7523393801	4487.88779472003	3313.69152865617	4913.696976871	4026.4652873608	3550.81657763658	3227.05359348458	3717.08205825714	3654.56833556425	2823.95465149864	2579.19347642371	2506.20559170175	2806.32167669946	3011.24821872492	2467.61971492753
348	10417.7038616686	8504.7818737842	7801.71528180205	7903.8412860181	8378.3955723804	7561.98920177619	7181.78478783042	60234.601999594	6191.5889643886	3514.01789514592	4913.696976871	4026.4652873608	3550.81657763658	3227.05359348458	3717.08205825714	3654.56833556425	2823.95465149864	2579.19347642371	2506.20559170175	2806.32167669946	3011.24821872492	2467.61971492753
350	11711.1588700406	8789.92191649104	7837.2162487446	8098.54519396154	8486.43989714019	7744.79869833687	7322.96225303383	45358.6640843908	10486.3477698521	3801.37318252312	4913.696976871	4026.4652873608	3550.81657763658	3227.05359348458	3717.08205825714	3654.56833556425	2823.95465149864	2579.19347642371	2506.20559170175	2806.32167669946	3011.24821872492	2467.61971492753
352	10736.7965478233	8850.74215919807	8130.51711947447	8352.73395520499	8430.83634833461	8290.38334979142	7307.8905168342	29174.9858718806	19036.1822333161	4110.57160066857	3383.33608015172	4026.4652873608	3550.81657763658	3227.05359348458	3717.08205825714	3654.56833556425	2823.95465149864	2579.19347642371	2506.20559170175	2806.32167669946	3011.24821872492	2467.61971492753
354	11619.5170371972	9100.33122689827	8219.74108742206	8558.89092804658	8363.51469927706	8464.80591544847	7837.41296438845	17528.2788712644	31366.088003658	4286.48726461548	3318.88203394235	4026.4652873608	3550.81657763658	3227.05359348458	3717.08205825714	3654.56833556425	2823.95465149864	2579.19347642371	2506.20559170175	2806.32167669946	3011.24821872492	2467.61971492753
356	11642.3599296756	9877.7889547837	8778.88995689628	8463.02764498165	8687.06345128832	8417.73578284819	7929.95823560455	11253.430389105	44138.9469212748	4669.79071288091	3510.4403437956	4026.4652873608	3550.81657763658	3227.05359348458	3717.08205825714	3654.56833556425	2823.95465149864	2579.19347642371	2506.20559170175	2806.32167669946	3011.24821872492	2467.61971492753
358	12939.1704031568	10170.8844941886	9374.54100447771	8896.20216205845	8836.70774731531	8843.80822994645	8183.91304847456	8923.08364621342	52644.6296827974	5108.23495398307	3802.49594184731	4026.4652873608	3550.81657763658	3227.05359348458	3717.08205825714	3654.56833556425	2823.95465149864	2579.19347642371	2506.20559170175	2806.32167669946	3011.24821872492	2467.61971492753
360	13104.4409566933	10588.1492839624	9600.0627003651	9168.07645058486	8728.94695125166	8840.58870337333	8325.10456943069	8234.92366149563	51964.9313641222	6095.58489315083	4185.3322307898	4026.4652873608	3550.81657763658	3227.05359348458	3717.08205825714	3654.56833556425	2823.95465149864	2579.19347642371	2506.20559170175	2806.32167669946	3011.24821872492	2467.61971492753
362	13572.6198218291	10665.5826629266	9739.83946638394	9889.94070495928	9154.63398800143	9371.90568740491	8719.22169277566	8601.34144410643	43735.1689825355	8660.76660515981	4481.87699540053	3277.24122174033	3550.81657763658	3227.05359348458	3717.08205825714	3654.56833556425	2823.95465149864	2579.19347642371	2506.20559170175	2806.32167669946	3011.24821872492	2467.61971492753
364	13703.7670136307	11872.6587456688	10114.8755278245	9575.30871944849	9525.94406698423	9617.4783600264	9335.07869925702	8837.81372039476	31413.8240480323	13761.0706517578	4812.59817753961	3329.74804437905	3550.81657763658	3227.05359348458	3717.08205825714	3654.56833556425	2823.95465149864	2579.19347642371	2506.20559170175	2806.32167669946	3011.24821872492	2467.61971492753
366	13797.2055488913	11717.7178645013	10885.424070644	9825.17317263452	9524.30306958392	9815.96962521696	9451.52527890898	9048.65504853911	20789.951940925	22326.0713025354	5189.06918322985	3490.08262566716	3550.81657763658	3227.05359348458	3717.08205825714	3654.56833556425	2823.95465149864	2579.19347642371	2506.20559170175	2806.32167669946	3011.24821872492	2467.61971492753
368	15075.4321006827	12897.1706039493	11135.8250050275	10249.2932104431	10010.1233033013	9993.7404096975	9735.67113424567	9656.23070714023	14156.7155345124	32864.8306704443	5516.56855222317	3717.86559515424	3550.81657763658	3227.05359348458	3717.08205825714	3654.56833556425	2823.95465149864	2579.19347642371	2506.20559170175	2806.32167669946	3011.24821872492	2467.61971492753
370	14879.7223087181	13588.2887600917	11773.449009639	10546.0441840156	10109.9260061016	10502.5472147505	10388.922118895	10076.6208189786	11326.5352368355	41826.0059110211	6111.50690554241	4094.99959613165	3550.81657763658	3227.05359348458	3717.08205825714	3654.56833556425	2823.95465149864	2579.19347642371	2506.20559170175	2806.32167669946	3011.24821872492	2467.61971492753
372	16132.7370332228	14030.6287190223	11968.1924440771	11341.6127183991	10396.3704685348	10580.0742089032	10834.2656073576	10462.9825947887	10574.2577441878	45558.3113110837	6950.62040566104	4377.20479938743	2931.31123793704	3227.05359348458	3717.08205825714	3654.56833556425	2823.95465149864	2579.19347642371	2506.20559170175	2806.32167669946	3011.24821872492	2467.61971492753
374	16103.8225557693	14608.6430020276	12581.0005839541	11507.8559378058	10839.6937871054	10960.694275192	11189.2856309084	11079.0134547	10524.2874663869	42154.2713066369	8784.37755727279	4663.63606459734	2912.78023834951	3227.05359348458	3717.08205825714	3654.56833556425	2823.95465149864	2579.19347642371	2506.20559170175	2806.32167669946	3011.24821872492	2467.61971492753
376	16947.4372672519	15510.2369309926	13446.9381193849	11678.2962533884	11224.9744742568	11162.5846879002	11444.1629876779	11334.1646866594	10934.8067164122	33851.9519799592	12606.0540565112	5099.46187522437	3073.85649563354	3227.05359348458	3717.08205825714	3654.56833556425	2823.95465149864	2579.19347642371	2506.20559170175	2806.32167669946	3011.24821872492	2467.61971492753
378	17402.7083524096	15344.5257813526	13583.5714699776	12058.9864977295	11278.6927658333	11349.0985666795	11962.9853834466	11888.4801929145	11348.8837923135	24571.2723445385	18900.827632126	5421.30357629637	3335.37051843471	3227.05359348458	3717.08205825714	3654.56833556425	2823.95465149864	2579.19347642371	2506.20559170175	2806.32167669946	3011.24821872492	2467.61971492753
380	17736.5261322519	16883.7298171005	14341.8001329671	12755.8691197395	11663.4048603361	11961.1413508847	12120.8864183639	12446.6505390941	11865.2452653942	17694.7135068679	27190.2398073045	5895.14400660415	3619.86313836207	3227.05359348458	3717.08205825714	3654.56833556425	2823.95465149864	2579.19347642371	2506.20559170175	2806.32167669946	3011.24821872492	2467.61971492753
382	18342.7917598133	17638.4089273697	14602.6193187907	12986.9664699859	12042.8591315048	12131.5845950121	12762.2559158376	12779.1879520652	12152.7013491057	13980.1870480158	34948.2203956391	6380.02380016693	4005.67962292209	2658.18316570738	3717.08205825714	3654.56833556425	2823.95465149864	2579.19347642371	2506.20559170175	2806.32167669946	3011.24821872492	2467.61971492753
384	19418.7388437033	18428.1689054133	15693.7221259466	13092.844077325	12611.700926993	12503.6133171096	13052.2999398106	13371.9705679228	12859.9795937383	12642.0688155117	39331.9524511205	7091.02418664207	4259.39020962671	2648.18727538056	3717.08205825714	3654.56833556425	2823.95465149864	2579.19347642371	2506.20559170175	2806.32167669946	3011.24821872492	2467.61971492753
386	19307.3702907948	19281.6577742919	15797.8052135174	13932.5243011407	12652.1285344274	12841.7092030661	13380.0174672618	13742.5616721505	13237.1125814264	12485.5534934171	38277.395516649	8547.25648598553	4681.67499118866	2735.49330382203	3717.08205825714	3654.56833556425	2823.95465149864	2579.19347642371	2506.20559170175	2806.32167669946	3011.24821872492	2467.61971492753
388	21324.1322299843	19422.4141692067	16303.9406962241	14547.7539038602	13161.8922217742	13305.4161194966	13930.2691933512	14281.0728853023	13908.1721364244	12683.8532425679	32807.7213932513	11466.2132767134	5068.52732049235	3013.56052172161	3717.08205825714	3654.56833556425	2823.95465149864	2579.19347642371	2506.20559170175	2806.32167669946	3011.24821872492	2467.61971492753
390	20761.1516964524	21070.3563375646	17466.4426531504	14751.9217416485	13789.4137656436	13713.57160304	14357.4554136767	14919.1147034492	14301.1702403157	13230.5268908123	25511.8420195347	16354.2511972083	5575.47229352698	3313.14949339646	3717.08205825714	3654.56833556425	2823.95465149864	2579.19347642371	2506.20559170175	2806.32167669946	3011.24821872492	2467.61971492753
392	21483.5937384953	21726.3785220481	18323.4294257196	15285.0005794463	14087.6714132587	14050.6129005994	14943.8490297915	15223.0043215715	14721.6844719173	13600.0621321771	19349.1027076638	22983.0504620262	5795.85537356348	3676.39885313807	2471.89726417415	3654.56833556425	2823.95465149864	2579.19347642371	2506.20559170175	2806.32167669946	3011.24821872492	2467.61971492753
394	23448.3166574749	22226.2336338481	19035.4501986715	16029.6728356168	14586.2690965537	14598.6849654356	14869.1915695782	15762.6879913915	15329.7406487156	14180.8523175993	15604.5354116783	29757.6787218506	6398.12942560509	4116.46158295449	2488.40856716763	3654.56833556425	2823.95465149864	2579.19347642371	2506.20559170175	2806.32167669946	3011.24821872492	2467.61971492753
396	23686.2188467644	22791.3954440751	19228.9130697896	16322.6015319749	14932.8810493745	14865.0581291456	15596.9601133273	16199.443247392	15763.601324615	14684.7085139781	14077.438268416	34140.009531152	7099.99310051953	4358.83057537152	2539.40243155924	3654.56833556425	2823.95465149864	2579.19347642371	2506.20559170175	2806.32167669946	3011.24821872492	2467.61971492753
398	24185.9274681614	23999.5866948038	20189.3881265708	16816.1876818441	15158.6680563873	15155.5430830223	15853.41562281	16839.5021712342	16112.9854103918	15263.2099974164	13687.2278595912	34341.3170271579	8092.58383285353	4801.10054633004	2744.78816472381	3654.56833556425	2823.95465149864	2579.19347642371	2506.20559170175	2806.32167669946	3011.24821872492	2467.61971492753
400	25945.6787348223	24690.2378622589	20720.0402570143	17288.3935449565	15717.9923338429	15612.9307209149	16367.5928279041	17027.2719571937	16751.9297287676	15585.0781440947	14132.463591742	30546.1027157824	10177.8713196374	5165.69868924576	3026.22045167209	3654.56833556425	2823.95465149864	2579.19347642371	2506.20559170175	2806.32167669946	3011.24821872492	2467.61971492753
402	25625.0954723289	25272.2760750315	21840.7647238627	17660.4859610208	15682.3784439188	15867.5459072285	16836.9115077575	17398.0970337162	17073.3646417845	16265.9645214699	14417.2689185544	25138.8831054762	13710.9031700519	5646.93519522282	3337.23000357158	2382.34853151734	2823.95465149864	2579.19347642371	2506.20559170175	2806.32167669946	3011.24821872492	2467.61971492753
404	27174.2210124765	26557.7083736989	22001.9736054066	18535.7721777721	16396.5415239827	16015.9622920745	16904.35601571	17731.8854885713	17441.3898986011	16573.5222095807	14785.239467861	19668.2929951442	18785.7821208553	5977.40267591469	3795.11128267079	2366.14088060232	2823.95465149864	2579.19347642371	2506.20559170175	2806.32167669946	3011.24821872492	2467.61971492753
406	27645.3405561832	27278.5524961124	22525.5035890061	18993.0328098457	16542.1871071512	16349.2604162215	17149.6624582345	17885.7249642988	17926.9671511258	17052.8617037808	15105.2314727816	16034.5616158984	24396.4087973103	6483.06348783107	4152.34861002817	2478.21576841762	2823.95465149864	2579.19347642371	2506.20559170175	2806.32167669946	3011.24821872492	2467.61971492753
408	28287.7062590811	27294.6623014937	23595.8957941271	19445.5288326284	17048.239892923	16647.4917591731	17501.5871878573	18314.8402462483	18350.7269342521	17590.6156878862	15583.1118167839	14395.3329155833	28990.3123011884	7030.82700219079	4451.60275686005	2652.34562171692	2823.95465149864	2579.19347642371	2506.20559170175	2806.32167669946	3011.24821872492	2467.61971492753
410	28738.2185759322	28600.6268024403	23618.3202639097	19959.1281734628	17234.5199506246	16952.9567891453	17715.4498364054	18613.4078925848	18522.0444744386	17683.6778180488	16037.4240855731	14051.4178072532	30869.2119261125	7769.93580669237	4760.22568336521	2865.31457794991	2823.95465149864	2579.19347642371	2506.20559170175	2806.32167669946	3011.24821872492	2467.61971492753
412	29276.8957112443	28986.6567888189	24705.1910447121	20372.0203757651	17790.7678823127	17270.888702126	17822.1128861141	18819.6403946465	18812.6003837512	18099.6417659706	16526.6628614975	14242.9326140108	29138.3612398504	9075.24758991327	5190.74400694377	3205.02970761209	2285.57050208265	2579.19347642371	2506.20559170175	2806.32167669946	3011.24821872492	2467.61971492753
414	30587.8379080469	29303.8057287081	25244.1181560157	20647.3895127433	17777.1241746845	17537.9883237917	18076.5343565278	19125.4374678216	19046.4962317285	18569.8946918625	16825.7318129304	14461.3984586982	25301.831630321	11319.2301588834	5542.97504928932	3497.19868355207	2304.62458936662	2579.19347642371	2506.20559170175	2806.32167669946	3011.24821872492	2467.61971492753
416	29691.9732315654	30686.1150759897	25770.0779456322	21503.2242846302	18479.2353273305	17778.0748503295	18239.6240974596	19165.3121131649	19289.560755519	18674.4367964499	17412.2740758509	14847.6584138215	20689.3712983914	15052.1080561599	6034.51255259705	3851.70237814138	2415.23523233669	2579.19347642371	2506.20559170175	2806.32167669946	3011.24821872492	2467.61971492753
418	30137.5489861145	30677.7918226729	26075.7150989701	21765.239203753	18632.7720347157	17896.2865640472	18444.239128408	19289.9706209937	19523.668501692	19105.5872115193	17612.6224754305	15227.6892523204	16999.3076742974	19466.7147804542	6500.16677840551	4230.02756146944	2571.45012556282	2579.19347642371	2506.20559170175	2806.32167669946	3011.24821872492	2467.61971492753
420	32128.1178224523	31863.5364148613	26960.5327299427	22060.2332055705	19182.2599940126	18332.86732127	18790.1734092538	19591.2159256908	19817.4067350324	19241.4744085695	17939.5578964608	15569.8238084676	14922.0268979872	23997.5925582311	6863.56341512677	4541.76088042282	2856.77815662993	2579.19347642371	2506.20559170175	2806.32167669946	3011.24821872492	2467.61971492753
422	31139.030788632	32587.8189811416	27463.1862881914	22445.0687388002	19653.4354190779	18417.4784475984	18771.9882879483	19656.1986599912	20206.1564653417	19724.3041219889	18270.5903495513	16101.2699630041	14094.4829592882	26974.9591368595	7494.94589323636	4946.64977723541	3147.9488224148	2187.5861575964	2506.20559170175	2806.32167669946	3011.24821872492	2467.61971492753
424	31737.8450163941	32145.160166705	27494.4487885626	23106.9662222278	19717.9789719135	18426.026544635	18608.3358064031	19595.3041185775	20133.4257545462	19743.3843920821	18409.2697523132	16347.9958139885	14057.1243586904	27379.395653197	8271.64486503657	5268.49799741411	3492.82195310268	2189.30195933959	2506.20559170175	2806.32167669946	3011.24821872492	2467.61971492753
426	31720.1098176242	32736.4512326493	28035.9870976294	23594.1118610927	19986.8328869262	18711.1970496735	19011.3249445994	20017.3005945148	20164.0576203921	20025.1241075411	18818.9628964246	16581.8741804594	14322.3683223564	25148.0568455611	9524.66550561354	5709.86803226928	3830.0841861749	2357.59205137209	2506.20559170175	2806.32167669946	3011.24821872492	2467.61971492753
428	32483.9485541362	33315.5251917493	28772.9419610267	23975.686750248	20266.1928650371	18779.8999348328	18921.4610898326	19907.3436651982	20338.2247335766	20244.1116192859	18925.0194872006	17010.8061665231	14587.909488478	21742.4560407775	11760.6750886923	6024.97610189447	4071.52225492632	2532.37720127845	2506.20559170175	2806.32167669946	3011.24821872492	2467.61971492753
430	32143.2827498394	33575.9896696688	29050.9529841842	23839.0821862085	20267.451554298	18791.8029688067	18896.8348280259	19853.1332941203	20200.0522399705	20225.5271239818	19061.0893382845	17256.5975944485	14823.8903911502	18116.5612392336	14820.576416428	6409.45014005813	4392.80331906273	2702.12893214463	2506.20559170175	2806.32167669946	3011.24821872492	2467.61971492753
432	33364.2403989396	33522.7659388458	29239.5817871342	24641.1265016812	20548.2105647779	19134.1060037358	19235.5794267095	19868.5389154431	20383.4495587579	20406.6640023887	19523.7458131361	17455.5172681126	15245.6268022132	15505.946367412	18480.1745416569	6885.60057823226	4767.87818857099	3004.27601089079	2077.69237541392	2806.32167669946	3011.24821872492	2467.61971492753
434	33081.2256298995	33902.7581441702	29920.9056616313	24823.7965899114	20969.8538100258	19149.4067629572	19167.0763076191	20153.2540512939	20409.051629915	20563.5758101472	19652.8285396372	17771.2955036551	15429.1487841436	14147.0060344499	21729.1494630772	7225.26242061224	5141.01900865699	3291.46921371099	2184.70538257152	2806.32167669946	3011.24821872492	2467.61971492753
436	33569.7966006057	34048.9070810686	30483.1873891452	25458.0658898505	20835.5341888339	19267.3977146324	19142.1690200048	19849.0352357065	20414.4841188756	20483.1021512057	19604.7689170239	17925.1997308574	15670.8746206334	13770.5204126292	23702.854651024	7799.78899891579	5411.46405195771	3594.30728845335	2310.3432068738	2806.32167669946	3011.24821872492	2467.61971492753
438	33492.6435749216	34254.7068150574	30397.6009252733	25195.6021770366	20907.7898306551	19409.8228522337	19225.6300252199	19743.2086559243	20443.725483488	20720.070351385	19954.339293199	18080.4714804783	16045.8085515329	13930.1833289954	23730.5257011032	8620.15916149599	5841.65966254548	3934.62978562657	2458.39546315897	2806.32167669946	3011.24821872492	2467.61971492753
440	33365.9499092787	34727.7626144921	30767.6170971253	25783.8820999259	21306.3190369558	19564.5586317783	19263.3395138886	19876.6694770562	20312.0177680282	20618.5814046541	20005.1672194806	18221.1825527606	16199.7331890715	14020.5072605849	21894.616163945	9962.5950077922	6202.77840701124	4196.15809980973	2699.68157603841	2806.32167669946	3011.24821872492	2467.61971492753
442	33710.8939112683	35415.9661585595	31344.7106008623	26229.7925354291	21474.5349870052	19626.9812305129	19096.7113759557	19871.7607260949	20232.1087049567	20677.8760287333	20097.8417845309	18501.954491268	16381.4302180889	14206.050510423	18928.6952671881	11946.1441432022	6522.00056682644	4577.84621422738	2946.35326849136	2111.58276334961	3011.24821872492	2467.61971492753
444	34416.0734557518	35157.841618053	31131.8477257481	26205.1112156815	21698.1965353688	19540.6376990292	19038.2001334571	19844.2732071509	20154.151019074	20566.4498463774	20041.1626217026	18457.6548233398	16518.4121699338	14348.9589410036	16238.5184675175	14536.1634462856	6789.18761768424	4874.17498265471	3136.77609034282	2155.66330206718	3011.24821872492	2467.61971492753
446	33247.4813076541	34827.4928210088	31017.5507397534	26217.7826913888	21855.9963032142	19416.1899038633	19153.9718684371	19517.235667966	20114.9287446357	20415.271162712	20041.9150205079	18515.4857261794	16601.2838861415	14631.9753019238	14168.3407555744	17520.4949186019	7231.23504536185	5174.43294081578	3455.4759919625	2260.04281477237	3011.24821872492	2467.61971492753
448	34424.6264767138	34652.1346286851	31421.4244514466	26688.1528626898	21749.8234317977	19745.0408078635	19116.5793186108	19573.3888061346	20093.4872671865	20368.9960313932	20013.589246965	18785.5571760285	16868.0122514219	14788.126870406	13052.8911439095	19744.3058402815	7559.96474478133	5446.70573247658	3781.28895559679	2440.08980122815	3011.24821872492	2467.61971492753
450	32769.2310154475	34466.6255612296	31657.2561020333	26322.4445944165	21862.6434937786	19396.6101858265	19032.790537284	19450.7143394347	19925.4973212451	20413.1144078772	20026.6434890398	18583.3841688264	16972.9221370887	14838.7422659671	12763.4436805584	21019.668079193	8145.9648963125	5723.75625963682	3983.18718539784	2599.78346035091	3011.24821872492	2467.61971492753
452	31655.522418952	35624.5715463006	31431.0355807855	26524.096354645	22357.8219453476	19658.6833818413	18801.1195832134	19138.4519580594	19882.6967902754	20011.7572626185	20031.2660035317	18681.2419248522	16910.9715381129	14991.0825927422	12759.3525569579	20569.1922809475	9200.81423399189	5947.62727446891	4337.75927316457	2783.57877482467	2023.4036135131	2467.61971492753
454	33094.9655670847	35041.2358381073	31522.4333101148	26656.210424877	22487.3858870688	19593.6669794184	18818.9375299875	18993.5030355927	19548.1709773051	20080.7255578452	19819.6535253611	18686.6451143366	17092.0061681262	15101.9559591599	12844.15352656	18570.4493321578	10650.0129094892	6305.21052881517	4539.41996091608	2970.17964170978	2025.21215199101	2467.61971492753
456	32208.5418452486	34687.4056078046	31315.3154205921	26891.1372445563	22076.7958084493	19604.3269816721	18691.9064762952	18860.3102649616	19432.7870170707	19979.5915921163	19734.4819457566	18624.7554170974	17094.4969681364	15310.3545398073	12939.7850271732	16309.8177621804	12697.5336621927	6503.28055252223	4721.70569732352	3241.69557255257	2097.15353843151	2467.61971492753
458	32982.3048504034	35326.6020506349	31256.7473401829	27060.3373792836	22560.5849443092	19538.5935744594	18771.5331779759	18858.6930417197	19397.897429874	19845.2026415719	19914.8253457053	18642.4482560924	16920.9656540053	15340.8655014544	13022.6239091526	14023.9927161641	15136.3047625823	6827.3295535272	5025.50921376888	3469.94490197263	2210.25419177493	2467.61971492753
460	32881.6545467426	34599.9247518804	31819.7976022159	26503.845264914	22599.0981033221	19655.0288487908	18629.6706074636	18923.7297496001	19167.6314044209	19610.6224074759	19477.6159467863	18513.2603600916	16898.0774458419	15418.1916340673	13107.4869108827	12681.8762261309	17105.6236512944	7144.28738318988	5254.16176101583	3647.02705131412	2311.51942073825	2467.61971492753
462	32881.6545467426	35101.4232399926	31363.4537963881	27330.0601913507	22302.9786022606	19402.7363570954	18553.3154463476	18638.6061687308	18849.7130479035	19349.6826582775	19419.7263914566	18332.7264696742	16866.173044903	15298.9554167616	13228.6076365757	11880.8457721141	18456.4365983652	7402.92905609356	5381.76081162328	3855.33576567415	2414.36930531849	1740.15513053702
464	32881.6545467426	34270.7052906651	31643.1090535121	26658.3201294063	22177.7754061194	19312.7910470931	18214.5576839072	18375.6924477464	18767.7511076313	19400.8595126824	19056.4677448245	18197.1525396924	16721.7097633695	15447.4539597444	13277.6666913072	11540.348994799	18404.628983768	7967.0166533372	5578.33376378052	4069.62632034493	2569.48668975108	1755.64773564505
466	32881.6545467426	34730.9174659817	31470.6215513928	26899.0045390212	21937.3088102594	19344.684569654	18161.238551739	18079.2182177655	18615.7137197237	18962.9403638514	18915.3896506964	18030.8394856677	16772.6862593548	15220.2237650083	13346.60138816	11481.1989538639	17265.5972945851	9018.82827044457	5832.14197663799	4195.81927457286	2652.4148006941	1768.44545621527
468	32881.6545467426	33595.6735024056	30648.913747505	26889.0030238404	22137.7779205374	19133.0670066308	18205.3947984966	17910.879570997	18225.7583689092	18778.7968284186	18627.2602591905	17875.1613504576	16698.9275864503	15374.1913530041	13384.4780937269	11659.374667575	15352.6296620526	10283.4259599474	6017.98722263276	4366.32034831698	2879.06864362205	1878.88411444684
470	32881.6545467426	33370.7136746923	30781.5717364745	26152.6064674778	22043.6076772136	19015.3804777077	17999.7619355526	17867.6523120785	18094.3291431266	18531.8709296229	18323.1140793373	17650.1432189043	16440.9941120197	15315.1517973489	13447.1329156937	11571.9568627329	13313.8385607773	12013.5196874277	6090.02347892848	4481.13665131804	3084.96595511741	1922.24590276782
472	32881.6545467426	33353.8308071717	30595.4369988232	26763.0330621905	22005.4887629392	19413.1937118883	17998.5124924841	17601.4901831392	17871.0714750576	18429.0648397455	18271.7657615693	17483.2821319734	16414.8456648434	15178.2675187548	13370.5281773055	11634.2674710671	11695.8964990089	14022.4132678166	6265.93038075283	4700.34203567468	3260.25816820759	2026.6994047991
474	32881.6545467426	32948.3853681385	30469.5140842597	26383.1822376711	21899.0510762535	18915.6999698554	17395.322976327	17312.7613926559	17481.825538562	18081.611572432	17931.8006631152	17314.4494401157	16428.6671075668	15266.9113008701	13284.5389168587	11589.7574877035	10798.4337398974	15449.5833454498	6545.66874912364	4781.09216727064	3301.45005001053	2109.16236915153
476	32881.6545467426	32632.7909371756	31048.5066943553	26065.3845351188	21848.8091471754	18990.3555453412	17484.9283005527	17153.3422153046	17274.72733906	17725.4887128949	17751.2431515086	17030.7373903392	16225.5387670965	15094.3633307902	13188.3838646681	11448.8673083822	10312.3479175066	16163.5384755289	6846.3811721425	4878.36647648283	3409.68176338999	2232.39246722693
478	32881.6545467426	32517.6672848587	29921.9013475164	26295.5741983714	21497.6983608923	18759.7716357173	17113.3761314567	16812.8732260279	16966.4446161703	17573.1467072026	17408.7565962859	16889.2382401051	15834.4314363255	14805.9873861615	13212.347776967	11476.5770325328	10251.9899988197	15758.5182221963	7316.9221172844	5070.41541126684	3566.08216082683	2409.97854317275
480	32881.6545467426	32255.2972766159	29272.0645339612	26359.9625978019	21490.4090299917	18525.9461087707	16935.5769700508	16686.1479893456	16700.1883971625	17106.9920605306	17286.3373005345	16603.9074822307	15721.2669265285	14661.0277331704	13143.8775841117	11545.8990147229	10085.705350295	14573.2613224155	8060.26908409791	5081.08018391327	3706.54456303863	2465.940262098
482	32881.6545467426	32255.2972766159	29332.4223943332	25945.5302336487	21331.4445543495	18442.4180250025	16901.1762651663	16444.4283955458	16277.9406550799	16826.3803202442	16781.848529963	16393.0256924774	15462.6295083297	14428.5175336046	12928.3658043753	11358.7475320956	10030.9393104432	12658.9600112821	9377.01034482052	5246.52029607047	3757.11147137452	2625.03477176296
484	32881.6545467426	32255.2972766159	28851.6387422292	25640.6949285209	21132.4938264634	18121.4961637172	16569.2387283023	16116.9842868759	16130.1293038701	16430.7034910254	16655.0109045231	16003.5951409602	15319.7661450995	14378.6663555139	12900.934016179	11403.9783951869	10016.9690432836	11109.9938852741	10756.2808920822	5302.78707587572	3893.74547737572	2748.06616745873
486	32881.6545467426	32255.2972766159	28817.5716813435	25251.7831871257	21001.8265253651	17706.6275405115	16529.8388916327	15767.2244260804	15853.0338757861	16222.2488202809	16259.3165375358	15800.5222338268	14987.2052232682	14192.1472788899	12650.4876022217	11162.8632060684	9946.72845423862	9837.80077328801	12221.8737186158	5406.54204036765	4007.2571372992	2859.89332628816
488	32881.6545467426	32255.2972766159	28283.894609297	24832.1619201981	20724.7645839364	17566.44839725	16088.2673687244	15634.6827534369	15613.5636352635	15763.4643812374	15902.0324591902	15508.1509754678	14739.1876582658	14035.3189124498	12557.3217881201	11273.6832380026	9813.91506658888	9052.41177338598	13242.3967630502	5488.28469296004	4092.01869828175	2985.2555099544
490	32881.6545467426	32255.2972766159	27945.3797144458	24759.5552899163	20491.707194708	17655.2162060862	16038.8002195341	15344.3741240283	15380.9200756821	15556.5383108598	15761.3803304361	15285.6464921691	14478.1244094143	13835.4485275104	12492.0611951573	11160.8545990323	9808.82312276345	8734.8588661651	13608.6445912565	5863.78863555308	4211.8767387092	3076.18044290587
492	32881.6545467426	32255.2972766159	27445.466319326	24062.3363239128	20384.8724623662	17498.222597758	15693.8658774014	15208.1364108801	15021.3312769458	15312.3278824998	15351.2294795737	14704.1936255904	14328.2092149438	13561.989693108	12326.0051589347	11010.1964640529	9781.57340683792	8492.08117568979	13160.1542238683	6285.57859335621	4231.74238768578	3151.1903628182
494	32881.6545467426	32255.2972766159	27253.2499713069	23938.2448798404	20241.560644644	17191.9826976926	15540.835223409	14975.3885039839	14878.4267175927	15042.4522219242	15039.1389559113	14649.0958987556	14054.4865153087	13330.8392738154	12075.5861706691	10881.19652554	9688.1939942564	8474.22073239762	12070.3228236457	6981.2198116881	4308.57945026822	3205.32628721667
496	32881.6545467426	32255.2972766159	27041.027939293	23570.5255657765	20262.8380339983	16695.7463112123	15388.5280342301	14788.5983158218	14480.701872148	14854.7039781702	14798.7843525651	14393.5737741262	13839.3433115402	13048.097730958	12062.0440017413	10764.3564268007	9598.8808082901	8527.54394510597	10610.2658393518	7943.75355343636	4401.59388061587	3335.95423911929
498	32881.6545467426	32255.2972766159	26267.1160904472	23388.9556480559	19375.3726090809	16691.7564274159	15185.7337134953	14522.9487929063	14144.827547532	14261.9024039265	14413.3959372226	14016.4252547362	13434.6896874009	12936.7203731423	11749.450242718	10705.330697492	9636.02891319347	8280.70090373281	9223.40511193902	9092.5064629742	4448.96185453726	3456.90077605293
500	27611.8879197537	32255.2972766159	26067.8239240936	22796.6127171601	19355.3761984639	16657.6788656749	14956.4775451215	14086.8349669429	13937.4278261452	14055.36185832	13957.3536961708	13675.179153429	13197.855974904	12593.15543784	11560.234770577	10484.0705239289	9332.32327357482	8283.35884546348	8148.85974327965	10153.9676092217	4547.4704888968	3493.165497245
502	26188.7827801012	32255.2972766159	26067.8239240936	22893.360970739	19159.1356098812	16259.96480707	14551.3073377374	14020.2417547085	13497.2121042021	13916.1739336539	13850.3614974074	13531.9818452529	12899.7324545856	12320.212111418	11505.9604058439	10309.4483301848	9329.28175677759	8179.33756762122	7453.30322760635	10997.6040012936	4672.65044475414	3554.11616972386
504	27235.9294553802	32255.2972766159	26067.8239240936	22457.1818945652	18921.1420912866	16143.0732212603	14429.442552021	13944.5331976298	13422.5808309142	13412.0045533536	13333.8585224322	13074.9470739048	12674.0231039777	12369.3552511998	11171.0403319317	10209.055022437	9218.39596476436	8041.34821283207	7208.39962543238	11285.0792553435	4920.21111188403	3615.8253122554
506	26065.3592676681	32255.2972766159	26067.8239240936	22098.4665061663	18375.4120309924	15946.2725822294	14199.948217975	13361.1941030509	13196.8306509767	13156.127830333	13223.1470314788	12831.1659741451	12490.7034933935	11969.3060564036	10925.0009307612	10142.7565602418	9081.62021585581	8049.88083680965	7072.41881837344	10855.3327039924	5213.65490319857	3631.16386525712
508	25717.5582104527	32255.2972766159	26067.8239240936	22002.8986425037	18335.4308085837	15545.2634450651	14067.9080657561	13241.0613816571	12835.1422646704	12917.3176965612	13068.3139566985	12577.9375667328	12130.9166967956	11700.2940538837	10770.8525483717	9825.19276103231	8881.85697718012	7879.31958777505	7029.51050595921	9953.31138364246	5773.25797405288	3684.468003842
510	26794.5497992621	32255.2972766159	26067.8239240936	21402.5699371329	18090.4674604774	15392.3157223629	13903.6323387611	12916.7311872392	12533.4874514461	12619.8766432472	12583.4600348049	12438.9485239368	11968.1572266766	11408.3221463727	10652.6542407487	9748.36361633503	8777.89159716063	7787.53469688473	6865.22961719657	8846.1491518244	6622.03369792715	3717.32361016024
512	29069.4873900999	32255.2972766159	26067.8239240936	20943.7393661943	17823.1801705278	14752.8503179103	13554.7922632985	12748.2245767809	12414.7985395083	12431.4940763863	12348.9569679885	12006.644231276	11758.2493964227	11259.7819675901	10365.055649338	9539.02121685858	8639.33003160932	7752.39547898154	6747.89495707444	7614.49413221994	7545.86971234772	3759.08199066625
514	34357.4228911974	32255.2972766159	26067.8239240936	21158.0889114365	17556.7032416979	14881.7267971417	13235.8592830272	12587.1447463711	12135.6888237523	12056.8845622634	12112.2376357296	11882.7652799168	11433.0871079734	11041.9454057507	10269.2474264627	9370.43708654915	8476.67204025084	7611.83647508956	6728.29236369655	6738.53850143527	8271.86428592476	3881.73190869827
516	41788.8873260428	32255.2972766159	26067.8239240936	20516.53170863	17212.2355092965	14847.1881071108	13006.0893077158	12210.2767033204	11770.0105439457	11778.6478480941	11795.900278795	11560.711805947	11200.6949124039	10807.6030811152	10047.1593876656	9229.90933909374	8371.69651687537	7561.74118848086	6534.99995960673	6198.17437395316	9021.43593626295	3969.37063780202
518	52684.0949883362	32255.2972766159	26067.8239240936	20258.5116512143	16702.2988770508	14355.4251252419	12806.167576954	12055.4932598169	11699.3579535214	11565.0581031892	11522.9870015513	11097.2257593333	10933.8611705487	10557.9640216451	9871.19192539229	9033.16132905849	8266.77864024749	7427.80528307675	6563.3924732258	5843.99978957723	9349.52923818341	4119.87055381772
520	60265.1395100096	26244.0155582007	26067.8239240936	19537.084609855	16339.0284666354	14092.3671964178	12547.5371653102	11853.2489693937	11475.2920948049	11286.3462585298	11099.2195360737	10745.7062713073	10600.1814289673	10272.7719302019	9647.66079622977	8964.12870198476	8139.94756488185	7255.75383183955	6456.57786644729	5669.33438141532	8925.033129664	4468.13990281663
522	71642.8374085965	25071.6292769299	26067.8239240936	19537.084609855	16053.8942366787	13994.3556935851	12190.476917851	11607.6077388548	11096.3746829437	11000.4684904018	10953.1629989731	10692.3735631298	10462.4472353661	10127.4537817464	9361.20929317647	8673.28626312792	7998.17511243184	7189.65857408678	6311.2444428985	5579.58040062436	8208.44440971098	4955.1024512866
524	82181.2312769357	24160.6148498664	26067.8239240936	19537.084609855	15948.5030222695	13727.632640244	12176.6085249604	11329.1601984875	10844.2257561248	10618.5788834302	10590.4152075865	10347.6995311913	10201.7746317343	9844.75798740348	9139.59736098817	8431.19928593594	7854.6154655943	7075.77940800895	6360.94196247427	5497.29000098981	7203.62266187598	5522.18382428464
526	83713.2089471346	22936.1086860272	26067.8239240936	19537.084609855	15749.0750107823	13476.5121702064	11788.7641276148	11015.6425846861	10594.4889182145	10473.3232613812	10353.7559213866	10264.0122727827	9945.6771181158	9669.60858480238	8980.20947122121	8244.60658881041	7633.33033094767	6959.154125555	6075.23556996057	5469.99925858866	6326.54252040665	6209.87985145411
528	79998.650056245	23579.2266767919	26067.8239240936	19537.084609855	15433.214825148	13491.2638308843	11633.2985760927	10842.2657528177	10299.9465671805	10214.4849553851	10013.6187484161	9923.26413456349	9666.1302588618	9442.21214798365	8811.92739011353	8150.43161448344	7487.23044914469	6841.47193460755	6008.12070956985	5384.78153932967	5559.96386508581	7024.84837263191
530	73066.9000231943	23682.0834979488	26067.8239240936	19537.084609855	15059.3176197907	12849.446068159	11374.8003653592	10456.9365332499	10185.6882719989	9986.86324576132	9846.95925811238	9739.47754957378	9473.56525899161	9126.92044298019	8573.23159587684	8058.54949158347	7307.61490032182	6657.93331607161	5974.94657873571	5292.35595292452	4984.82809985993	7473.83095716969
532	60991.5626402523	23699.1782510029	26067.8239240936	19537.084609855	14774.5863862537	12714.7467106589	11218.8575929841	10466.9839438671	9949.84999961142	9687.35898559919	9585.75120174331	9407.42083130561	9166.29857255861	8950.30221125429	8286.90593723438	7756.46528744013	7224.54577751466	6593.69167980048	5888.30985778124	5050.9278069978	4623.73897971918	7648.466212116
534	47675.1236709042	28562.5966782423	26067.8239240936	19537.084609855	14579.1790713419	12305.6165699974	10862.2277220317	10097.8116763008	9580.51423137575	9406.24680662689	9337.28696566631	9187.22798551445	8997.893364485	8680.14349171327	8331.84719599889	7586.23392028656	7042.0111111013	6436.29299993467	5752.37941402008	5070.79725142878	4495.42030793808	7461.70811858863
536	35735.5251362625	33387.6252488461	26067.8239240936	19537.084609855	14160.4286271865	12257.3777505318	10813.6945762983	9914.98868580175	9397.25464348328	9106.02961998219	9002.2716864389	8894.85551508765	8693.72829237133	8415.70110513256	7943.1176819683	7402.88698617078	6846.46452745607	6368.7291948664	5691.18707063921	4955.11384014115	4463.57181874122	6699.90764483567
538	27625.4017121084	44749.0990964146	26067.8239240936	19537.084609855	13838.7572003889	11982.0339460294	10560.457056061	9560.43991129952	9089.51713298124	9037.04487177281	8737.15793974699	8688.89482047753	8468.93896355357	8300.27572007192	7667.16620921928	7219.06739580194	6743.76076596565	6185.58197856951	5525.18216439979	4851.77265646331	4309.48703150911	5932.11156495612
540	21416.0907611789	55945.6714272855	20336.2331664228	19537.084609855	13802.0190518914	11689.234958145	10346.8986638546	9584.47605754111	8862.9065306552	8702.14558380558	8539.87277191452	8393.6908286577	8203.40734852668	7995.92382883753	7639.14737163778	7140.78687908589	6439.74147126119	5992.93181745759	5365.58975776847	4731.03636605426	4283.30458951447	5018.90470380546
542	19286.9883537957	70324.6372531014	19577.7036870551	19537.084609855	13802.0190518914	11322.46571697	10086.5822117683	9161.09356635854	8701.10590023376	8404.570860635	8425.73981335472	8110.72131954517	7971.95842778578	7779.86259250656	7290.12777293733	6889.56452958223	6381.72281210088	5844.95749884878	5219.03387064696	4725.83223555878	4109.26893543056	4417.4265952768
544	17695.9891191741	85538.0551809914	19235.0613485473	19537.084609855	13802.0190518914	11011.7092621293	9681.60294966528	8936.92569680204	8569.46363804603	8250.70279707513	8044.19891418628	7921.30996242242	7740.66165346743	7568.78867170851	7128.31068443165	6749.07377083467	6290.88187675436	5713.68593781855	5153.49845313159	4559.83454780273	4159.36803154791	3915.08722768685
546	17250.9464196514	98233.6767985945	18648.2078681891	19537.084609855	13802.0190518914	11021.1952897334	9369.14931978581	8717.33272386672	8236.47881435728	8118.12215489582	7971.56838347341	7761.83308375493	7510.93065132897	7439.86372746289	6995.63249465498	6452.09386442118	6074.76554291994	5598.25396654751	5043.44053168373	4488.74808295194	4029.80443143758	3640.69874331064
548	15999.9374028466	102266.447488101	18458.3643510751	19537.084609855	13802.0190518914	10746.5463838639	9424.76664660866	8678.76107125534	7997.27004463672	7909.29712840045	7675.06860296924	7463.09088200562	7369.78703171189	7220.47598105474	6745.86441240954	6406.07395032553	5941.03049520289	5437.79569587233	4906.15503210679	4479.11726325093	3856.09849685767	3513.58410850376
550	15590.9415897625	103116.704383462	17697.4165007405	19537.084609855	13802.0190518914	10429.0960969443	9280.90186976417	8455.15946340121	7714.16300043839	7752.0374146716	7428.85833259234	7148.49509963989	7048.47648085012	6873.6949267005	6597.60057602723	6173.70001666393	5793.02991663735	5295.41817396477	4775.85377666568	4383.46712511054	3851.21784916479	3365.80569809129
552	16683.2548098797	93987.4245167135	18034.4292087328	19537.084609855	13802.0190518914	10070.1727808839	8941.24381196719	8260.8432597788	7679.52739927538	7354.79207988866	7334.20346384824	7014.46316050384	6896.69300665466	6714.49975864012	6423.28279372206	6045.84078096852	5678.05604327806	5172.57797140949	4739.87180330792	4211.32888031118	3668.1897417883	3290.40841355554
554	15002.8421397276	79847.1569914637	18235.8669884452	19537.084609855	13802.0190518914	10005.666613617	8758.68385014243	8014.07700520014	7353.66635530795	7245.93588035785	7089.89787475322	6913.45424303522	6750.01624997476	6570.79506489089	6193.79676093661	5791.44050233202	5494.00928247127	5024.78433630034	4681.1619264174	4116.78438851714	3648.21543409678	3269.42587961334
556	14808.0894678024	63058.0895881541	19907.1788353541	19537.084609855	13802.0190518914	9853.64789769417	8600.45072358816	7644.0337293339	7207.22775727742	7057.37098963982	6835.76475134784	6658.06658679498	6489.60967159808	6419.63071842398	6003.99858513081	5654.50172886295	5343.76376324208	4871.78493468099	4429.8359895683	4038.1771442473	3576.46807763906	3150.0142948267
558	13498.1879816767	48255.5326454259	24449.2503816621	19537.084609855	13802.0190518914	9475.85838351578	8230.38495024079	7576.91928082316	7071.89978364885	6761.09536033988	6479.6099416042	6496.87960509608	6273.92623888509	6147.03116896104	5819.43309206112	5479.59199755621	5135.05410816219	4734.72306663575	4282.38277421338	3950.29966357501	3510.97568066509	3077.19408346727
560	15581.8446277748	34391.0553859106	31329.5649808898	16082.5376347709	13802.0190518914	9281.44579234026	8057.64891785984	7407.90791239478	6828.43027415058	6417.53187973444	6415.73818149148	6331.33933686658	6029.60833331398	6016.69135374464	5635.76197079155	5383.8997647373	5050.45829449478	4579.84165780638	4238.90475296823	3897.63649440935	3403.54487411052	3037.63419913192
562	13843.4952118592	24317.6166002196	44408.8078514923	15535.9130224631	13802.0190518914	9281.44579234026	7772.95229912681	7333.81898407661	6702.67246530245	6326.43766885439	6266.90411782826	6096.26322473105	6004.54785255707	5897.4217297546	5547.14755499524	5175.64946137971	4932.3760651305	4554.03864049192	4151.84945483049	3749.19636548976	3256.35194992898	2966.72692378126
564	13827.3578953626	18594.3304626933	59444.2936788471	15014.0849075767	13802.0190518914	9281.44579234026	7728.13225879562	6941.78268578821	6472.18052789947	6319.09327893714	6165.68648243091	5968.51880570752	5797.06620551675	5605.18664976446	5317.11105154554	5061.46082646235	4764.67899301542	4404.30470367817	4104.06784096608	3644.43161246945	3280.86530606854	2888.60066122317
566	11369.5760038003	15348.3933023245	75489.8138420292	14536.3549023859	13802.0190518914	9281.44579234026	7590.61504089004	6767.75638356852	6304.42948707129	6078.58307079765	5916.55761878079	5794.5016282456	5536.98413181051	5497.13557364856	5178.56461963952	4950.55486680873	4565.38113991468	4334.87324877039	3889.01520228589	3578.83380620863	3133.02644951517	2837.72090399655
568	12858.0510030979	14348.0820273123	89759.238889408	14057.0815411164	13802.0190518914	9281.44579234026	7278.6899867001	6630.23640878323	6306.19669437598	5792.39656918578	5793.18909288789	5580.09725314645	5400.28159907948	5306.35842300402	5062.51201942927	4734.21360417145	4436.71944038636	4153.79359222837	3906.20194627332	3495.5799041247	3098.95410802577	2742.03119781416
570	12267.1765674058	13765.2333210246	100692.756386801	13540.389110939	13802.0190518914	9281.44579234026	7316.64423697818	6487.51127135118	5941.47032388476	5609.34320290581	5542.36239212207	5449.64605276304	5212.57244390504	5222.03457290102	4782.11950615152	4573.67048196223	4370.84136354411	3978.71163320843	3814.8374943431	3374.3252686415	2986.47891572873	2668.64731742715
572	11784.479822574	12689.63999704	106457.518371562	12835.0085454988	13802.0190518914	9281.44579234026	7130.1323871083	6271.72138261329	5736.81960913172	5483.91805220958	5373.66285064159	5272.51643616357	5039.48132777962	5025.51385451056	4674.21419826714	4475.22598948775	4285.00677301696	3901.12397047166	3609.60911381733	3291.99476611772	2915.7922636488	2661.83681789201
574	11534.3322031092	12569.3680598457	103036.445995862	12808.6624672306	13802.0190518914	9281.44579234026	6972.62249857091	6081.05792100106	5500.90588570923	5382.3873621862	5165.61414613344	5118.99845469666	4873.19491297261	4955.24087315104	4556.4932065467	4284.09377178579	4073.40099456147	3833.71460056297	3469.28792899193	3120.95617746326	2899.72534093942	2591.86246745053
576	11828.8335800431	12293.4830560901	94136.2327305105	12765.7009276471	13802.0190518914	9281.44579234026	6788.1974728899	5914.46351576706	5493.97871847515	5235.91293284868	4965.39638075259	4866.75211686039	4793.0670244281	4684.15866957939	4423.38059964401	4153.98889851537	4017.83537031324	3721.27189714011	3370.97042859752	3075.43417274878	2777.91883249985	2489.86688096642
578	12318.0249812213	11603.1948269918	79702.9324250697	13247.4763027988	13802.0190518914	9281.44579234026	6640.22300811137	5705.06734976998	5365.21003630361	4991.81723457345	4978.6109206248	4768.31645942524	4607.85900051697	4466.03353415883	4212.99103248065	4115.45282177323	3976.5734572277	3646.50348962045	3206.09993580905	2982.65322256838	2784.6022022422	2435.86028265773
580	11100.6741864691	11146.8704655476	62273.7240199799	14951.425101125	11861.410135052	9281.44579234026	6592.27929978251	5558.65393885046	5234.21687305138	4893.16684938907	4862.01252032049	4572.42574230376	4534.87067516247	4343.54675726536	4188.73384347836	3970.15882733712	3702.16818707728	3514.30874225071	3223.96638080502	2936.15464318146	2687.81014846957	2367.32716765328
582	10905.4713904855	11063.1400034087	46724.6517189919	18645.2259849227	11246.0853990612	9281.44579234026	6592.27929978251	5501.61397324435	5066.81493365505	4746.427431159	4691.34054212815	4447.10950275265	4345.18017835427	4199.45599788194	3895.57642915773	3821.03871437142	3567.48621768157	3403.08537818511	3194.19666441214	2877.15697614633	2571.83034610155	2341.26291418091
584	12050.8467342179	11216.9596551695	32088.8452568002	26373.0793279458	11476.229374963	9281.44579234026	6592.27929978251	5362.60556170117	5045.78439270162	4623.44086059925	4481.50439416072	4419.82899358154	4222.42636998588	4148.046144695	3819.39079929463	3668.04952298603	3498.70459631885	3243.29512308703	3044.59076255732	2726.64684142906	2453.73803216953	2309.90614815227
586	12379.7383113693	10531.4145826531	22544.1716123493	36708.7980313925	10791.6653435393	9281.44579234026	6592.27929978251	5292.68724216576	4750.71021746599	4543.07905147535	4388.58282831186	4118.5847126296	4124.96718702403	3939.3486612657	3783.99890330308	3610.59389384512	3371.49173138124	3203.90525257909	3029.9305217919	2734.09969428222	2465.48165816386	2166.83481938869
588	10425.4404291273	10124.9146720412	16161.7968088265	49616.9546735558	10189.6353925764	9281.44579234026	6592.27929978251	5016.77370261026	4547.05180162213	4417.72968712379	4143.88828591635	4106.54082448918	4015.41268854166	3879.52428081602	3727.97036224896	3398.64695972769	3283.50836752051	3112.23051516077	2936.42289490797	2656.75632530866	2383.86172819955	2117.81048273376
590	10696.7648356118	10000.3191550287	12714.2005462605	65952.9513566781	10355.5619507609	9281.44579234026	6592.27929978251	4970.38057534782	4632.34138106139	4082.17687818569	4073.13589482583	4032.88556600644	3868.11839818082	3739.63755728773	3394.22552313767	3354.99849934316	3142.7640672871	2955.44211102353	2819.07158606636	2563.17715798122	2292.15487026735	2077.12126290578
592	11942.0320504067	9997.4514286222	11151.1718631194	80404.4565391119	10145.1578644959	9281.44579234026	6592.27929978251	4865.23321208754	4394.05621305505	4117.97829739351	3953.81904318699	3796.57351935294	3681.37939375544	3586.47772223609	3410.67164793314	3201.1609738664	3105.75350945787	2892.76662504719	2673.49578277897	2521.07758489046	2265.89668597086	1992.7318461561
594	10829.9779706746	9719.93485862447	10540.1977619803	92649.7679829568	9701.93299541506	9281.44579234026	6592.27929978251	4891.138687197	4290.57625090935	3958.4735127342	3906.49406273733	3701.69844519869	3452.04613477232	3488.39598235584	3313.52281703829	3173.6856225888	2930.29033893677	2850.52288632071	2601.1715423272	2442.09966660751	2184.27049207202	1947.66887929873
596	10178.552791332	9771.41625115305	10036.0420617829	99810.4955130951	9686.64986163275	9281.44579234026	6592.27929978251	4612.53188690712	4041.44685771219	3843.88966994315	3728.78347848363	3545.67866669885	3420.1459183258	3381.28216518429	3185.22217168235	3091.67058124372	2838.75892795705	2695.34468970068	2554.22081555168	2270.51950607771	2142.02039766706	1907.8545087642
598	9967.2104188005	9740.62250627574	9670.73860600414	100290.861555141	9511.18300392253	9281.44579234026	6592.27929978251	4800.99591586121	4053.60511718758	3843.93239421853	3635.29015142115	3495.00146227019	3324.57933497571	3290.70674115291	3196.88486912715	2911.23510593871	2780.3952982854	2710.29259156748	2393.83737749847	2307.36489488634	2087.73827227116	1835.56569816562
600	9022.49406715547	9190.75598634613	9287.21699981194	92098.7477299165	9419.3936147121	8804.47663584982	6592.27929978251	4682.06264034267	3963.93981988185	3561.6455971734	3480.07838115031	3438.34803012706	3211.52806603693	3226.79366475868	2993.23085443448	2831.47009708713	2681.47152251978	2560.22104915355	2370.71848467757	2212.56186363897	1927.55694850808	1781.35974518317
