Wavelength	240	250	260	270	280	290	300	310	320	330	340	350	360	370	380	390	400	410	420	430	440	450
nm	CPS / MicroAmps	CPS / MicroAmps	CPS / MicroAmps	CPS / MicroAmps	CPS / MicroAmps	CPS / MicroAmps	CPS / MicroAmps	CPS / MicroAmps	CPS / MicroAmps	CPS / MicroAmps	CPS / MicroAmps	CPS / MicroAmps	CPS / MicroAmps	CPS / MicroAmps	CPS / MicroAmps	CPS / MicroAmps	CPS / MicroAmps	CPS / MicroAmps	CPS / MicroAmps	CPS / MicroAmps	CPS / MicroAmps	CPS / MicroAmps
300	20727.5890215314	19326.1144009757	14648.2936030746	141095.938910127	20540.014533091	12481.3937340708	555205.011594197	6649.86469909009	7208.24797440484	7603.91817585827	6325.09051089766	5594.87969763969	4940.03624164026	4814.9542632423	5369.84989274292	5232.51545418899	4306.90336302234	3968.8752914167	3859.50515686233	4107.51363928257	4269.95344289814	3574.06202969677
302	19010.0955097114	20321.8959847231	15271.2602338886	97024.0437752067	36638.4661738677	10249.1645840043	8670.05281255869	6649.86469909009	7208.24797440484	7603.91817585827	6325.09051089766	5594.87969763969	4940.03624164026	4814.9542632423	5369.84989274292	5232.51545418899	4306.90336302234	3968.8752914167	3859.50515686233	4107.51363928257	4269.95344289814	3574.06202969677
304	21294.1320659936	19991.4151349992	15360.2687739134	56142.7246012056	64392.645400324	10655.7746632011	8670.05281255869	6649.86469909009	7208.24797440484	7603.91817585827	6325.09051089766	5594.87969763969	4940.03624164026	4814.9542632423	5369.84989274292	5232.51545418899	4306.90336302234	3968.8752914167	3859.50515686233	4107.51363928257	4269.95344289814	3574.06202969677
306	19986.0183513369	18933.9309542048	15183.0715381197	30182.3007508544	101686.036121077	10451.3339487608	8670.05281255869	6649.86469909009	7208.24797440484	7603.91817585827	6325.09051089766	5594.87969763969	4940.03624164026	4814.9542632423	5369.84989274292	5232.51545418899	4306.90336302234	3968.8752914167	3859.50515686233	4107.51363928257	4269.95344289814	3574.06202969677
308	19803.87766584	19093.8689387502	14704.5830312662	19019.894115765	129225.413688381	10471.5888936547	8670.05281255869	6649.86469909009	7208.24797440484	7603.91817585827	6325.09051089766	5594.87969763969	4940.03624164026	4814.9542632423	5369.84989274292	5232.51545418899	4306.90336302234	3968.8752914167	3859.50515686233	4107.51363928257	4269.95344289814	3574.06202969677
310	20668.3161758075	18765.801226449	15325.4847330117	15992.8163836642	135991.181600888	11839.3545567931	8670.05281255869	6649.86469909009	7208.24797440484	7603.91817585827	6325.09051089766	5594.87969763969	4940.03624164026	4814.9542632423	5369.84989274292	5232.51545418899	4306.90336302234	3968.8752914167	3859.50515686233	4107.51363928257	4269.95344289814	3574.06202969677
312	18597.4677762847	17676.2213155755	15344.5945158586	15045.8749080658	115067.879271257	16844.9130172328	6755.7525022287	6649.86469909009	7208.24797440484	7603.91817585827	6325.09051089766	5594.87969763969	4940.03624164026	4814.9542632423	5369.84989274292	5232.51545418899	4306.90336302234	3968.8752914167	3859.50515686233	4107.51363928257	4269.95344289814	3574.06202969677
314	16957.5486961673	18177.9076540602	15224.9949947271	15640.2621008405	81324.8518009687	29974.0925607924	6459.19197174531	6649.86469909009	7208.24797440484	7603.91817585827	6325.09051089766	5594.87969763969	4940.03624164026	4814.9542632423	5369.84989274292	5232.51545418899	4306.90336302234	3968.8752914167	3859.50515686233	4107.51363928257	4269.95344289814	3574.06202969677
316	15989.0475031018	17396.0264419817	15851.5661605226	15698.4190389439	48640.9657182141	53478.5777808179	6342.6130379523	6649.86469909009	7208.24797440484	7603.91817585827	6325.09051089766	5594.87969763969	4940.03624164026	4814.9542632423	5369.84989274292	5232.51545418899	4306.90336302234	3968.8752914167	3859.50515686233	4107.51363928257	4269.95344289814	3574.06202969677
318	16863.1225114038	17037.6580901945	16043.8205818427	15651.6073054424	29397.4376843445	80300.1930901263	6383.06316127197	6649.86469909009	7208.24797440484	7603.91817585827	6325.09051089766	5594.87969763969	4940.03624164026	4814.9542632423	5369.84989274292	5232.51545418899	4306.90336302234	3968.8752914167	3859.50515686233	4107.51363928257	4269.95344289814	3574.06202969677
320	17800.0052386861	17380.1394125728	16317.1063706918	16147.233694893	21055.131308227	100760.755207401	6928.09383220015	6649.86469909009	7208.24797440484	7603.91817585827	6325.09051089766	5594.87969763969	4940.03624164026	4814.9542632423	5369.84989274292	5232.51545418899	4306.90336302234	3968.8752914167	3859.50515686233	4107.51363928257	4269.95344289814	3574.06202969677
322	17873.8226168813	17390.6388121386	16531.7914979578	16892.3363744297	18270.4851806249	104540.752731234	8218.17665874767	5178.32668080373	7208.24797440484	7603.91817585827	6325.09051089766	5594.87969763969	4940.03624164026	4814.9542632423	5369.84989274292	5232.51545418899	4306.90336302234	3968.8752914167	3859.50515686233	4107.51363928257	4269.95344289814	3574.06202969677
324	19419.352054624	17720.8850259661	17571.7775503997	17323.8398825049	18233.7706659554	90483.6590299254	12618.6439125776	5192.87612511201	7208.24797440484	7603.91817585827	6325.09051089766	5594.87969763969	4940.03624164026	4814.9542632423	5369.84989274292	5232.51545418899	4306.90336302234	3968.8752914167	3859.50515686233	4107.51363928257	4269.95344289814	3574.06202969677
326	20892.9776107735	18274.56067685	16812.6031251122	17523.8764648522	18286.9147448163	64541.7488262727	22655.4879251929	5620.67535989998	7208.24797440484	7603.91817585827	6325.09051089766	5594.87969763969	4940.03624164026	4814.9542632423	5369.84989274292	5232.51545418899	4306.90336302234	3968.8752914167	3859.50515686233	4107.51363928257	4269.95344289814	3574.06202969677
328	20931.9260539576	18252.1464074	17801.038009474	18483.4455918644	18927.0546491787	41048.7205331172	40389.2364422087	5970.32731075196	7208.24797440484	7603.91817585827	6325.09051089766	5594.87969763969	4940.03624164026	4814.9542632423	5369.84989274292	5232.51545418899	4306.90336302234	3968.8752914167	3859.50515686233	4107.51363928257	4269.95344289814	3574.06202969677
330	24650.1880608599	18670.713739138	17449.7429454597	18846.5148466336	19177.2302686386	26835.2957154754	61595.4944912377	6299.01471437754	7208.24797440484	7603.91817585827	6325.09051089766	5594.87969763969	4940.03624164026	4814.9542632423	5369.84989274292	5232.51545418899	4306.90336302234	3968.8752914167	3859.50515686233	4107.51363928257	4269.95344289814	3574.06202969677
332	27290.2958283881	19447.5841567252	18268.7221985292	19510.783748449	20361.1712140679	20431.0575547903	79542.3949285719	6941.69783614369	5381.29068146371	7603.91817585827	6325.09051089766	5594.87969763969	4940.03624164026	4814.9542632423	5369.84989274292	5232.51545418899	4306.90336302234	3968.8752914167	3859.50515686233	4107.51363928257	4269.95344289814	3574.06202969677
334	26205.2641858288	19924.0898778445	18931.6040592028	20135.3597240423	20807.2328384567	18413.6662748896	83642.6008958286	8182.37346132572	5356.32142834143	7603.91817585827	6325.09051089766	5594.87969763969	4940.03624164026	4814.9542632423	5369.84989274292	5232.51545418899	4306.90336302234	3968.8752914167	3859.50515686233	4107.51363928257	4269.95344289814	3574.06202969677
336	28987.1452025957	21761.6842177845	19770.4200636783	20054.5119571263	21038.4823137441	18852.1424769117	73704.4820572587	11109.525587768	5668.44689673043	7603.91817585827	6325.09051089766	5594.87969763969	4940.03624164026	4814.9542632423	5369.84989274292	5232.51545418899	4306.90336302234	3968.8752914167	3859.50515686233	4107.51363928257	4269.95344289814	3574.06202969677
338	30387.0519023971	21615.2975362934	19862.3053404665	20608.1564395996	21145.8685342531	19057.5361276395	55572.3071131592	18243.1525427925	6055.59630651643	7603.91817585827	6325.09051089766	5594.87969763969	4940.03624164026	4814.9542632423	5369.84989274292	5232.51545418899	4306.90336302234	3968.8752914167	3859.50515686233	4107.51363928257	4269.95344289814	3574.06202969677
340	32484.2353521472	21576.2456135067	19813.5258036297	20765.6739125743	21353.214765008	19390.1007198054	36803.2501510427	30940.2615827814	6514.93873186737	7603.91817585827	6325.09051089766	5594.87969763969	4940.03624164026	4814.9542632423	5369.84989274292	5232.51545418899	4306.90336302234	3968.8752914167	3859.50515686233	4107.51363928257	4269.95344289814	3574.06202969677
342	32869.8656546478	22312.7697479837	20601.860608441	21517.9165601055	21711.3997546276	20034.9056110806	24605.6329303448	47709.4120150412	7058.95392720383	5363.52977030525	6325.09051089766	5594.87969763969	4940.03624164026	4814.9542632423	5369.84989274292	5232.51545418899	4306.90336302234	3968.8752914167	3859.50515686233	4107.51363928257	4269.95344289814	3574.06202969677
344	34720.7897491039	23678.621455132	20671.9880736459	21826.3220950276	22147.7422406359	20527.6011997814	19042.5694053692	62946.3858726443	7583.63968599291	5323.93992342548	6325.09051089766	5594.87969763969	4940.03624164026	4814.9542632423	5369.84989274292	5232.51545418899	4306.90336302234	3968.8752914167	3859.50515686233	4107.51363928257	4269.95344289814	3574.06202969677
346	35053.0830268734	24785.2770635096	21531.8103495614	21558.3220886045	22170.212768631	20796.074744376	17710.5426844159	68749.0794631648	8444.61517123092	5946.94553307423	6325.09051089766	5594.87969763969	4940.03624164026	4814.9542632423	5369.84989274292	5232.51545418899	4306.90336302234	3968.8752914167	3859.50515686233	4107.51363928257	4269.95344289814	3574.06202969677
348	36874.3708772114	25044.4943139545	22270.4091275046	22365.9939845976	22540.0833641281	21109.7445080167	17722.81118194	64339.4558600957	10707.8309796957	6526.64524526135	6325.09051089766	5594.87969763969	4940.03624164026	4814.9542632423	5369.84989274292	5232.51545418899	4306.90336302234	3968.8752914167	3859.50515686233	4107.51363928257	4269.95344289814	3574.06202969677
350	37177.3185696081	26333.2200763239	22520.1357007246	22747.6486535351	22799.5434004282	21903.93496883	18457.3577783733	50705.8654650867	15171.9017444701	7085.77017287417	6325.09051089766	5594.87969763969	4940.03624164026	4814.9542632423	5369.84989274292	5232.51545418899	4306.90336302234	3968.8752914167	3859.50515686233	4107.51363928257	4269.95344289814	3574.06202969677
352	39012.5631687669	27298.1446378259	23781.0451501096	23243.4668357894	23184.8592268697	22357.9645530701	19306.5444075203	36383.6123498176	23907.2401089752	7735.43625054929	5072.27094281633	5594.87969763969	4940.03624164026	4814.9542632423	5369.84989274292	5232.51545418899	4306.90336302234	3968.8752914167	3859.50515686233	4107.51363928257	4269.95344289814	3574.06202969677
354	39664.548898684	28125.9459135885	24212.0525351145	23335.7122600531	23606.0039076096	22575.81466611	19822.6519091286	25682.649203505	35950.0126941648	8526.51612151398	5356.22502247099	5594.87969763969	4940.03624164026	4814.9542632423	5369.84989274292	5232.51545418899	4306.90336302234	3968.8752914167	3859.50515686233	4107.51363928257	4269.95344289814	3574.06202969677
356	39169.5154715062	28155.3245766377	24796.8075763941	24051.6967784496	23593.9281482164	23156.7018696202	20241.4317123703	20458.4619816083	49237.6895091586	9394.58534531183	5916.50385655138	5594.87969763969	4940.03624164026	4814.9542632423	5369.84989274292	5232.51545418899	4306.90336302234	3968.8752914167	3859.50515686233	4107.51363928257	4269.95344289814	3574.06202969677
358	39389.3777106478	30148.1891771679	25915.3761611766	24592.2763949854	24366.7580715873	23533.3657042882	21172.0888761124	18992.6771712124	57083.8162857969	10275.5863978344	6595.65499793789	5594.87969763969	4940.03624164026	4814.9542632423	5369.84989274292	5232.51545418899	4306.90336302234	3968.8752914167	3859.50515686233	4107.51363928257	4269.95344289814	3574.06202969677
360	41391.5699372688	31375.0340419429	26852.3104107853	24976.4387358702	24348.378417791	24361.1449506837	21977.4448075441	19027.324241739	57391.1191809619	11875.6921263879	7416.39353581878	5594.87969763969	4940.03624164026	4814.9542632423	5369.84989274292	5232.51545418899	4306.90336302234	3968.8752914167	3859.50515686233	4107.51363928257	4269.95344289814	3574.06202969677
362	41214.8039294239	33122.2105470113	27863.1353458988	25535.6014312666	25079.2003065514	24761.2253895702	22912.8071627517	20006.1822381753	50326.1796345824	14789.8140319075	8196.30447753518	5093.65602966626	4940.03624164026	4814.9542632423	5369.84989274292	5232.51545418899	4306.90336302234	3968.8752914167	3859.50515686233	4107.51363928257	4269.95344289814	3574.06202969677
364	43341.2744420428	34094.1274999348	28648.4303280931	26383.9227846724	25482.7913992816	25563.9057230112	23903.6867905097	20861.290488226	39552.7164250489	20528.1100619928	9003.83259288754	5341.99051754782	4940.03624164026	4814.9542632423	5369.84989274292	5232.51545418899	4306.90336302234	3968.8752914167	3859.50515686233	4107.51363928257	4269.95344289814	3574.06202969677
366	43717.3815923193	35114.7729864466	30134.0333536969	27390.6236354279	26286.0392530404	25929.187049511	24672.3829971582	21935.5491943811	30101.4897237703	29400.6038174301	9863.15206357229	6010.9972593077	4940.03624164026	4814.9542632423	5369.84989274292	5232.51545418899	4306.90336302234	3968.8752914167	3859.50515686233	4107.51363928257	4269.95344289814	3574.06202969677
368	46065.146486748	38103.3898582333	31347.5024475444	28540.0195988393	26896.2006089603	26831.9309980597	26081.1344292862	23226.1689307252	24633.9572534504	40139.0675871815	10913.876647091	6716.47304148904	4940.03624164026	4814.9542632423	5369.84989274292	5232.51545418899	4306.90336302234	3968.8752914167	3859.50515686233	4107.51363928257	4269.95344289814	3574.06202969677
370	45882.2251213648	39303.4561506488	32676.5886018508	29263.7075560503	27755.6971252107	27729.9524043558	27078.4312371159	24612.1711982178	22701.4523827493	49324.0804393121	11962.8186610032	7472.53670455702	4940.03624164026	4814.9542632423	5369.84989274292	5232.51545418899	4306.90336302234	3968.8752914167	3859.50515686233	4107.51363928257	4269.95344289814	3574.06202969677
372	48349.777994832	40965.0330212394	34427.1084073322	30753.8712995356	28344.6908747027	28472.8726719278	28083.4915173671	26070.1627529742	22860.9242722387	53512.3057945369	13608.4802094819	8266.32032767935	4591.01607794232	4814.9542632423	5369.84989274292	5232.51545418899	4306.90336302234	3968.8752914167	3859.50515686233	4107.51363928257	4269.95344289814	3574.06202969677
374	50077.1831002586	42949.7215000444	35916.6017312237	31708.8667164913	29409.2667843142	29373.8538269257	29393.4594499525	27288.9821402763	23794.4485689646	50818.2493758736	16056.2624717787	9208.2402117162	5001.14879309788	4814.9542632423	5369.84989274292	5232.51545418899	4306.90336302234	3968.8752914167	3859.50515686233	4107.51363928257	4269.95344289814	3574.06202969677
376	52316.3656493635	43897.6703525885	37896.8809657285	33302.7273541344	30212.9412116756	30258.7878029575	30267.249084221	28738.2758230447	24976.6300207989	43699.785471927	20398.6929277883	10124.6328599391	5490.14653072566	4814.9542632423	5369.84989274292	5232.51545418899	4306.90336302234	3968.8752914167	3859.50515686233	4107.51363928257	4269.95344289814	3574.06202969677
378	53762.8438659923	47960.907977655	39413.1729280422	34431.9350195676	31267.2783907843	31106.8254000522	31941.0458134254	30008.0438493093	26422.8253266048	35849.9808585136	27250.4342496598	11102.4887777073	6090.23530962578	4814.9542632423	5369.84989274292	5232.51545418899	4306.90336302234	3968.8752914167	3859.50515686233	4107.51363928257	4269.95344289814	3574.06202969677
380	53634.4942355051	49544.3367535934	41498.3598387499	35100.3797522679	32337.3705994687	32627.8220997884	33143.3265864944	31449.2074487459	27798.5801508699	30191.7078967814	36022.9769613751	12123.7509744953	6981.8558114539	4814.9542632423	5369.84989274292	5232.51545418899	4306.90336302234	3968.8752914167	3859.50515686233	4107.51363928257	4269.95344289814	3574.06202969677
382	58105.0881519917	52062.405216633	43464.7397142962	37256.4172084109	33555.35972283	33856.2203017109	34643.15463859	33306.1955524569	29369.6214532232	27938.7810632748	44313.5152692923	13571.9238936667	7874.03986646638	4449.7942558858	5369.84989274292	5232.51545418899	4306.90336302234	3968.8752914167	3859.50515686233	4107.51363928257	4269.95344289814	3574.06202969677
384	58779.4316909272	55136.415503143	45827.8804501957	38520.716405705	34988.2675910534	35202.6927206886	36125.5353818668	34730.7217369938	31250.2994197497	27681.253068718	49376.6517165969	14963.6172940692	8818.06870340257	4813.20510636549	5369.84989274292	5232.51545418899	4306.90336302234	3968.8752914167	3859.50515686233	4107.51363928257	4269.95344289814	3574.06202969677
386	61751.436394165	58028.4229313794	48098.3141980301	39923.0823784748	36120.4435418519	36501.6602783195	37644.8589015723	36603.4134414115	32672.5648528524	28650.6810869661	49592.999931783	17057.5661316345	9766.13071846148	5284.85095197206	5369.84989274292	5232.51545418899	4306.90336302234	3968.8752914167	3859.50515686233	4107.51363928257	4269.95344289814	3574.06202969677
388	63522.6164668376	58854.7205081401	49347.6558482699	41150.6020973001	37213.0089385472	37747.8373663088	38790.9286095519	38384.7257817361	34707.3753079095	30096.7422357961	45198.4916990354	20836.1021921299	10974.1387948319	6020.57519365477	5369.84989274292	5232.51545418899	4306.90336302234	3968.8752914167	3859.50515686233	4107.51363928257	4269.95344289814	3574.06202969677
390	66580.0454690897	61967.1022731746	51925.6632383441	43699.8707764104	38643.0489400832	38933.3425373493	40241.8528093945	39750.24295393	36080.3540510951	31574.7144710696	39502.3056329495	26310.5078078693	12084.8542796314	6920.31859116958	5369.84989274292	5232.51545418899	4306.90336302234	3968.8752914167	3859.50515686233	4107.51363928257	4269.95344289814	3574.06202969677
392	69161.0120443572	65271.3280965317	53390.7161059999	45023.1422437568	40280.0274805127	40371.1083395604	41848.7419180013	41726.9477959922	38034.7934833229	33207.6073256446	34705.3646839321	33877.3870283217	13297.7939582979	7778.21715614326	4301.31448407081	5232.51545418899	4306.90336302234	3968.8752914167	3859.50515686233	4107.51363928257	4269.95344289814	3574.06202969677
394	71483.4946452097	67731.0150517782	56624.4189655187	46855.5923114057	41495.5069678635	41608.6385412579	43270.8921946095	43211.5279362405	39562.3867728703	34799.6803359059	32136.9233232982	41160.8194470057	14703.190938707	8749.59034915724	4698.15272760132	5232.51545418899	4306.90336302234	3968.8752914167	3859.50515686233	4107.51363928257	4269.95344289814	3574.06202969677
396	75195.1494173755	70517.5461062263	58721.0617041814	48475.3910332211	42909.3261030433	42978.0596521804	44960.9088487978	45151.3380566153	41539.0722938421	36518.1336196422	31619.6054988308	46401.1519927294	16074.457752396	9789.54943026066	5166.33346499017	5232.51545418899	4306.90336302234	3968.8752914167	3859.50515686233	4107.51363928257	4269.95344289814	3574.06202969677
398	76973.2282440166	74037.1792846267	61150.7066610716	49951.1540950947	44513.134508556	44238.3334013468	46168.0154628078	46561.7369125179	43143.6719193934	38288.791559512	32412.1816269652	47905.8512716788	17923.9817301719	10890.7911380637	5849.95831004669	5232.51545418899	4306.90336302234	3968.8752914167	3859.50515686233	4107.51363928257	4269.95344289814	3574.06202969677
400	78313.2885459457	76883.1852726343	63464.5437856777	51930.5938054847	45273.6511425891	45228.3924898031	47578.3044648749	48271.841284181	44852.4518782553	39976.7318016642	33757.8508087194	45079.922477037	21060.3533091367	12002.8846106104	6516.93120224135	5232.51545418899	4306.90336302234	3968.8752914167	3859.50515686233	4107.51363928257	4269.95344289814	3574.06202969677
402	81463.9024567755	77976.577742071	65148.5024718763	53319.6387169738	46660.377823705	46880.7526951162	48812.6976765363	49736.4807256093	46206.9694560074	41564.3433946539	35255.6941437591	40844.3685204593	25249.6613794244	13139.1883057214	7299.28792495711	4203.7555592612	4306.90336302234	3968.8752914167	3859.50515686233	4107.51363928257	4269.95344289814	3574.06202969677
404	81993.4033438117	80875.1064146721	67568.0659335051	54819.1769066777	48124.6673757609	47208.5142524694	49967.2488194796	50933.074624873	47809.0989992705	43135.4362026898	37037.0861941004	36688.4194800674	30890.4675029149	14292.7337071618	8252.12470467552	4508.28479196647	4306.90336302234	3968.8752914167	3859.50515686233	4107.51363928257	4269.95344289814	3574.06202969677
406	86467.2505105168	83506.2700165854	69451.1976980774	57103.0477694136	49202.1749015031	48392.8080513282	50888.0753991338	52329.4665756225	49305.5203504395	44635.0800146369	38471.7287198769	34300.3137033576	37520.1812245529	15608.3615069514	9170.32955587447	4978.17331572624	4306.90336302234	3968.8752914167	3859.50515686233	4107.51363928257	4269.95344289814	3574.06202969677
408	85822.9210627772	83130.3085646321	71276.4198522032	58604.9009989082	50372.7417916945	49712.8780766403	52136.0415957363	53476.9863826275	50987.8259327018	46149.8973326353	40034.0423857858	33827.2329540424	42959.0137302634	16950.0083836866	10039.6082494578	5482.32818423271	4306.90336302234	3968.8752914167	3859.50515686233	4107.51363928257	4269.95344289814	3574.06202969677
410	88785.8449764342	87464.0303053358	73190.0088311057	59868.7493327603	51288.1250391085	50183.4419538296	53132.0758005779	54532.1146897344	52163.2682600881	47419.1920285375	41380.6298683308	34417.5945481602	45423.3498808377	18368.1138445981	10962.3001308285	6136.23641460038	4306.90336302234	3968.8752914167	3859.50515686233	4107.51363928257	4269.95344289814	3574.06202969677
412	92393.0202229272	89359.4531537809	75980.676660026	61710.1592577307	52201.2491304751	51100.1228128681	53888.4665253217	55579.2771912849	53522.5303971518	48942.8809867333	42890.9486161085	35708.5622951695	45060.5620729141	20343.3654506684	12032.0163695293	6824.3611188486	4005.95392915577	3968.8752914167	3859.50515686233	4107.51363928257	4269.95344289814	3574.06202969677
414	90461.582636986	90268.8932918395	77493.8994890803	63604.2499272685	53267.7467694399	52253.8311178618	54379.0972458429	56877.8508512586	54484.9746629355	50422.1080085665	44205.069266297	36802.7573466907	41979.1996290717	23500.1743464946	13030.5763461175	7528.91311850652	4317.81904406465	3968.8752914167	3859.50515686233	4107.51363928257	4269.95344289814	3574.06202969677
416	92845.6687696959	92260.669255174	79141.208154979	64172.0819150689	54567.9359581848	52667.2054196378	55218.9388025425	57263.813112281	55558.1322546628	51737.5623257284	45612.7398097229	38201.6861415836	38689.8374685324	27674.8007140913	14023.9206456699	8448.8052259197	4691.66077027865	3968.8752914167	3859.50515686233	4107.51363928257	4269.95344289814	3574.06202969677
418	97381.557942497	94444.3658485831	81099.7618396473	66559.7387690333	55540.0744401119	53728.603978244	56012.0374217003	58169.3468569828	56422.4831769789	53087.3469726162	47060.3042347832	39502.0000329314	36125.0050235718	32902.1787225699	15238.2050735646	9297.28367886847	5284.30574615252	3968.8752914167	3859.50515686233	4107.51363928257	4269.95344289814	3574.06202969677
420	97540.7951629035	96965.1259769434	83052.5134557697	66732.1278225146	56452.9766421277	54590.6604111924	56541.7804021318	58873.2018669124	57417.7343681888	54053.6106653617	48550.8291754213	40790.6564001571	34927.7543929761	38142.6198298024	16269.4079659262	10146.4624114165	5819.25062503766	3968.8752914167	3859.50515686233	4107.51363928257	4269.95344289814	3574.06202969677
422	96799.3713391246	98189.7662377399	84705.7555651039	68529.466635009	57992.6501021746	54937.4880789934	56945.0414823983	59315.5680959942	58329.8260139109	55104.5068628277	49664.1877527698	42114.8732777961	34901.4058429338	41694.8751743631	17509.5665347562	10959.6918064026	6396.38046956558	3768.00461084708	3859.50515686233	4107.51363928257	4269.95344289814	3574.06202969677
424	100166.44614492	99352.4406920712	85648.1782891795	69639.309112011	58912.5548023324	55160.5720592563	56830.6438984544	59470.266742854	58921.3175017665	55839.9345545833	50460.6503161698	43188.0890490745	35537.4981917789	42831.0750788694	18868.0206394202	11821.5464779801	7156.51619784929	4047.70645374961	3859.50515686233	4107.51363928257	4269.95344289814	3574.06202969677
426	98279.5424884828	100018.367713669	86277.9641656189	70832.9383712897	59069.9586227853	55953.1665128972	57251.2015397856	59881.5708803734	59430.0115217327	56820.3234328984	51804.4290174486	44239.3781681499	36560.5321899513	41454.3358661017	20563.3045451761	12732.9542783053	7937.71772071521	4435.62616958579	3859.50515686233	4107.51363928257	4269.95344289814	3574.06202969677
428	101260.879633646	101516.134705265	88881.3719087256	71463.6598133779	59623.6569099918	55978.679647525	57105.3773950618	60036.6881681325	59859.5364932749	57591.8734645089	52456.7457623275	45231.2396735716	37437.1799237715	38707.3505015128	23562.9114447101	13585.8464716233	8570.13125354567	4941.56381100942	3859.50515686233	4107.51363928257	4269.95344289814	3574.06202969677
430	96945.8805563841	102189.533031683	89449.7046785033	72487.0084156105	59730.3118022711	56088.7598218143	57710.9085702915	60476.7167878307	60188.6616219092	58390.3219126258	53383.2407321697	46100.7061886879	38492.8359739284	36134.2850157642	26935.5637014754	14449.0074509518	9327.150048449	5436.6911956952	3859.50515686233	4107.51363928257	4269.95344289814	3574.06202969677
432	99431.5312254953	101885.278624081	89762.8884103645	73592.9807905694	61405.1508407391	56617.0509736059	58214.7511422566	60382.0118587231	60512.2847132948	58923.7036979898	54271.5296349782	47006.1868718862	39579.3120497727	34202.6243306797	31301.0536372871	15445.1251578757	10059.5720158722	5891.89340136431	3569.10425452557	4107.51363928257	4269.95344289814	3574.06202969677
434	99526.8355115021	103639.357150608	90932.6488848226	74947.3747683183	61601.0314301846	56901.3183197911	57806.868548109	60541.1251825461	61034.8516500525	59470.7341856453	54930.2208328138	47732.3096359933	40187.3854769544	33469.905748096	35146.6679397024	16253.8679133345	10986.8202231491	6606.78394943882	3834.94764868043	4107.51363928257	4269.95344289814	3574.06202969677
436	102282.295390703	104356.754966831	91690.4390461742	75561.6910419321	62060.3560529389	57154.1614400663	57937.8720477185	60561.0393906524	61091.2564461585	60074.1148692671	55624.400876347	48882.4288440995	41119.6988674246	33928.3304325936	37418.1412587742	17355.5574642329	11637.3638535018	7288.68194603827	4257.20502603408	4107.51363928257	4269.95344289814	3574.06202969677
438	101209.146892193	103986.474956256	93693.3583847896	76654.8332032238	62864.8755432904	58240.7100414184	57838.8510023055	60541.3725177327	61210.9731377004	60377.0171069321	56337.8668682364	49618.674906	41955.1981999162	34351.3947324559	38044.1388032642	18653.5597613292	12354.8708431546	7969.60505182155	4629.47761240523	4107.51363928257	4269.95344289814	3574.06202969677
440	101355.280159307	105324.712793396	93090.8475143849	77340.1208779318	63092.6553308292	57388.412023824	58125.0264443756	60263.7212653766	60984.2517022331	60387.9401640699	56837.9709291721	49878.2566559991	42697.7129170234	35027.543618643	36658.5590717395	20497.6687719945	13175.5917596192	8646.23153085273	5138.62261029948	4107.51363928257	4269.95344289814	3574.06202969677
442	100784.78319541	105652.386230845	93449.7596915334	77679.7292307505	63796.4721415373	57479.6145300426	57983.9541805839	59966.659053095	61231.6498183371	60781.9540141056	57196.6028920776	50507.4725246114	43367.0641648067	35727.1502843745	34491.8002492163	22875.1370519039	13931.4230231068	9299.86636184708	5621.61128438848	3505.65369141133	4269.95344289814	3574.06202969677
444	100134.277523619	105630.016610558	93972.8886475589	77929.7490393065	63845.6190834476	57722.8659468074	57537.1598112463	59664.2042409752	61145.3155732177	60577.0732289321	57512.3172776615	51131.9962982927	43863.6060343541	36300.3128061058	32201.4832296774	25769.5008179303	14590.5724445374	9808.21855409031	6116.96454655434	3730.60893549876	4269.95344289814	3574.06202969677
446	100322.882243191	105422.856075421	93097.8306901226	78369.242669276	64291.8966294195	57924.1117928875	57485.295579479	59336.5206850949	60711.6535425776	60908.8059304354	57447.2848013128	51495.4067134853	44725.4181134572	36888.3760879783	30706.5383931137	29052.3374763754	15324.1421315626	10572.7451758032	6734.02174784209	4118.20688412897	4269.95344289814	3574.06202969677
448	100257.899340935	106005.469680816	93971.5092456524	79033.1233006857	64440.5120063298	58193.5348526509	57046.9999128086	58840.4886111429	60344.9522281871	60258.8667063075	57749.4098193492	51770.9526824922	44766.5418981378	37459.9571996976	30196.1196461307	31748.9230042259	16179.2681323946	11124.3049506169	7347.64560976254	4460.99688383295	4269.95344289814	3574.06202969677
450	100345.337483204	104739.190321025	95317.5256796011	78998.9288510654	64444.3472658808	57884.0418898095	57191.7421686876	58736.0499021208	60219.4318365668	60359.7698245946	57623.0582732503	51914.9141644474	45196.2682961881	38231.0544715122	30308.0498695977	33264.5674677418	17108.975580139	11835.0385726088	7843.40110535773	4795.96400499354	4269.95344289814	3574.06202969677
452	98381.938763626	104145.129005877	94296.0459334718	78792.0309549172	64627.639631576	57930.2964068859	56584.6386474956	58617.2900351246	59906.9119652631	60411.1326047902	57801.8931498654	51973.702360429	45672.2657608534	38436.4742332982	30661.646479516	33375.8281353533	18425.6682374069	12407.6150367397	8358.80380936645	5269.75876363705	3295.40059170242	3574.06202969677
454	97099.2718498983	104643.011538486	95527.1692437045	79774.7502211153	65531.073370049	57551.4362335382	56422.7377372719	57860.6644715371	59499.59321349	60214.5640271829	57486.5289582135	52015.8146064576	45894.8506367015	38987.8944934667	30992.1049309748	31765.390372811	20272.3007196038	12873.8373986324	8918.43254952601	5634.13273345884	3415.59195728638	3574.06202969677
456	96953.3406320517	105356.546443483	94574.3831466655	79467.8322026979	65102.2989733201	57824.8355069185	56105.9792527966	57555.4870517926	58847.0358263191	59906.3600969088	57639.0194119459	52203.3051879803	46001.3059197869	39150.2097074562	31497.0405203222	29872.7378638911	22529.3075455068	13698.1901665808	9387.67119139292	6138.18803643519	3669.24913070542	3574.06202969677
458	96517.1967358913	104172.938543073	95595.4116953102	78994.7336936404	65209.5262309607	57924.2987913006	55753.055633654	56971.8114773906	58558.3542247575	59020.7942306572	57436.3016315713	52101.3796716871	46016.3449582503	39514.3310401652	31903.7352205282	28080.2156680449	25270.5418211726	14183.6180870383	9849.63311466003	6556.78099815152	3991.78701803672	3574.06202969677
460	98090.304560588	104585.349327429	94257.9158729179	80137.4295873824	64879.3957621886	57359.7415760322	55568.2947764396	56547.9128544825	57987.6507281301	58828.209103216	56845.0035691863	52024.1532321964	46267.9400052736	39871.860633188	32374.3252256898	26796.9435639005	27504.3394913463	14707.7973513398	10334.240408045	7003.57849391042	4198.48804491432	3574.06202969677
462	98090.304560588	102441.493385999	93056.6961049583	79400.921692918	64989.6650702603	57190.9213431834	55018.3086743278	56138.8536907568	57290.872684937	58055.6806934641	56336.9312653886	51776.6931144306	46221.3604769736	39880.0085607205	32637.1894121338	26394.5257353513	29110.9917428347	15272.8682328028	10818.5869380976	7425.96290616925	4514.45325029022	2931.98106084115
464	98090.304560588	101525.387421146	93664.5759946138	79632.0968399938	65309.7465124069	56833.8797396501	54169.815181726	55380.0692190114	56476.5327695076	57384.9116935461	55952.2067955383	51403.2939810079	46295.3073737755	40136.7662727928	32750.0864990708	26571.219966148	29559.564981026	16098.1430228085	11246.4088829125	7766.4228694167	4849.02628498754	3058.43459311358
466	98090.304560588	101442.484744864	92721.3749730621	79719.1204389232	64622.3115831991	56756.9833752112	53914.2493848254	54524.0673989762	55816.3436134414	56876.9012337526	55548.3075124558	51055.6171483826	45920.5007845117	40205.3046093376	32747.8400603664	26573.9310695302	28560.4722535307	17329.3166974923	11718.9653592455	8145.96603477961	5229.52988996038	3249.90898199255
468	98090.304560588	99891.9904136665	93263.8389274693	78978.1631200158	64779.1042212454	56267.2355230416	53539.3338514845	54012.4112907549	54836.109644799	56111.2154549736	55063.2473035452	50969.3625724546	45697.4472150108	39991.5690884339	33036.3391226642	26717.2570267158	26959.2193021559	18778.9040920828	12098.2263146701	8562.58938549875	5502.81193285653	3435.05225857044
470	98090.304560588	98475.850891054	91978.9404593849	78139.4049320481	64824.9684700692	56397.8785625534	53254.8377323867	53629.8172590864	54490.0834677899	55542.5930398936	54288.9447595039	50535.0010346978	45369.1467281706	40185.4434495799	33308.4740547696	26972.897260306	25171.4557165087	20777.3040561947	12377.7245914666	8949.95721730214	5862.27872412988	3691.14481782093
472	98090.304560588	97128.4743330641	91355.9585117544	78380.6867592541	64202.199678414	56106.1894619938	52450.0911545001	52709.0270193699	53612.2335963903	54953.536426319	53821.6393570508	50071.6754659823	45312.8908056067	40016.5989902443	33263.6940682094	27134.77422266	23920.6026448451	22779.5635812661	12732.6376750876	9227.99668895042	6255.2164038175	3912.94457743392
474	98090.304560588	98135.6004340322	90369.0373278803	77850.8654085586	64020.6492478697	55500.5913551353	51719.4820586956	51826.4192087632	53146.0391096216	54132.2847445023	53143.7352710428	49419.9738169138	44926.3177149728	39708.8080071502	33344.1204787047	27441.5260304537	23134.905083957	24430.7966795427	13354.8242246589	9486.92259575106	6544.95414371009	4207.46885746124
476	98090.304560588	96523.5693633089	89678.0247986117	77638.6607633209	63872.5457650399	55133.7048850464	51393.178409756	51216.5476222575	52065.2279214989	53366.226813973	52347.0494334508	48950.9605201894	44547.3252691398	39705.8828417292	33425.4517200804	27514.3464134178	22857.5291422106	25294.8882503259	13702.144726045	9851.78920266753	6763.90872919994	4451.66951739264
478	98090.304560588	93671.9472243556	88829.4653990219	76803.5969053407	62980.1884279971	54864.0036521452	50945.3980142339	50402.1303877029	51476.7118095838	52552.9133808835	51553.4319331045	48418.3930130414	44129.8884923187	39305.4916276787	33228.4788650958	27475.7664512599	22840.6339271957	25213.4898596216	14282.715050361	10114.4877953645	7050.34933796257	4721.13054232749
480	98090.304560588	93459.900223311	87610.7759700309	76890.3381875805	62813.1900164075	54214.1442847771	50465.9687423999	49307.9603561695	50486.7942383733	51455.3221738965	50974.2558145643	47666.7139450246	43626.1837118752	39097.3228648795	32985.4192942078	27504.9116853091	22901.1990423527	24150.346908976	15409.4902197393	10398.7972413592	7316.10880359056	5026.04122351664
482	98090.304560588	93459.900223311	86196.0644266153	74766.1440673043	62181.0183078587	53709.5253307019	49539.376366255	48780.4237007411	49536.6211901683	50373.8357134143	50050.5893992656	46922.7035385591	43271.602290676	38728.2051597125	32932.6979696104	27464.6192749333	22809.6903073475	22482.6210925314	16665.7571874829	10686.0656820554	7662.55661093697	5285.67282753446
484	98090.304560588	93459.900223311	85066.0322000402	75164.0180169363	61657.7623752666	52905.6336387801	48911.9932691869	47922.1400511466	48554.6660986476	49487.6626161009	48916.9502951711	46180.659802316	42446.6268589354	38319.3673696793	32593.489815249	27321.9985878769	22839.1078782901	20975.6420738748	18179.8237548142	10896.3844577447	7892.10461933043	5558.26340078187
486	98090.304560588	93459.900223311	83797.7711841394	74410.7931831901	61000.0528970867	52343.8456990092	48112.0526489732	47121.2959539608	47545.0843305951	48819.8144497831	48159.0712923409	45383.5126857701	42012.9341843153	37938.791242198	32539.155615168	27146.2261218807	23052.9390461196	19872.8862792871	19799.431261095	11097.3225583347	8043.48069767495	5775.51495481302
488	98090.304560588	93459.900223311	83491.9454472895	73408.5349411151	60387.26855064	51798.281794901	47411.6888695305	46429.6572351196	46719.0573959736	47493.9419942557	47169.0708863884	44651.8806220064	41364.212722169	37386.8374676943	32276.9136898677	27262.7017428757	22870.2223043038	19404.6622407717	20797.1383764173	11358.7860181266	8329.33751405957	6035.91680651138
490	98090.304560588	93459.900223311	82008.5139494787	72213.7825838593	59549.2218885859	51286.9970157532	46698.8805480135	45317.4078032326	45521.1521807748	46647.89429974	46404.7490207943	43895.8950042536	40767.0685993096	37183.6866904954	31948.4276476781	27009.0774983627	22829.2017929324	18931.7524833539	21330.6682838559	11695.0690749045	8510.1178908869	6288.49491219572
492	98090.304560588	93459.900223311	80600.3769418966	72063.733212699	58823.7204474657	50668.363473246	46093.9986476072	44330.0301102531	44619.6023730574	45741.4778112702	45498.4192677451	43115.8768649358	40277.4993852884	36569.8581475444	31767.115745479	27185.8470957198	22646.5875300712	18759.0159106208	20937.2369824732	12206.7118930379	8573.54150806613	6365.6300369532
494	98090.304560588	93459.900223311	78695.3683103549	69987.0749455092	58264.6093391031	50277.0192239251	45361.0485134971	44004.3515463602	43961.8306177678	44709.7217763388	44567.7967232908	42211.0608043378	39317.1974196429	36187.6350432617	31374.2142401352	26736.9377937418	22622.8428256445	18796.0608975805	19983.1183688447	13063.8054401717	8830.86731090751	6557.12060284769
496	98090.304560588	93459.900223311	78198.4863563281	69903.7324660036	57677.8738350153	49179.5204903053	44778.4209008977	43167.1606983097	42907.8953377651	43672.3003138577	43643.7819813317	41422.5114610508	38693.3148599709	35439.2748119449	31021.2958989347	26583.0319071935	22487.7808298716	18677.5908169552	18557.9010041958	14048.7788778591	8974.43380385386	6854.74799133125
498	98090.304560588	93459.900223311	77206.7650939936	67686.0626261945	57066.4369682197	48980.7633938412	43821.1533635478	42028.6322734865	42127.4777292694	42500.260676115	42600.0538037841	40576.9029421027	38202.5102821986	34871.9761681503	30544.9381286005	26258.0193791534	22371.3738855033	18524.1185278774	17232.5997118053	15259.2344061607	9130.13558359849	7003.29264637907
500	72725.8275560595	93459.900223311	76718.6789518186	66473.2754483747	55515.5840009295	48027.4624775821	43005.5007299463	40911.017843654	41224.9397016292	41631.1553788933	41340.4497840771	39822.236877384	37069.5284190035	34324.3241686735	30039.9247666018	25875.163395494	22181.3822698946	18414.4025951309	16147.316347417	16251.9456065165	9261.90331743303	7113.03570425278
502	70438.9290835879	93459.900223311	76718.6789518186	65987.6673649204	55018.6908966406	47064.4368639381	42232.5627055917	40191.2028171348	40093.8734798437	40786.2287740397	40594.2688742251	38810.0303448155	36604.4944159873	33576.2201563147	29585.3387382371	25745.5668347054	22069.1653088596	18340.4867757819	15677.6325752658	17253.9530000763	9471.8995419497	7097.65955033326
504	69828.1401392367	93459.900223311	76718.6789518186	64628.1589065861	54047.3617196706	46610.0987055641	41566.2716984726	40053.8893227195	39143.3842206209	39659.3140397079	39598.1066299999	38110.6381882978	35861.774593961	33030.3071812277	29223.0085634912	25277.6517550718	21762.8221737611	18196.4803841938	15233.3976027834	17598.0687535974	9692.57133948311	7290.00957925182
506	67563.3631130986	93459.900223311	76718.6789518186	63815.8041962104	53284.5271644876	45616.3764522807	41300.7258848155	39122.0235017261	38426.8758170452	38824.6364933581	38715.1023027419	37156.8593272678	34899.3996021491	32558.0404339824	28796.16141206	24944.9051790541	21668.9650787445	18149.5918938938	15033.4561249358	17244.1523085546	10139.3761749316	7379.77734527479
508	68191.0247430705	93459.900223311	76718.6789518186	62585.2088319123	52360.9153739359	45091.8325092816	40203.1905911926	37842.0401221024	37572.8076244521	37769.9721014277	37803.3484788247	36303.3751616769	34233.3155618641	31962.4561929337	28194.6218327166	24625.5526233415	21375.152557421	17915.612060623	14950.4416256065	16298.9765005226	10609.2473174472	7434.16336182078
510	66997.7298752319	93459.900223311	76718.6789518186	61476.1498321812	51260.4365963393	43812.7476251157	39340.8132219423	37190.4621477033	36498.7524563714	36977.7095309074	36922.0826696019	35275.1932510236	33783.8681057972	31231.9366759854	27813.8149599522	24142.7868812143	21065.8457342427	17833.3110351504	14886.7282792942	15225.2263136432	11454.1117816506	7571.24192079525
512	67921.0949987499	93459.900223311	76718.6789518186	60486.3970045536	50541.7730013242	43374.3441498262	38511.591114679	36440.7745461303	35770.8368522539	36296.1593837073	35987.7945505351	34670.0676117994	32971.2913840942	30560.9833929578	27172.1866670306	23771.9414136379	20809.0354088939	17612.983867837	14859.0793439518	13917.0487237831	12276.376891164	7689.97872909683
514	72147.4871568671	93459.900223311	76718.6789518186	59482.4276982322	49392.4702984939	42391.7524751172	37872.6356505668	36087.5045870839	35146.6440611848	35215.8597744757	35182.9684108436	33832.608560759	32262.4824535015	29965.1026851173	26892.0672730049	23336.2764381119	20331.561222219	17341.8351803673	14577.8883011231	12982.485679237	13258.3289931933	7631.69357942221
516	76321.5615168119	93459.900223311	76718.6789518186	58421.1661366108	48820.081902541	41510.3076593047	37148.90340225	34684.1372674765	33955.9961075306	34214.9236250363	34154.3509045496	33241.360853279	31662.3328763494	29393.2341041194	26284.7339126524	23053.0112459123	20141.9818553239	17152.0664203495	14515.520714048	12397.869104227	13946.0212674599	7798.96017993546
518	83748.0153747313	93459.900223311	76718.6789518186	56767.488570407	48045.8836147949	41011.7979878093	36493.5154336182	34389.5494175902	33206.7371849309	33351.4691228336	33518.0140828017	32205.758887517	30868.1646799127	28812.3349319273	25866.457527341	22665.6321356113	19852.1139904777	16875.6784124008	14285.1457167874	12212.0449938968	14106.9191809368	8007.21867675601
520	92520.9045420473	65918.4977287425	76718.6789518186	55807.6302426285	46512.8943080916	39992.7928295503	35794.701567934	33241.4418584797	32325.9461118856	32516.9135906231	32411.38081362	31319.0736157866	29956.004276532	28177.2460456536	25402.7482829293	22296.1413342688	19522.0107432437	16673.9675195817	14122.4097185154	11856.8417438971	13789.409125565	8370.93295346796
522	100698.947266703	65168.7067738853	76718.6789518186	55807.6302426285	45778.2463241824	39127.6405317131	34633.1981865997	32232.1772508917	31871.5043831073	31688.0804222259	31655.2275583213	30412.1414076785	29285.3997074981	27498.3907203444	24625.3966330659	21819.4691693052	19143.4539016909	16464.3085458244	13970.2804076685	11826.3250153052	13119.6442091612	8837.82882221194
524	104736.235893099	62010.6688362228	76718.6789518186	55807.6302426285	45002.8394564433	38333.1218188692	34205.5431412458	31836.4356423424	30885.9168409868	30696.1018365421	30849.6762531345	29717.5859734954	28500.4482682264	26958.6327591881	24149.8234936918	21361.3535332183	18718.2549863214	16058.1128561272	13732.8063432636	11521.0213627836	12146.1380907452	9524.73065731257
526	108403.690609007	60844.643438572	76718.6789518186	55807.6302426285	44131.1510821158	37895.9520505113	33362.6024614903	30923.3607488994	30275.3310387012	30143.5980521322	30073.372506193	29027.2064309579	27669.0806306709	26378.142263903	23653.5826557129	20844.5597556435	18457.4109046888	15951.1556731973	13563.8467243031	11499.3999507409	11112.1520588478	10203.0045500122
528	104750.176795595	60527.0126483147	76718.6789518186	55807.6302426285	43181.0197423147	36965.0319746574	32548.1856154017	30213.1837447145	29407.526780229	29210.8092254209	29172.6708684551	28324.3139350391	27128.9461670942	25656.0179139732	22927.6525583197	20686.3376696306	18269.0382381952	15627.7366661124	13467.2709905542	11309.155031711	10237.7907810851	10701.5696904273
530	95878.2133229584	59073.4518727755	76718.6789518186	55807.6302426285	42045.5595862619	35912.9461627155	31820.9608076467	29495.9341591064	28429.7750242145	28390.9725263851	28295.4216915038	27449.9660133636	26475.8425362452	25069.8212214742	22570.4228598625	20095.5407506033	17774.6055046543	15358.2490156063	13142.8663665627	11177.4015419589	9693.20655726084	11272.4454879286
532	83508.055765449	58644.4439934496	76718.6789518186	55807.6302426285	41658.6396629599	35445.6483713805	31189.0895732989	29048.5646890082	27980.7656055708	27725.5045309975	27608.2422903264	26622.2372753992	25573.5590553526	24423.5397578786	22098.9083729667	19700.5555522016	17356.4998187019	15073.2389833488	13031.4446624887	10956.1236976467	9379.42949687103	11438.3021436672
534	71826.3945901702	61116.8932742754	76718.6789518186	55807.6302426285	40349.3953049136	34576.9733631767	30490.1666272826	28396.5796335183	26979.0024046836	26917.286047347	26967.5506289017	26175.4415105504	24909.4885772048	23805.7041703875	21283.3191999711	19146.2457023722	17062.785839202	14670.2720244847	12800.1958941194	10794.6103792708	9129.39017850104	11137.8210886637
536	60031.6444177062	65768.4536781944	76718.6789518186	55807.6302426285	39324.5948736525	33682.9511351088	29558.3752181106	27494.9977213132	26308.0491655261	26214.7747910364	26158.0472718584	25259.7252976007	24419.761179179	23032.636624055	21040.8711518349	18724.4579846726	16752.2754788505	14555.7302964765	12630.1561468867	10649.1608791019	8990.9313017237	10339.7141308806
538	55148.2880571686	72381.8776116392	76718.6789518186	55807.6302426285	38437.8790596469	32659.160447747	29146.7142697859	26632.3856314526	25488.8217415087	25469.2910731244	25483.0905759767	24530.8879155148	23615.0934548693	22489.2354283266	20491.2034889294	18184.2683419431	16390.3928392057	14156.548228828	12258.3286118628	10330.3779776486	8901.66620917473	9588.47161300017
540	47804.3392656325	82705.884037706	50462.6027513281	55807.6302426285	37750.673517046	32136.9219931516	27921.4105899062	26010.2507614355	24556.2443436986	24474.363303969	24577.7628825174	23819.8558567725	23096.1475563448	21915.012436327	19696.0056467887	17843.3489991177	15836.1481523762	13819.2407225609	11980.6141765948	10277.3534222256	8749.09078553452	8723.95452924329
542	44318.3291555926	93350.3753164273	49447.1254738627	55807.6302426285	37750.673517046	31323.3807262512	27313.5814125024	25326.4920695903	24392.1683695025	23960.609697299	23898.7833198321	23060.0458892372	22345.5548008357	21321.1971789229	19203.2339899963	17371.1690447742	15561.6510259147	13510.9347408535	11852.4313807527	10099.9134434702	8491.92862280919	8030.23970473542
544	42330.1943576998	105844.89012893	48780.2573807115	55807.6302426285	37750.673517046	30402.5860562803	27159.5395826906	24613.589961297	23684.7611930958	23343.5120505807	23150.057268613	22557.9962398343	21818.1011550145	20621.1342054668	18927.6813548388	16943.7342694367	15244.6762486243	13348.8284196892	11580.179892286	9953.76704144306	8291.29491348357	7461.08597322325
546	39001.5850441219	115874.942174087	47040.1422994848	55807.6302426285	37750.673517046	30243.2913736489	26042.983236282	24046.6571247813	22892.706407752	22781.6507007515	22500.2411538632	21688.139622241	21134.735834178	20048.8930448822	18300.4676225091	16417.5527475218	14738.8594032203	12968.5438663084	11342.1089037647	9589.01093780342	8221.21760730905	7161.00107432377
548	38893.7330530052	119980.015197757	45285.9119695487	55807.6302426285	37750.673517046	29190.0403281772	25342.9069962524	23122.8629839692	22133.2172408905	21993.0820575494	21815.8265979401	20858.7858457008	20337.3842060923	19611.3575851912	17734.423458492	15920.6729442787	14331.8463228308	12640.7718347425	11019.870086204	9557.87870459069	7989.03550362696	6919.77941614008
550	41148.8188256179	118364.72932849	42754.4058043729	55807.6302426285	37750.673517046	28596.9493856457	24795.1752809732	22435.7216243928	21323.5879585508	21382.6107131076	21343.4793468915	20583.1459761071	19840.6001580407	18963.6461210672	17416.9320332163	15600.5043473357	13987.5811336364	12335.0873886933	10691.0954559223	9316.49746611229	7889.95786494259	6797.33533389662
552	37142.9207649959	108736.208477787	42510.5691512898	55807.6302426285	37750.673517046	27746.0033627771	24182.307896112	22205.1920678132	20912.1251950252	20657.644235518	20375.6453820797	19773.1017230356	19193.1196910117	18428.8254429483	16627.9868218817	15083.575885499	13633.0743202951	12028.806565495	10516.5110097654	9174.10749690279	7661.46300494161	6630.38018270069
554	36158.4035691559	98110.7638765991	42310.0357534393	55807.6302426285	37750.673517046	26807.5906178933	23224.6623380083	21626.5654442396	20348.0716701254	20015.4569606087	19816.9290239944	19282.0117216523	18649.2247516796	17757.4212497434	16123.7333971205	14692.1355091912	13238.0616019458	11795.7020402576	10300.6354760952	8949.0883847815	7679.51249656604	6465.440308579
556	36099.3825551515	82829.546589762	43105.3666595595	55807.6302426285	37750.673517046	26084.5929424701	23077.0136561901	20643.1429432325	19571.6319012477	19427.2581158918	19195.3984548888	18455.2068502883	18237.6039848759	17349.2669711253	15891.7339060317	14270.3749822259	12999.6295152184	11445.6361765473	10056.8500573532	8745.03461560368	7362.39979352442	6333.83142798697
558	34326.857181899	68493.6676329251	45121.6741975446	55807.6302426285	37750.673517046	25469.5442415624	22347.9235494511	20370.1027415282	19111.1059574166	19005.5034994314	18525.8449036764	18144.1189628784	17720.4669745661	16754.9570258782	15404.9316952916	13885.6670363063	12639.2455184756	11247.7446225171	9703.01849210238	8447.24707151594	7230.38850721573	6182.6218942062
560	33411.770710847	55330.8737277176	53797.4447151477	37385.0694875214	37750.673517046	25222.2177971883	21629.3205840755	19637.1322261054	18623.0845757446	18293.1173721664	18057.5918960467	17425.5406765302	17060.3130197855	16142.8681674667	14903.5197776196	13482.841445529	12290.788374767	10852.3564900583	9572.4603496926	8347.95905900278	7000.57547692217	6103.38674944094
562	33398.7414171263	46667.6860137975	60927.8564422537	36412.3066112526	37750.673517046	25222.2177971883	20991.9153814823	19206.5251795013	18219.679726779	17841.5012795763	17516.8563732078	16927.003135649	16557.210817782	15789.727203325	14398.0011137236	13032.013441297	11922.4199294382	10549.0651808052	9284.42228957481	8058.50997526015	6880.59150784896	6021.31304079659
564	32999.7664342704	40125.5141999896	73499.7715295944	34916.3403522275	37750.673517046	25222.2177971883	20311.3879097066	18724.5363903133	17431.013700824	17200.7465573702	16869.1381566193	16488.6789439658	15721.7001782893	15347.3685755728	14068.2764687924	12906.9570286396	11488.5256035994	10317.61086482	9089.07128464792	7816.50567155859	6854.47152853776	5763.64575531808
566	32223.379814537	37063.6380738984	87614.8419109595	33899.7191558192	37750.673517046	25222.2177971883	20042.7564641605	18219.2828859517	17037.1954462112	16685.0039530169	16399.2274141096	15933.1678869758	15477.4777601354	14877.2529912566	13594.453145418	12286.6108218822	11189.2637063227	10008.3427983412	8994.37108332113	7609.49105598413	6625.32747033713	5689.50712280223
568	28749.5680456408	35596.1325602878	99896.9103149178	33428.5576514827	37750.673517046	25222.2177971883	19360.4755565754	17295.0832916309	16443.1756761386	16110.9704347267	15927.5015798118	15368.7705037222	14920.0473936916	14299.5348507098	13081.1567235726	11981.7488491269	10856.7506639928	9650.53497567	8723.1185546128	7536.05056257234	6377.71634856598	5600.51791451617
570	30018.3423411296	33988.1025129886	110322.990898367	31549.7670889164	37750.673517046	25222.2177971883	18554.3426614054	16967.5390336533	15842.8984688929	15303.658777935	15412.9365080326	14721.6862765875	14457.7801064601	13767.9197876696	12707.8753679036	11513.6930880591	10465.864623766	9555.32285618421	8416.39130514129	7263.84715149843	6316.24867591131	5415.95043836703
572	29881.5925850995	31324.2256904876	114410.435928698	31774.4920901276	37750.673517046	25222.2177971883	18171.6756006602	16531.2553169184	15273.0719223257	14867.8178902566	14826.3915560354	14437.9595999291	14046.2876106053	13386.3619080682	12405.2358861408	11133.6630959703	10143.0420805871	9132.21578650696	8186.70865570435	7020.07889671297	6133.76036752849	5366.47735259829
574	27368.4359007677	31693.2566921738	111759.153417212	31031.7206653902	37750.673517046	25222.2177971883	17790.8809658191	16027.5615816202	14910.5753958834	14639.1117901127	14532.6462495959	13915.4359560177	13602.7980808767	12896.6965523922	11945.6700411862	10885.6865114852	9948.40861534912	8950.06752963867	7929.59671237286	6902.060051862	6010.58048211522	5146.67706525558
576	27773.9194517801	30587.3718473109	103762.498510247	30387.7994250698	37750.673517046	25222.2177971883	17462.4509700297	15796.5506884624	14605.8970371685	13955.7294820208	13878.006706743	13441.2053975683	13121.1695915291	12420.0458937932	11433.2869943494	10541.6920954019	9610.61166573529	8650.13396147431	7595.62649774538	6802.87472977662	5861.83580455829	5051.99892583737
578	27536.9874118141	32022.1456356511	92047.6498614257	29715.1742433494	37750.673517046	25222.2177971883	16714.9704139736	15188.8931944287	14105.9433932377	13582.5814611735	13475.2629416306	13037.0311489403	12712.8105634265	12338.2405063159	11228.9607218176	10224.9917936743	9519.95146583188	8434.42180153211	7455.66270786847	6576.50719982492	5672.18124338104	4955.10579059445
580	28382.1954316174	31888.6266741603	77718.1700550046	31554.3274422376	26489.4379292787	25222.2177971883	16373.1877007611	14413.133264738	13572.7681930594	13454.0013946523	13167.150147419	12593.3790204911	12259.6049314854	11918.832811391	10970.7760079253	10000.0616151596	9005.26934386924	8106.16022054619	7256.85944141605	6452.8545681971	5445.79574517227	4768.67709218071
582	30554.6813452628	32048.8308567422	62744.9421847441	34097.8301894879	25168.592974343	25222.2177971883	16373.1877007611	14441.1174587888	13173.5790695112	12751.0224658624	12509.171794681	12173.4541607937	11943.1115948136	11548.6111677704	10348.6782776063	9557.73857761966	8847.5381772253	7834.16341476153	7051.94830195694	6140.39246758917	5320.48186522369	4754.51207467373
584	28672.9118879088	32337.6047492786	49612.9445268538	40312.407751906	24833.3154950674	25222.2177971883	16373.1877007611	13843.422065997	12840.6618175122	12468.250720269	12111.6822612597	11715.3624801158	11462.6288945883	11121.1677087451	10248.8450822594	9269.72698541304	8523.26237526378	7673.44307301701	6876.04440615578	5996.84858224618	5279.44140534702	4558.94578260419
586	27840.9167931175	29749.8018788669	39749.959608995	48887.87782034	24156.8465062951	25222.2177971883	16373.1877007611	13332.6803519713	12331.2545785078	12042.5443317534	11751.8980572526	11467.384307884	11156.5740614694	10552.8837240444	9745.71152895299	9053.07041493141	8204.53977300034	7494.61375785466	6611.43186437449	5751.51545517822	5033.39200196686	4440.12970266846
588	28529.8881548495	30102.8749773786	33281.8949544625	61730.1411518332	23581.8877996323	25222.2177971883	16373.1877007611	12923.5329594912	12145.200209173	11604.1980484918	11334.2736064803	10963.8710799615	10605.5575522471	10290.6958017538	9420.97869038007	8621.55548076739	7926.46836225774	7206.09757151264	6512.71840716285	5661.91798036121	4862.77446594625	4272.22190892519
590	26304.0064978084	28533.0767020891	29701.5735582585	75342.3245321602	23463.305439918	25222.2177971883	16373.1877007611	12647.3773016295	11612.8153186905	11143.9991226765	10953.1860683944	10540.8174512967	10173.8991740047	10008.111019226	9116.18068721214	8418.21630537986	7696.83546682204	6876.87883913042	6204.60817320979	5556.92373237693	4731.43909545487	4136.13377823314
592	25992.9584842295	29456.0297641582	27745.7284690401	88884.6924600846	23187.3003185371	25222.2177971883	16373.1877007611	12517.9083996719	11252.3701417205	10915.0993170698	10642.659151755	10306.1807470196	10021.6666142049	9481.18088577398	8834.38189300944	8083.20988098902	7477.00459560827	6758.20712373597	6047.59917144177	5304.0459964267	4628.09192660052	3929.17665048403
594	26296.4421038171	27841.7774769036	26727.0131586692	99400.2150593218	22455.8590096089	25222.2177971883	16373.1877007611	11837.1636702292	10822.4246590191	10361.0573721501	10196.0157036812	9799.84537934026	9658.91749469134	9146.66444200062	8406.19369208188	7897.66876630856	7208.33719367987	6408.9520779616	5776.0834933294	4983.63360213134	4617.62245791519	3930.22611595788
596	26485.2452892804	28559.5219497146	26744.6655731209	105665.4005005	22111.7761198869	25222.2177971883	16373.1877007611	11588.0382051508	10624.3766474808	10091.4176139448	10065.2184186561	9532.41851147021	9184.82446409775	8816.51948016142	8152.81672897839	7529.13350840554	6948.41175626704	6331.91469962441	5595.29540327192	4987.47715869123	4354.6059963641	3789.52200038015
598	26470.6302138309	27861.4413101915	26114.7855597813	106359.408357289	21311.9952933645	25222.2177971883	16373.1877007611	11557.3208139425	10273.0105962979	9679.87000897292	9606.45688321029	9351.6529176187	9055.81520665508	8572.85346584631	7999.7180204228	7222.40246007175	6732.69703238252	6151.04681407999	5500.9806471151	4754.81063552753	4233.88560499995	3549.74706746178
600	25845.8962969431	27865.7293218722	25323.9658993358	99953.1212617352	22048.8452735694	18229.4578381316	16373.1877007611	11041.2118621799	9704.0469615057	9576.64314773789	9167.50466749783	8896.25271192316	8572.52450150583	8409.35380273827	7681.61942412861	7042.79212348273	6461.91027890324	5851.97754183268	5245.4644846829	4636.74769762956	4031.60080301073	3585.09068951624
