Wavelength	240	250	260	270	280	290	300	310	320	330	340	350	360	370	380	390	400	410	420	430	440	450
nm	CPS / MicroAmps	CPS / MicroAmps	CPS / MicroAmps	CPS / MicroAmps	CPS / MicroAmps	CPS / MicroAmps	CPS / MicroAmps	CPS / MicroAmps	CPS / MicroAmps	CPS / MicroAmps	CPS / MicroAmps	CPS / MicroAmps	CPS / MicroAmps	CPS / MicroAmps	CPS / MicroAmps	CPS / MicroAmps	CPS / MicroAmps	CPS / MicroAmps	CPS / MicroAmps	CPS / MicroAmps	CPS / MicroAmps	CPS / MicroAmps
300	3722.91372978477	2985.20886820016	2490.66382028986	149890.475196163	13212.9528411868	7181.70354187751	372558.537042975	4760.02952037542	4348.75767848136	4176.76704575718	2914.37017256255	2276.41366706605	1924.72138660321	1734.69006478523	1980.42759436644	1798.71434746694	1358.07478090543	1163.88869715225	1079.98192727535	1172.06511854116	1413.22554016361	1081.69546570997
302	3116.6163519885	2359.2671431161	1819.51387288204	96191.6145301805	31631.7631990642	5669.86395801748	5850.65049696434	4760.02952037542	4348.75767848136	4176.76704575718	2914.37017256255	2276.41366706605	1924.72138660321	1734.69006478523	1980.42759436644	1798.71434746694	1358.07478090543	1163.88869715225	1079.98192727535	1172.06511854116	1413.22554016361	1081.69546570997
304	3195.16833432532	2434.16137405812	1778.72658771766	48449.8859359364	64882.8133486851	5011.33693105676	5850.65049696434	4760.02952037542	4348.75767848136	4176.76704575718	2914.37017256255	2276.41366706605	1924.72138660321	1734.69006478523	1980.42759436644	1798.71434746694	1358.07478090543	1163.88869715225	1079.98192727535	1172.06511854116	1413.22554016361	1081.69546570997
306	3210.82639209437	2219.14467932112	1811.07501063946	18844.2785792021	106779.797851085	4316.82626482215	5850.65049696434	4760.02952037542	4348.75767848136	4176.76704575718	2914.37017256255	2276.41366706605	1924.72138660321	1734.69006478523	1980.42759436644	1798.71434746694	1358.07478090543	1163.88869715225	1079.98192727535	1172.06511854116	1413.22554016361	1081.69546570997
308	2754.30652094221	2029.72111764614	1533.65640853967	6921.06154169463	138411.957023022	3816.1755788264	5850.65049696434	4760.02952037542	4348.75767848136	4176.76704575718	2914.37017256255	2276.41366706605	1924.72138660321	1734.69006478523	1980.42759436644	1798.71434746694	1358.07478090543	1163.88869715225	1079.98192727535	1172.06511854116	1413.22554016361	1081.69546570997
310	2639.54014987716	1767.07571698642	1438.46412436497	2957.01571980885	141070.307315456	4912.85191724488	5850.65049696434	4760.02952037542	4348.75767848136	4176.76704575718	2914.37017256255	2276.41366706605	1924.72138660321	1734.69006478523	1980.42759436644	1798.71434746694	1358.07478090543	1163.88869715225	1079.98192727535	1172.06511854116	1413.22554016361	1081.69546570997
312	1986.12337863068	1496.61618144811	1280.41255875252	2071.38237738734	114415.370414813	10833.9888701065	4319.6449789931	4760.02952037542	4348.75767848136	4176.76704575718	2914.37017256255	2276.41366706605	1924.72138660321	1734.69006478523	1980.42759436644	1798.71434746694	1358.07478090543	1163.88869715225	1079.98192727535	1172.06511854116	1413.22554016361	1081.69546570997
314	2661.84129903411	1408.69775006679	1633.18219922151	1435.35610708537	74488.983890347	26125.8624864883	3710.56799171262	4760.02952037542	4348.75767848136	4176.76704575718	2914.37017256255	2276.41366706605	1924.72138660321	1734.69006478523	1980.42759436644	1798.71434746694	1358.07478090543	1163.88869715225	1079.98192727535	1172.06511854116	1413.22554016361	1081.69546570997
316	2558.10467105734	1429.01189055543	1417.42046354135	1335.70477101816	37620.19934745	52216.0164005837	3203.80834077619	4760.02952037542	4348.75767848136	4176.76704575718	2914.37017256255	2276.41366706605	1924.72138660321	1734.69006478523	1980.42759436644	1798.71434746694	1358.07478090543	1163.88869715225	1079.98192727535	1172.06511854116	1413.22554016361	1081.69546570997
318	2515.94070045662	1143.18036475297	1264.2753242039	1080.67727300835	15930.0544880804	83508.9773498923	2735.5153194688	4760.02952037542	4348.75767848136	4176.76704575718	2914.37017256255	2276.41366706605	1924.72138660321	1734.69006478523	1980.42759436644	1798.71434746694	1358.07478090543	1163.88869715225	1079.98192727535	1172.06511854116	1413.22554016361	1081.69546570997
320	2774.64077870831	1202.0239214971	1192.59584719217	979.4519632899	5380.27576094204	103568.274958356	2558.41564344	4760.02952037542	4348.75767848136	4176.76704575718	2914.37017256255	2276.41366706605	1924.72138660321	1734.69006478523	1980.42759436644	1798.71434746694	1358.07478090543	1163.88869715225	1079.98192727535	1172.06511854116	1413.22554016361	1081.69546570997
322	2680.70733804647	1353.38923822809	1115.08812434828	812.222226755844	2317.88443083482	106795.103152441	3369.89041509551	3309.30366189409	4348.75767848136	4176.76704575718	2914.37017256255	2276.41366706605	1924.72138660321	1734.69006478523	1980.42759436644	1798.71434746694	1358.07478090543	1163.88869715225	1079.98192727535	1172.06511854116	1413.22554016361	1081.69546570997
324	2136.07030736359	1118.89890010572	1058.80936756953	928.288152560134	1278.79295955289	86692.0060291482	7841.11752833479	2858.54998282517	4348.75767848136	4176.76704575718	2914.37017256255	2276.41366706605	1924.72138660321	1734.69006478523	1980.42759436644	1798.71434746694	1358.07478090543	1163.88869715225	1079.98192727535	1172.06511854116	1413.22554016361	1081.69546570997
326	1869.88340141487	1287.18127914852	972.741094389816	898.74548292449	973.527664553672	56416.564964345	18362.5095166175	2542.04736637625	4348.75767848136	4176.76704575718	2914.37017256255	2276.41366706605	1924.72138660321	1734.69006478523	1980.42759436644	1798.71434746694	1358.07478090543	1163.88869715225	1079.98192727535	1172.06511854116	1413.22554016361	1081.69546570997
328	2465.48971447361	1179.78394589247	826.86142046207	885.421169319332	757.724529159053	29468.3309146326	37485.0611206439	2320.49808595856	4348.75767848136	4176.76704575718	2914.37017256255	2276.41366706605	1924.72138660321	1734.69006478523	1980.42759436644	1798.71434746694	1358.07478090543	1163.88869715225	1079.98192727535	1172.06511854116	1413.22554016361	1081.69546570997
330	1878.86466588255	922.377029352894	789.7952032583	834.534491415138	608.568585362243	11991.3716094404	59985.5618044705	1970.80668292991	4348.75767848136	4176.76704575718	2914.37017256255	2276.41366706605	1924.72138660321	1734.69006478523	1980.42759436644	1798.71434746694	1358.07478090543	1163.88869715225	1079.98192727535	1172.06511854116	1413.22554016361	1081.69546570997
332	1887.86920029531	817.501850787571	821.689344724562	889.201574643046	683.736534060221	4356.96816811113	77984.5222907213	1753.67526278742	2656.98455593592	4176.76704575718	2914.37017256255	2276.41366706605	1924.72138660321	1734.69006478523	1980.42759436644	1798.71434746694	1358.07478090543	1163.88869715225	1079.98192727535	1172.06511854116	1413.22554016361	1081.69546570997
334	1629.50388921603	935.726053366281	654.272171627095	792.319305075987	569.115889101484	1748.90722165044	81629.1105831068	2365.74109142913	2213.37121988959	4176.76704575718	2914.37017256255	2276.41366706605	1924.72138660321	1734.69006478523	1980.42759436644	1798.71434746694	1358.07478090543	1163.88869715225	1079.98192727535	1172.06511854116	1413.22554016361	1081.69546570997
336	1869.55221039538	719.163502649289	634.650488117166	668.617427636876	493.023869147686	1016.25747215192	68164.4721140511	5077.8125450788	2020.03607065172	4176.76704575718	2914.37017256255	2276.41366706605	1924.72138660321	1734.69006478523	1980.42759436644	1798.71434746694	1358.07478090543	1163.88869715225	1079.98192727535	1172.06511854116	1413.22554016361	1081.69546570997
338	1351.17650214279	855.400445399688	602.060353212798	608.115778087223	449.246651242047	683.930921414093	46352.9177265883	12258.8897490612	1827.79616442065	4176.76704575718	2914.37017256255	2276.41366706605	1924.72138660321	1734.69006478523	1980.42759436644	1798.71434746694	1358.07478090543	1163.88869715225	1079.98192727535	1172.06511854116	1413.22554016361	1081.69546570997
340	1423.30242288926	758.56013060461	565.057656894027	590.773667308815	552.728422377741	560.030935491757	24958.4211516686	26235.2034023839	1653.18729121797	4176.76704575718	2914.37017256255	2276.41366706605	1924.72138660321	1734.69006478523	1980.42759436644	1798.71434746694	1358.07478090543	1163.88869715225	1079.98192727535	1172.06511854116	1413.22554016361	1081.69546570997
342	1679.1860899577	696.285507829021	565.491984002318	510.157715687296	557.221698966253	471.647815230551	10967.8093871163	43819.3567213225	1397.47336381349	2265.33640636008	2914.37017256255	2276.41366706605	1924.72138660321	1734.69006478523	1980.42759436644	1798.71434746694	1358.07478090543	1163.88869715225	1079.98192727535	1172.06511854116	1413.22554016361	1081.69546570997
344	1321.95883568696	684.064783173747	604.581401098816	505.467631664444	492.728509751225	458.505997459516	4191.99223959339	58947.9010349568	1250.91915480212	1847.6820153206	2914.37017256255	2276.41366706605	1924.72138660321	1734.69006478523	1980.42759436644	1798.71434746694	1358.07478090543	1163.88869715225	1079.98192727535	1172.06511854116	1413.22554016361	1081.69546570997
346	1494.61823596173	623.465907781152	577.520339389396	479.953482863455	531.801406963443	350.937731847519	1676.4642395347	63685.5840433397	1538.18615495884	1670.55266668463	2914.37017256255	2276.41366706605	1924.72138660321	1734.69006478523	1980.42759436644	1798.71434746694	1358.07478090543	1163.88869715225	1079.98192727535	1172.06511854116	1413.22554016361	1081.69546570997
348	1132.79377753123	692.313147930885	491.490378094842	497.006353811391	410.721821103071	299.335988130204	858.807437623615	56101.5852277188	2903.78982617284	1558.43437224139	2914.37017256255	2276.41366706605	1924.72138660321	1734.69006478523	1980.42759436644	1798.71434746694	1358.07478090543	1163.88869715225	1079.98192727535	1172.06511854116	1413.22554016361	1081.69546570997
350	1509.89967052785	696.008475912973	530.491839811862	393.100803414782	452.74720610796	310.377697255763	559.628752524181	39991.5261611586	7240.26094400941	1401.43692533854	2914.37017256255	2276.41366706605	1924.72138660321	1734.69006478523	1980.42759436644	1798.71434746694	1358.07478090543	1163.88869715225	1079.98192727535	1172.06511854116	1413.22554016361	1081.69546570997
352	1330.05970692123	661.908390777024	452.750240586736	418.872640102845	432.44619640601	304.219119252139	423.790966989993	23025.2641374379	15997.9024528317	1223.63034549455	1795.77650485127	2276.41366706605	1924.72138660321	1734.69006478523	1980.42759436644	1798.71434746694	1358.07478090543	1163.88869715225	1079.98192727535	1172.06511854116	1413.22554016361	1081.69546570997
354	1251.46248575599	668.696309967997	448.897306036832	400.230160321405	391.645497350065	296.125670156474	314.151619317056	10788.5634254739	28820.3426243913	1050.75805747514	1440.7989412298	2276.41366706605	1924.72138660321	1734.69006478523	1980.42759436644	1798.71434746694	1358.07478090543	1163.88869715225	1079.98192727535	1172.06511854116	1413.22554016361	1081.69546570997
356	1180.63150209966	557.063554459497	478.415472841613	382.75255149427	329.647387548838	352.484668804178	303.079767911489	4251.03227769166	41367.6672059928	896.198925518248	1240.73706801515	2276.41366706605	1924.72138660321	1734.69006478523	1980.42759436644	1798.71434746694	1358.07478090543	1163.88869715225	1079.98192727535	1172.06511854116	1413.22554016361	1081.69546570997
358	1291.35017957434	613.919591670751	450.585463359432	396.362275867558	286.379847426608	339.853274528303	243.263123493304	1668.03539581007	48767.8744578057	943.217085683032	1188.99093604814	2276.41366706605	1924.72138660321	1734.69006478523	1980.42759436644	1798.71434746694	1358.07478090543	1163.88869715225	1079.98192727535	1172.06511854116	1413.22554016361	1081.69546570997
360	1188.92483615862	465.492138382623	364.467469893241	385.744608687737	330.676487792142	340.329824024228	241.654225135059	800.349679374522	46878.6145802297	1534.82063983849	1083.08741383212	2276.41366706605	1924.72138660321	1734.69006478523	1980.42759436644	1798.71434746694	1358.07478090543	1163.88869715225	1079.98192727535	1172.06511854116	1413.22554016361	1081.69546570997
362	1077.78592707142	535.375137167056	359.669428294252	348.093597292191	297.500927855284	334.551578964389	229.492997607051	533.528512247429	37292.4420149039	3706.67749143408	1049.67432139097	1478.57022852392	1924.72138660321	1734.69006478523	1980.42759436644	1798.71434746694	1358.07478090543	1163.88869715225	1079.98192727535	1172.06511854116	1413.22554016361	1081.69546570997
364	1184.65738214347	576.999627681381	315.848707210533	299.198592533898	259.140703321323	299.800758578051	208.426101577973	363.315842267865	24191.9233749175	8958.94089039302	898.194192724074	1208.87211292135	1924.72138660321	1734.69006478523	1980.42759436644	1798.71434746694	1358.07478090543	1163.88869715225	1079.98192727535	1172.06511854116	1413.22554016361	1081.69546570997
366	1016.06432635321	547.95144004522	361.536693505657	308.606758738631	258.573142846241	288.290812427924	199.957791230445	297.952959631188	12669.933294536	17487.2215026741	778.775081478464	1014.75747106573	1924.72138660321	1734.69006478523	1980.42759436644	1798.71434746694	1358.07478090543	1163.88869715225	1079.98192727535	1172.06511854116	1413.22554016361	1081.69546570997
368	1156.10354481493	595.881199222778	355.163595274632	320.555289285195	255.22756575244	243.267854307487	187.291643177819	235.874273225878	5488.48080523032	27924.7603459976	682.531853326417	958.741570455981	1924.72138660321	1734.69006478523	1980.42759436644	1798.71434746694	1358.07478090543	1163.88869715225	1079.98192727535	1172.06511854116	1413.22554016361	1081.69546570997
370	1104.69000516513	482.832825184193	334.569907022034	299.442419136465	227.593052265465	235.310558158031	211.358308070015	214.634311779526	2225.27514825114	36204.3358354219	713.922545766887	937.827208912904	1924.72138660321	1734.69006478523	1980.42759436644	1798.71434746694	1358.07478090543	1163.88869715225	1079.98192727535	1172.06511854116	1413.22554016361	1081.69546570997
372	961.986100290239	541.227893696515	413.789552700604	317.436490566694	258.558815554953	208.48416273127	208.073168867099	190.547517803066	980.992470880143	38529.4162039669	1148.79606217703	857.711414164804	1303.37388010127	1734.69006478523	1980.42759436644	1798.71434746694	1358.07478090543	1163.88869715225	1079.98192727535	1172.06511854116	1413.22554016361	1081.69546570997
374	989.389183875206	487.328965799262	328.036359987948	264.426000170541	245.967951491856	209.563882236282	251.048746785105	177.874357067999	585.399214753522	34346.0239295632	2683.60490150913	771.613952592487	1017.60007222603	1734.69006478523	1980.42759436644	1798.71434746694	1358.07478090543	1163.88869715225	1079.98192727535	1172.06511854116	1413.22554016361	1081.69546570997
376	1001.98307540089	468.66374252534	335.764423973253	310.939282279915	220.126299281006	200.231212821443	244.782963196158	166.612762574939	370.895724582163	24954.320899366	6166.68839864054	643.591491943746	845.838603481357	1734.69006478523	1980.42759436644	1798.71434746694	1358.07478090543	1163.88869715225	1079.98192727535	1172.06511854116	1413.22554016361	1081.69546570997
378	1072.99726465756	503.398401350767	333.004788094625	268.497241187706	184.646044271479	195.657165088561	245.310254885506	137.508414070864	267.37641935442	14897.8192506681	12527.1493223776	575.890877877924	796.02643178849	1734.69006478523	1980.42759436644	1798.71434746694	1358.07478090543	1163.88869715225	1079.98192727535	1172.06511854116	1413.22554016361	1081.69546570997
380	1028.00119088016	584.298909019652	373.695509333179	247.011492023887	202.580566497449	188.421926254359	217.777319816702	132.696654094674	209.156840779107	7283.98901055221	20702.5585304022	537.276016754561	781.444205455155	1734.69006478523	1980.42759436644	1798.71434746694	1358.07478090543	1163.88869715225	1079.98192727535	1172.06511854116	1413.22554016361	1081.69546570997
382	848.882505086058	429.272512759144	309.759072876652	248.207285588182	222.95997932793	155.824667503178	202.762445106152	136.185765888402	176.890646436717	3163.12335154225	27936.1180824774	525.776472874449	742.063346705525	1138.59673403248	1980.42759436644	1798.71434746694	1358.07478090543	1163.88869715225	1079.98192727535	1172.06511854116	1413.22554016361	1081.69546570997
384	940.358191120713	481.836413845919	251.619128441506	261.179856981481	230.209846173015	203.875115797496	219.011848661818	151.055459303317	181.431377343365	1326.91125662318	31399.4683344076	802.168183241495	659.372429742829	900.032272846835	1980.42759436644	1798.71434746694	1358.07478090543	1163.88869715225	1079.98192727535	1172.06511854116	1413.22554016361	1081.69546570997
386	711.707396183161	515.12666713154	275.508546382173	232.621905764566	207.524881877219	175.874332813334	191.441744555528	176.656184475415	154.020116776129	730.601578531875	29195.8617479645	1818.18119581221	603.448087542021	724.004398341101	1980.42759436644	1798.71434746694	1358.07478090543	1163.88869715225	1079.98192727535	1172.06511854116	1413.22554016361	1081.69546570997
388	974.415484754967	422.131637440927	362.063911545931	265.12166167109	222.289980041447	192.352599052197	160.471717955035	179.93703118115	143.54175178747	442.675331284212	22694.0905745904	4384.76241111987	514.807455413689	671.7914328298	1980.42759436644	1798.71434746694	1358.07478090543	1163.88869715225	1079.98192727535	1172.06511854116	1413.22554016361	1081.69546570997
390	958.846271967796	528.111672224817	294.003165435094	226.846092135409	203.30931774599	159.663746753329	161.325513822989	188.050094252521	127.623872574353	309.116497114546	14526.5530550565	9025.92260914796	488.136946028048	678.677007256387	1980.42759436644	1798.71434746694	1358.07478090543	1163.88869715225	1079.98192727535	1172.06511854116	1413.22554016361	1081.69546570997
392	953.507595021335	504.992374900567	255.36442210639	254.328302871028	211.592990516658	176.526368449135	153.793245461896	192.651482445749	126.08865077979	225.588081641498	7597.3557843818	15325.6112851649	415.186012252393	685.221394846273	1033.96866530668	1798.71434746694	1358.07478090543	1163.88869715225	1079.98192727535	1172.06511854116	1413.22554016361	1081.69546570997
394	1031.92859406753	437.196180045849	300.858775906567	244.032756318852	193.217012597459	158.139472599251	165.219649450623	191.300461851707	125.00516689142	186.575598208193	3413.90499900672	21733.6417503004	429.158665777665	625.590170766377	822.262869994505	1798.71434746694	1358.07478090543	1163.88869715225	1079.98192727535	1172.06511854116	1413.22554016361	1081.69546570997
396	697.504739317872	419.972967703905	316.743557458232	260.699040404917	201.397028958909	202.556388974575	165.471578916089	184.646302003281	121.42961296014	157.086195504665	1467.88746943154	25351.6891331075	566.16309349875	568.696734600851	650.962289706227	1798.71434746694	1358.07478090543	1163.88869715225	1079.98192727535	1172.06511854116	1413.22554016361	1081.69546570997
398	938.149005272801	402.395366564162	290.276901142834	229.612326540082	199.151923826287	185.63173421732	161.649307615778	174.301234235934	127.437682593464	134.523062492509	745.157255729435	25031.3630446346	1225.52457454569	499.258992514578	578.990343849018	1798.71434746694	1358.07478090543	1163.88869715225	1079.98192727535	1172.06511854116	1413.22554016361	1081.69546570997
400	811.317165045443	435.091373857384	344.645323583427	216.566698249325	210.960596302459	185.968556171576	163.033166534099	154.875243330773	134.028990174045	128.243210830688	464.840664599567	20563.7226338705	2816.65656836742	435.797282685885	542.320514388647	1798.71434746694	1358.07478090543	1163.88869715225	1079.98192727535	1172.06511854116	1413.22554016361	1081.69546570997
402	980.984693997033	442.073794636135	306.425431801391	288.2043368597	198.887498810421	171.763894738593	164.420866141881	149.60068548644	135.294361912472	127.793744868083	311.355995606726	13834.9318086282	6133.80328640172	386.443488269744	539.153933221915	935.611271453811	1358.07478090543	1163.88869715225	1079.98192727535	1172.06511854116	1413.22554016361	1081.69546570997
404	842.663634862087	474.029151183015	227.842785907385	251.690741715248	183.903882442969	186.117457882203	153.617712758443	144.836081837161	140.824712188602	121.691332324057	218.536847935955	7934.45421825182	10930.3546635619	365.43769412325	553.302224074271	717.34318135716	1358.07478090543	1163.88869715225	1079.98192727535	1172.06511854116	1413.22554016361	1081.69546570997
406	943.616505623768	432.37514332046	295.829504380408	200.116598026045	178.097586659294	163.252735628876	164.282876778706	130.820733777528	149.193306496087	103.832919309924	156.390704511207	3778.4726251746	16289.0010256059	328.747963377159	539.735882896379	590.039913244449	1358.07478090543	1163.88869715225	1079.98192727535	1172.06511854116	1413.22554016361	1081.69546570997
408	806.091815968189	454.103968886776	310.51554070861	231.701761864986	251.821189443682	174.592750421044	166.946937647348	145.643760420648	168.491291216689	112.292271079947	151.030573015905	1662.32915051242	20224.941592278	392.424095181853	454.732293860459	493.55216607733	1358.07478090543	1163.88869715225	1079.98192727535	1172.06511854116	1413.22554016361	1081.69546570997
410	853.979261696289	494.879141739262	268.904860150414	243.313411304659	169.285695260615	162.754409985383	159.033959484335	130.310177056836	156.134812915055	108.072902411592	124.104372246575	803.982354289885	21224.5494993929	704.04180880782	404.916818369811	461.507394316095	1358.07478090543	1163.88869715225	1079.98192727535	1172.06511854116	1413.22554016361	1081.69546570997
412	823.963717885816	444.75052484706	220.727913043024	232.358139302559	190.698875916205	162.849387671596	150.314615051315	139.453160241052	144.353078479825	106.847323046587	118.087049172704	480.338921829813	18839.3430319807	1606.60008552279	374.474318580789	444.748953805395	840.600342157895	1163.88869715225	1079.98192727535	1172.06511854116	1413.22554016361	1081.69546570997
414	912.363500760802	457.560479594137	294.712294253726	213.010617861984	207.150258418578	170.699784766003	144.612210292822	122.608017170086	152.426401297752	105.436132988231	111.642387284615	334.301203328583	14055.8801369982	3591.71761971353	338.309197538318	464.255565627784	676.998966704403	1163.88869715225	1079.98192727535	1172.06511854116	1413.22554016361	1081.69546570997
416	831.895200838024	479.922059657729	254.31188885586	254.88835785737	210.576854151283	166.858661920312	143.024445537223	129.427909660838	150.798251135015	111.511660582118	103.038514897862	244.390747628664	8941.30281292397	6897.85734305528	307.608584262396	454.677719462404	546.170503377336	1163.88869715225	1079.98192727535	1172.06511854116	1413.22554016361	1081.69546570997
418	857.830098291368	394.171168126734	251.663178862218	231.991604345659	190.221679577496	157.347138670655	139.052858019116	135.101642910291	127.492833179707	122.181515614619	97.6261916028813	185.456968895395	4707.0664435313	11035.1432147685	301.153856920485	426.253183532043	458.011330913611	1163.88869715225	1079.98192727535	1172.06511854116	1413.22554016361	1081.69546570997
420	818.009785972536	431.852703462515	312.32781202009	220.767588605328	204.574160990386	166.610683134423	152.508248476624	138.233829633743	128.699345501227	122.447605938288	96.5531234062689	140.132915702491	2207.61199978796	15113.2374004959	267.273359812232	376.363556638157	394.812812680162	1163.88869715225	1079.98192727535	1172.06511854116	1413.22554016361	1081.69546570997
422	711.731714083794	425.475797824973	259.988226023738	196.062224677843	218.984624673689	171.692530498865	144.711833082454	122.715653623342	125.327843444152	121.961108523074	92.7272697297595	111.29891032078	1031.59709486485	17429.6688605281	361.77741681253	346.161655301918	370.172734540711	739.313431045209	1079.98192727535	1172.06511854116	1413.22554016361	1081.69546570997
424	1109.21924052642	513.932129818898	324.00406698433	251.262865190796	181.318798277778	154.001804511947	166.793002831409	116.551988613691	110.883345732104	129.048864908652	94.9618713052511	111.873529450209	577.616363393223	17271.2503626901	759.675583803367	320.481815331976	386.58474539549	590.465992438852	1079.98192727535	1172.06511854116	1413.22554016361	1081.69546570997
426	720.47297726029	404.196847625789	318.525611849147	197.726659900475	191.264105902752	172.156197192236	140.924753036389	131.394749913197	120.999319093396	139.178190436484	90.5860856466154	108.102121930608	380.389347463515	14470.4438490481	1676.35849359889	294.416323374653	396.519670087938	479.064594767849	1079.98192727535	1172.06511854116	1413.22554016361	1081.69546570997
428	822.891057281219	375.598317291872	310.982685231227	212.631514384859	217.343386310887	186.611115525836	157.144417921083	133.588225875342	117.616936294335	125.384778434569	72.9256662197353	104.037063498055	276.74973769674	10186.1979811124	3531.96882835613	269.285070390196	378.562842797404	386.331405127778	1079.98192727535	1172.06511854116	1413.22554016361	1081.69546570997
430	795.749139567789	384.282860031726	280.766941154468	238.887501653915	173.79024370499	175.201985919796	154.549071971349	137.041573872785	115.491923115712	133.235305640112	95.6901841416511	113.520670318371	215.8824065738	6212.13866538137	6346.86407020691	226.282065814949	351.435905291954	329.592348236734	1079.98192727535	1172.06511854116	1413.22554016361	1081.69546570997
432	1002.38854797009	412.837706389069	299.365790682724	211.214018499131	172.912267000726	161.212412489552	145.846760204955	118.987468680639	126.392271108582	118.27505057104	93.9348664426945	90.9338542954554	157.091589660429	3164.49128025478	9670.7520256645	231.223371089518	328.06688026048	344.841605013684	665.819737018467	1172.06511854116	1413.22554016361	1081.69546570997
434	913.525715808285	427.601512075538	286.102429569443	242.223137624882	198.823394674431	162.790489024644	152.754916696344	123.753109863098	116.191617426702	106.104818342169	91.2059234193119	86.8483077896161	125.301854073666	1472.12358356282	12638.4053664602	269.199816196962	294.716967481419	341.565086483418	547.83139723457	1172.06511854116	1413.22554016361	1081.69546570997
436	991.564567511415	507.852068710071	286.187154483416	217.311017155362	183.811962848553	175.108473056843	143.860726163246	124.419813871006	112.213159790913	100.153643794364	110.774788746397	92.5763939760133	115.670508878222	747.613377287512	14097.8863614906	434.090350489591	278.109781246281	339.511020753302	448.291648304913	1172.06511854116	1413.22554016361	1081.69546570997
438	1019.28036742405	395.750991180175	258.559208950495	211.896071945026	170.716436966777	148.909907681349	154.255446705931	119.815883577269	114.833259603041	112.013567863158	101.52684702924	87.3456175091572	120.243673853575	455.9432794584	13603.2253244368	971.41168065039	257.997547672361	369.838887310189	374.743856979544	1172.06511854116	1413.22554016361	1081.69546570997
440	606.630067113376	447.872511974238	265.935529751062	234.626142691901	164.297612604891	171.93462450751	155.981616777764	144.441476902783	122.181665189957	107.811527355817	116.060186061846	89.1033507960086	113.508546322042	327.234886827317	11229.1022142711	1999.29012606911	251.81378502254	333.849337558461	319.45927844803	1172.06511854116	1413.22554016361	1081.69546570997
442	866.953375101931	297.629300743732	273.345953765718	236.278875606449	188.271839190741	160.7732784967	126.971666289648	123.503162307947	106.220797309273	93.9050374089406	130.60222800912	84.9814176469369	111.542478559001	258.199629619463	7767.5352908561	3816.26097850888	217.107095769524	312.502227312104	292.656330384603	630.936878166161	1413.22554016361	1081.69546570997
444	958.791642946926	373.952572664088	304.196473355456	242.556554374266	206.899018835999	152.571709700822	126.546758526287	128.393787620539	105.264520490798	100.433707555791	123.506065294472	87.1879779207403	92.1796857355425	200.721104055317	4743.55717842077	6262.73756019394	209.914538037411	276.707435849421	278.1717705258	499.716834260889	1413.22554016361	1081.69546570997
446	870.086964983861	474.320667265316	276.95891372427	227.541231550702	196.718876407962	155.829430774529	134.304870017655	132.633084640504	107.095404485006	98.1470878398063	116.53001337856	80.4770610592513	95.1334599133909	153.45980764215	2379.77083876097	8923.80991112846	218.139696869627	249.079720362588	296.00771990664	421.2717564805	1413.22554016361	1081.69546570997
448	638.396364750283	399.95781785517	256.891497796403	257.944666344564	167.749091981119	159.089222578108	155.852843860158	127.713496070573	106.701749243555	98.168736402971	107.656482023136	82.2234264124457	95.6239087085328	122.985712190121	1168.44226358445	11005.573156248	349.071268544103	252.858928616716	303.232640517992	349.269825385057	1413.22554016361	1081.69546570997
450	875.509187320895	429.472930663941	309.1946113975	236.150216546236	202.817222753928	163.999061447922	130.49830406699	127.184133088043	113.089095030035	111.277488123071	108.570934995063	88.7710266799041	92.4975171983168	127.043836625797	618.443236767548	11641.7975664031	626.150214479788	248.74782934554	316.622556662122	304.490951165751	1413.22554016361	1081.69546570997
452	932.215807418371	484.28605192421	319.718165972698	259.756088961907	197.811100617126	160.25371976628	132.277152175482	122.452951387382	115.250081863412	94.9486224687814	93.7309746065388	96.9920705722129	89.8449413992313	113.50881192197	427.610515180306	10704.7216008969	1349.48340555745	228.946274403918	300.397756247497	269.969845917667	599.163112814645	1081.69546570997
454	922.433114886268	380.385521065704	264.701772312602	236.807729697202	203.630668404081	159.612383771227	133.332852902458	115.165300980682	99.2695391369176	94.9592970183016	87.6306349875566	99.4126850100421	94.8910943630278	115.141386820108	329.566824820376	8439.92476612808	2664.17021385438	197.316397230885	269.697184721143	266.886413251869	501.795111814706	1081.69546570997
456	768.286672473236	464.422234814547	235.030662679744	214.945630384694	205.468923572837	166.192507356285	148.036449950619	121.186524497942	100.963573855298	107.054654104797	80.0000617471119	110.988434748782	87.9692868082905	119.319716987073	246.017855083827	5682.30233399595	4505.359627843	195.556498198668	251.532089755086	264.80404044403	417.919877566926	1081.69546570997
458	946.800888061674	394.400844567806	305.881588328607	233.696335000703	198.037739624966	174.517736928921	157.033356538398	118.911995007605	105.397372871077	87.9950458636989	86.0200998589986	105.559705718769	81.5748520466485	102.1412837652	179.167736173084	3330.51788391268	6697.45733690104	201.224800393036	228.391112664947	266.73931403784	341.156737292171	1081.69546570997
460	1166.43059665211	465.094423202146	343.535323611617	211.785689964197	200.095104185923	172.642225747824	143.873867834954	134.909956181818	108.050049371696	102.407122321031	93.6844221497763	108.179384198157	87.675045396021	99.3097735014547	159.00460498606	1722.29862304852	8763.62130334814	258.587667198335	228.350705745452	263.517978403242	291.30132731861	1081.69546570997
462	1166.43059665211	497.120667871693	275.11971501391	247.714036262732	186.216931502187	160.75716989248	145.154129337031	126.60454262737	111.980233754216	92.6664893375955	90.8963930339571	97.771933038757	90.8103232747835	93.8784821684628	128.798983770555	865.705064883276	9750.57000503202	422.319341441431	226.286394380799	284.458940175064	254.790468913801	541.838765066196
464	1166.43059665211	424.983617979442	305.689223430921	231.380399307964	192.097864009868	147.49975164672	143.389244387764	116.300954863421	114.571389203248	94.8788640652309	82.9898971896152	93.7177483884387	84.2905900723512	98.6766036510935	125.209754508736	476.396882677243	9498.15854222587	854.016233853258	218.071992722332	272.316953599343	240.883941592611	450.20470294794
466	1166.43059665211	527.030636347013	346.343597693709	219.385980247838	203.122246575513	172.228157345754	127.67889908966	119.062577149795	113.542586106742	102.202237815111	87.2188636225652	99.667744652434	85.8853423532508	92.2185781726788	116.469246743815	351.360708987198	8116.70607312924	1664.98011256513	186.331131989844	229.063771120631	234.119168080469	378.119053859806
468	1166.43059665211	435.801656068068	309.788024886073	225.660563514018	187.697055011103	147.181757070705	143.585240876502	127.882480212891	104.581928080968	91.6455251375612	80.1100706342356	95.9050589029829	92.1978652062203	107.304122838645	118.679197022226	282.866609513322	5998.7119341917	2951.54858042416	174.437668279885	226.096859869499	226.353805186404	308.887406657635
470	1166.43059665211	519.56106149657	304.513737814635	248.104081059024	189.97224037466	166.46465715062	150.151921168999	134.48548949146	112.173889976282	93.0542040110941	84.4083135735273	97.4619673316164	97.4944664359351	93.324653718848	102.782825167316	239.071406040721	3817.91923414011	4574.18751776945	170.430703853576	219.271239790878	247.051889757213	264.086247566347
472	1166.43059665211	591.693016716979	335.237658515842	232.658313582291	219.760689755028	158.931561104424	156.565568599828	113.343344623556	105.582873234586	95.9864105652017	94.8523201687369	94.887178788528	94.9604988114665	97.8665472288124	104.856662863991	201.072677524033	2152.52663491244	6392.36380867223	199.095450207797	207.18419795037	262.428767398284	233.911838232107
474	1166.43059665211	473.678099606354	333.61421411045	271.640007542847	218.893250203281	159.886298376727	137.077766878504	119.69667052764	113.651912100373	99.9890427453631	103.363428529204	90.2037831033652	102.148406115812	87.2221878809773	112.308284691952	166.643062822841	1156.92843331806	7806.55600807841	260.686056822947	203.645670706134	248.311699068145	226.897335293982
476	1166.43059665211	510.13001241432	359.894856604784	271.276834104554	206.413429213581	163.770767578313	128.618910950486	112.619593320403	104.185142335145	105.79957428147	81.1843165144367	85.5003934977092	105.207337303654	94.5203695415896	106.210590292676	125.741100512729	615.593028880633	8283.60684325503	466.176283398386	180.598393104149	240.396381159123	210.337560950105
478	1166.43059665211	578.336856204414	340.796965223496	258.700094601622	222.438724999172	174.343524129015	140.608196668296	119.511518045219	108.874120353476	87.1440709761398	90.771469789149	88.6100043907925	101.870727475676	90.7618062408978	101.779382339305	126.673616843884	409.982427185027	7859.60586197247	912.227057470254	192.662748723634	231.64678263663	203.275412885195
480	1166.43059665211	541.654201285361	325.838529978765	242.318442126939	238.548585393189	172.066376161924	140.897566019245	108.068769548709	96.765526596463	103.595053213752	88.910442783134	83.0700563705508	95.1153470574554	90.2303517399849	100.891644502774	121.778824573772	301.610614477273	6433.96088599475	1749.16260725767	162.288621217609	194.353713092244	201.415499105368
482	1166.43059665211	541.654201285361	294.518375391118	238.127939253083	203.9562924588	168.665183364449	136.21655644476	124.453698118391	107.721181330278	82.7597515593725	95.0111273940487	80.9035944029479	91.2967726282716	97.6299065068004	92.4478732126967	111.62543959759	245.318661374594	4558.59231293109	2916.27815826721	157.154005521763	197.038607614558	219.503481590368
484	1166.43059665211	541.654201285361	328.570377035942	238.35018797805	214.181392994043	159.502135142551	143.7700936757	132.566067105307	110.355005026177	94.2984028244191	88.146979643094	77.6029585418862	97.0225731998683	97.8517581859861	94.0407547688618	118.019767106275	205.092020536304	2904.86039259407	4251.87887945029	166.544197801136	185.544095859339	214.094909196965
486	1166.43059665211	541.654201285361	360.707393976832	283.954137566328	195.221473642424	173.842083790991	148.309313883223	131.985960720738	106.713044467187	100.504251912993	96.2527146123802	82.9105599024893	88.2019803607619	94.7811109187182	89.7802015522289	103.157811813032	172.647001968144	1646.13584459415	5692.18032045718	193.248285993859	189.621811487789	223.501988263304
488	1166.43059665211	541.654201285361	358.693277099756	306.021001714903	201.340076418511	188.774534615103	152.82417479276	124.371852916099	108.549663638707	90.6064217522344	90.0494688848488	78.3068639137103	82.4777816312261	97.7826568321003	89.2240757125149	108.409251571175	150.54952749729	851.862415069677	6643.59590964448	274.102789772957	179.411991245869	223.367272845868
490	1166.43059665211	541.654201285361	339.751353050994	277.275558923223	226.501933166609	171.075625251061	161.598867097372	121.589231046473	107.110593705528	96.4235644916423	95.7283755014647	80.6367831971126	93.87083072967	92.2779085164407	102.679562455314	114.107646435381	140.351696046706	485.175858717742	7029.19664704402	485.103215488312	168.738723802734	190.322628777151
492	1166.43059665211	541.654201285361	469.792409110122	293.610106948923	192.813611977957	160.23621140406	141.616002012973	122.715651893998	115.373377848694	98.6211786994813	81.267605401106	76.4021308710852	90.6256955952379	117.118032031297	95.748235573704	112.053979086611	120.936389185608	340.438934246925	6322.93403300167	876.412440063472	168.688935675969	163.154766601112
494	1166.43059665211	541.654201285361	352.191673992863	271.123415193552	192.289118317297	183.907038149082	146.45552059457	103.647668061078	117.389311763034	93.613475321266	93.0157843306113	82.5575332267136	86.4514488534006	90.1518449843912	98.1044444615955	98.3664426550526	122.443688376423	270.18921455046	5183.74195545718	1580.68508811961	141.310010406739	176.725813217652
496	1166.43059665211	541.654201285361	391.679649440753	305.737782601204	232.018584392929	158.85076546109	160.070221240048	126.761332468655	104.888322827708	99.642438706427	79.37363910657	75.7762960837226	82.3096672096362	105.384256520512	93.706524954528	90.6595153502514	99.616185820615	250.483931677077	3675.57736951546	2539.71960846762	148.514269830904	165.510497638461
498	1166.43059665211	541.654201285361	485.139530357367	284.330399521233	223.377068542289	173.176220861038	132.96998432527	121.50853518128	106.14712086003	95.1968318336128	93.4149766579352	81.5508562211792	90.860819990776	83.6130894824522	85.7144767382343	99.4984140020487	114.01998537533	213.528945414495	2280.46005351906	3726.43756532429	141.00190238554	161.685971368043
500	2887.78897849174	541.654201285361	494.441180584243	327.667078376104	241.427898157493	201.506763579148	124.413013239684	124.738875325474	105.527484354471	97.7948225977764	72.5169049036412	86.40335971614	79.0702827940317	104.273077283053	81.590629201808	106.385830362061	121.929071208848	169.095718209044	1307.48657996239	4830.68570480967	180.739887951281	168.908758275178
502	2836.66749181525	541.654201285361	494.441180584243	263.644298388994	242.875458446713	167.588880079066	156.524596246592	147.690100319504	109.656489798579	82.5217311806049	81.4442139915058	77.7858147348492	76.8916628178716	89.268193750059	90.2987336474337	92.3134266590999	108.924816605183	160.058162954484	672.993429875295	5530.70008077124	274.85682760798	156.572428946426
504	3173.60074210516	541.654201285361	494.441180584243	292.517448705632	228.652492898949	171.082365554828	141.956160507779	132.729884117041	101.661058871678	100.262062424341	93.8244664426816	79.9691677433283	88.1294037497216	96.8931856917486	89.0845873762137	95.5070275324078	97.8641524199364	124.496454049558	398.709631313113	5789.15756962757	433.183015484538	144.811957898575
506	3225.41393716254	541.654201285361	494.441180584243	329.566555495156	207.17111370088	192.714780379271	149.136991844102	112.481993342589	97.6928218334831	91.4767904776565	82.8192378503114	62.8447627313932	74.1171206151066	84.3471652587246	99.8188730994251	91.045661031982	110.357688209516	123.075937540287	290.897900188772	5362.01192320797	804.353296805093	124.737177384101
508	4200.4527927122	541.654201285361	494.441180584243	361.536942047931	215.398518622892	181.14589415653	142.746385825974	138.054173898965	111.598908962116	99.1775043703881	85.2933461428023	83.5510106400385	70.5253237255201	81.6956267493007	89.4897122175047	86.7894548174142	94.026885497275	113.225298687157	252.304333380116	4406.30956092035	1397.85818577477	121.253641122046
510	5602.56753752155	541.654201285361	494.441180584243	372.73702718802	225.113056362348	181.217820248024	138.499686856275	143.10169584105	110.268816258629	108.133793374456	91.569933193525	79.6837932165696	93.0367366501989	93.0862417236053	85.7295720962252	88.8299507550941	99.2712470941578	108.18401244876	213.918580975791	3169.77771766323	2134.60434808455	120.527010702981
512	9190.25341367537	541.654201285361	494.441180584243	364.633653400287	232.929246390517	195.747075265426	143.85953079561	143.088249447862	114.795162724419	90.8881825386559	77.7998184346838	82.9318925956818	76.0245514004147	92.6669022252246	94.4639798013967	93.9303302564182	90.4328579769443	114.177198382713	183.89663445134	2052.30871588234	3091.82206398895	142.502535939375
514	14484.1591944375	541.654201285361	494.441180584243	409.819802126343	287.461128864125	188.642636009629	152.567526824785	135.496538746775	104.97235998514	104.29898191991	90.1505644212299	76.3913028986913	87.6164818648242	86.313163173875	108.359316418139	91.717345298194	90.6685670003974	107.599821120899	151.580782779946	1153.29625783992	3960.37232998126	184.273416217842
516	22697.8618291597	541.654201285361	494.441180584243	441.651480405861	273.364263620972	190.150386065519	149.083138167724	140.330446577031	103.070704389368	112.237583171743	86.9984003222617	82.4000753484537	88.319898828583	78.8617966641321	90.0695183810975	87.4070100489028	91.4890719087977	102.722853488776	146.573355982439	648.980727958147	4658.75745112201	284.867364497543
518	35449.4716727502	541.654201285361	494.441180584243	429.977360586634	271.546152667599	168.388268765438	174.945773373752	110.045878641309	116.419348367366	86.213903272553	99.7274422404692	89.5709934239442	82.6183250594105	86.480497181535	90.5392334070672	85.7297044435819	94.8213560583268	91.5435013981911	136.817996514227	389.095525828323	4824.04118104357	457.37465667484
520	47073.1674075467	3253.03008430332	494.441180584243	526.270176493037	288.242926434229	212.558718865272	150.580646247998	123.052204168472	108.532755231168	101.467141339125	83.1456330035177	85.2813133784128	80.2916983141033	91.0344971758595	90.3087974796457	81.7325736105497	90.1422568485063	94.3156541625627	128.686004677359	272.877355466904	4482.87169779929	791.10256561945
522	57158.1497074042	3084.02892848536	494.441180584243	526.270176493037	258.820538922629	203.612235531008	147.800046829192	120.182331265998	101.46383527339	89.8921335751304	80.6708495789755	82.8056743067323	71.3245698962112	78.4334642307248	91.5067606760999	87.028731433253	82.1230130666916	91.4750067508001	107.320404793533	231.60149983413	3784.15242038059	1361.20068448839
524	67845.2782608857	2691.08036969532	494.441180584243	526.270176493037	280.996171998001	211.189651787477	153.842244724134	148.477813259477	133.087487879731	89.6759752071111	84.0657701575566	77.0554366456198	84.7321373486558	80.4949708654286	79.3821103746713	91.6619252430309	79.0859637407869	99.0148759526467	109.94696265675	185.824974309694	2899.49224121849	2049.15582904141
526	69133.7717737764	2572.53637699452	494.441180584243	526.270176493037	301.439374254521	196.901601750486	154.23737504982	128.799906459405	120.459245257654	100.97760255814	95.134511949987	83.0404338643903	88.9318314389529	74.326967584994	82.6264251218443	87.7521428047535	90.6760077315188	95.5781355225286	108.256875595889	173.385876842248	1899.06596591073	2792.85346287598
528	65614.0760600874	2732.01770934578	494.441180584243	526.270176493037	330.434459015015	245.169915376358	183.73562710356	126.571152776248	127.400674888997	96.3084697037979	97.0176033470432	87.4733685213707	76.2730714647232	79.455567420934	89.6937677840889	85.6464763829186	72.3097316811613	85.2293876988021	101.801288354825	155.100665467041	1051.59034479051	3464.06708768194
530	58089.8218170602	3365.12411808998	494.441180584243	526.270176493037	290.477535474165	209.830019526324	157.862417528222	149.890892350758	132.888473086795	96.6318958160485	86.7092007887433	77.8541261046109	78.8592148552263	77.889657266893	80.3170537467941	81.8022324466952	87.0328184510475	86.5055548808443	99.2537368553955	136.673012044648	609.935861703554	4011.36560932424
532	44687.9545282461	5746.90370590939	494.441180584243	526.270176493037	343.083124553373	213.092119599819	179.72087466615	138.823100766041	108.819014309313	107.03242766283	95.0767861054469	81.1152093825513	81.3234322068161	78.3622686183473	85.5305667533611	89.2145078378394	88.756449611352	76.0843665015915	96.5327041902443	119.877811219186	347.926969287181	4094.72042204383
534	30199.0402213455	10220.5072287183	494.441180584243	526.270176493037	385.800375034209	236.645009630796	181.629176104141	154.504244991593	117.891173606263	119.500105760351	88.38295760499	81.0767812809466	76.3966968928177	70.5686297331889	88.2344715833602	81.4766071192986	81.2550135105583	87.4302361006345	84.1091457632584	108.380804992866	266.170311371414	3772.64726244422
536	19153.2458625725	17901.8423284274	494.441180584243	526.270176493037	397.423779515675	248.01355892934	202.520328922	131.299953223395	120.807725279095	96.6029530066516	91.5709554573074	88.8580854423431	71.3301214193011	83.8785428019272	66.9339311211841	76.7699602598414	74.9719607899883	78.7313565541844	83.3206677109844	94.1498985523402	212.254920741401	3128.89445833354
538	11306.6974412969	30250.8901691375	494.441180584243	526.270176493037	444.647419474132	211.420216839711	201.248080090716	139.840785851002	128.256771955935	100.305056283704	115.755031947136	82.0456519745453	81.5990375368225	71.0948408542494	70.4962476214543	80.6897697841411	65.9754980698918	71.4760321121889	84.1957008913501	85.4184854532653	190.625526464457	2334.47735238002
540	6133.9065288484	43747.1884436877	3354.466438733	526.270176493037	428.741892615767	231.51002140346	186.047252529092	141.020295058407	131.415922278469	109.016198316468	94.7776033675737	90.0898511832136	86.9574776428579	81.4389112441309	73.4692354862032	82.2432013522092	73.2391356205208	78.9162547932049	81.5103591723435	84.4690502483583	153.697833313353	1585.73797985846
542	3670.21832706936	59133.9382832084	3596.7291177362	526.270176493037	428.741892615767	250.278043790009	188.271490292967	155.722237365537	134.840537651877	104.536626160221	84.6279767710128	92.9236413165109	83.341585115002	65.9357574549459	69.234914107871	71.4560672542184	69.5017007069752	80.1777622128504	71.1517108052359	81.8151177721318	146.41243742489	935.35866642718
544	2418.39171536431	75622.3137937184	3059.03488373289	526.270176493037	428.741892615767	270.61470986926	204.396941870477	159.734022266434	123.950219965082	107.463425823554	85.5248078222689	86.1159277857426	77.1813008590837	78.2751083130002	75.4788265465197	77.4556200435988	73.5094070506512	76.076017805789	80.9860338070846	83.8930511580115	123.485223889844	558.971921176047
546	1894.44403963804	88424.0875163695	3012.47392002921	526.270176493037	428.741892615767	290.506656282645	210.274147340213	176.548851171069	140.618102193083	112.618553244604	84.1870663913798	80.7937860948445	76.6427512857468	76.1723962528574	65.8827860324121	56.2961699705026	75.837657542055	78.7435030811645	68.6506357550795	81.0602426839696	91.8511774904385	295.859819311827
548	1771.64565924916	93440.8080366886	3032.75542155895	526.270176493037	428.741892615767	330.760840520896	190.73939136445	165.589058860818	129.830437757149	122.19490818743	96.7704884027497	97.917333898603	84.1445566011345	78.5476111328178	67.2460134740125	68.3074825836421	79.5733382845564	78.419124863054	67.7999169396615	78.3632929122526	86.7535398721931	223.546061854481
550	1708.5970240023	90638.4233334444	2734.37915801363	526.270176493037	428.741892615767	387.282623658587	228.377888225858	161.525095610464	119.971912204784	122.135670289218	98.6914046559971	91.5750866969987	78.0195431103121	82.8557653293848	65.423283328892	62.3211693860772	78.1006183279463	80.3963117385518	74.1164900466928	73.267705097523	96.2007098012985	187.139628524298
552	1716.25659995879	82043.5109793885	3129.50845823515	526.270176493037	428.741892615767	400.218266678402	209.83609292617	166.09102752116	117.107168777776	115.099588438119	109.342693879885	89.1518007386495	76.6703432693231	75.8423914435094	64.8682905555455	59.0147178149941	75.6299654415935	72.0299709903279	68.8998916941036	84.5843209120856	80.2359716175405	158.75870888673
554	2068.66694086335	67151.6757341654	3991.11651369316	526.270176493037	428.741892615767	435.071754341704	223.460443420118	156.296719587645	133.627750363606	111.388837692876	97.7469156457334	82.6645665332257	85.0845649724705	84.8612878894271	62.5597320940085	71.0025099038248	70.9946127308503	63.3792417142166	75.5697224899564	72.9899376602567	75.3151259283831	151.317944876625
556	1729.68399976509	49753.65266388	6741.38724816934	526.270176493037	428.741892615767	456.937783858679	246.749175491594	173.7250899054	136.595003445349	108.192194158378	104.579816603089	92.3339489666128	80.3197186646974	70.6674515213488	76.3188936316644	61.5106636387072	71.9060085239044	72.9292947500704	66.1441446828384	62.2667152245834	88.3593349135123	134.129727631272
558	1451.77530372881	34459.521302925	12316.3148105574	526.270176493037	428.741892615767	451.580762869644	221.058860030252	175.746447738179	134.624398390485	127.769977553186	97.1747455600621	84.0085860158596	92.5414051872473	71.3957909299159	67.4169918364485	65.9264362948616	71.4817028395465	74.247648149433	69.7115319656373	70.9160850751451	84.1131095314947	114.964706421854
560	1984.38384505822	21134.1458210115	21596.4392662	3927.19736431846	428.741892615767	501.004503397412	236.368485056443	194.840802427728	148.992643876007	123.251364478878	103.498148931523	101.456883900742	80.1022948828971	71.7466577884283	66.3847796804017	65.8511802786005	71.502525710038	69.6954706697821	66.7738353749486	72.1977205028354	73.4543667099171	107.628273387844
562	1923.21455214061	11268.6423743913	34637.4300652234	3511.3617417714	428.741892615767	501.004503397412	278.918180646214	190.382555769752	129.436087670449	123.011242915089	105.546856214217	86.492123257158	82.1967372288126	85.2508842058405	71.2928222102439	60.5312498619049	74.121922733257	71.4010675557901	74.3917420356099	63.4617201720792	72.2172511119734	85.3302987649764
564	2587.31861660849	5380.52695148809	51486.9624817021	3304.97240233278	428.741892615767	501.004503397412	260.848319619373	170.863347633743	147.666740080696	115.599678337973	116.662838421931	85.3880159751793	78.4647535918358	68.4831541379289	59.5201518629545	71.4447351801367	70.2954228195248	80.158569496125	74.8771479374207	61.5410072606377	63.1870388822844	75.2971070733421
566	1635.91694672685	3193.92368661173	69211.8696818099	3148.52524625493	428.741892615767	501.004503397412	256.499255307711	184.347947079476	162.16568426203	102.982430984738	91.2855681923399	78.4042279465662	79.3991288559269	64.669792785149	64.8829779527798	62.304368361475	60.6288228933318	69.6343830107855	55.6836626087005	57.6527180835349	68.6908254545155	72.5319275200795
568	1821.08208682306	2148.76672787333	85162.2570007503	3061.79415244248	428.741892615767	501.004503397412	337.27057458981	180.705757963618	161.84080882491	137.505310569364	92.8501566554133	86.1132785099064	75.8510274037764	72.4004834851107	76.610965161798	56.93269771189	64.750143198188	69.9791323493576	73.5126941012606	61.3667201827479	73.4978658230167	79.6340058430426
570	1902.7385010195	1864.72470335287	96962.404300238	2784.56773608998	428.741892615767	501.004503397412	383.334189065345	188.71466707608	142.116689088408	124.511927586312	99.5091830379428	86.9180823955692	76.015853521447	78.9066807926306	75.4944072425108	67.7332113928047	60.8726653864837	72.4875734639708	69.350243431065	69.4879035957258	67.3912878543073	73.3198729447948
572	1885.97834039641	1486.97224151684	100794.356014915	2772.10507574739	428.741892615767	501.004503397412	361.439118780053	219.791353781869	155.812007427328	115.916913106363	105.448963355497	90.3627277464089	78.0522949509752	89.3976976351517	65.8259574827537	64.6873184163561	59.2270913114718	62.7090317701552	67.4233391564875	72.1977054004896	63.0382563300114	63.5961571474349
574	1564.10462920579	1404.34354892706	97861.7123234532	2638.84862019503	428.741892615767	501.004503397412	420.820972617033	182.777906809652	176.734927836205	134.546194510834	112.021737128177	93.8943840650518	71.5464524758433	71.0416513616345	63.0010634282985	65.4620580484308	67.8738990595411	68.1702081836863	66.7882949249331	55.0728461814723	58.5468184774654	67.3857534825284
576	2235.4051113751	1358.56931641725	86584.0416874924	2779.94161400134	428.741892615767	501.004503397412	382.244429987867	196.467913190362	151.998477652104	111.097288501828	101.895385968388	93.122065014751	93.182096346678	57.9965072610397	62.0686107627654	60.7300529094548	55.7071673281197	73.7329582401174	61.8389443717549	54.108390009989	64.4232701904985	61.5026840555226
578	2022.30347648428	1176.76047882141	71612.0422372921	3486.99558334135	428.741892615767	501.004503397412	472.824120782963	241.646591169959	166.504831318739	134.977189397091	115.590913264067	113.79703941078	85.469876585952	77.607042814283	60.5428595069306	67.8908425518848	59.641062326785	63.8589194522313	55.6261879278297	71.762374391803	51.861197335535	58.5867066022088
580	1623.40055660696	1123.14814563374	53277.3289756649	6311.29177433198	3704.75432781529	501.004503397412	511.73779925057	238.882288951308	152.205425876486	133.429183222635	104.914360529855	99.1547071626114	86.4320124436303	75.0664882869368	70.341549220302	69.6745592262834	70.7485191722702	73.9771740897248	60.1678865362191	73.119797143951	67.8561560734637	59.146355948293
582	2126.1927366063	1122.28198126009	36214.7610470509	10710.3888180517	3285.7495233679	501.004503397412	511.73779925057	245.168351581851	172.5641679084	130.244093147711	106.856851716393	91.2003381854689	80.6068913314571	65.8785877976	55.6085178504382	57.3242845854709	54.7400676481675	61.5902067871302	72.8483751624253	68.6270671758363	54.2443361347872	57.4423136802609
584	2193.67751504781	1141.74044030337	22324.9728756545	19288.3708430511	3204.15606551085	501.004503397412	511.73779925057	279.336469625245	176.459203519137	137.378478449118	120.403823392896	98.8034198908784	87.6480283214749	73.6188124010289	68.9808649807079	65.2915551125982	59.8631353333668	55.9470045000587	59.7314287332585	73.0977126908131	56.7738209377019	67.517038422902
586	1956.98929459005	915.911498035733	12515.8950040699	31037.7552749812	2896.68878723434	501.004503397412	511.73779925057	281.966132347712	197.70492280265	139.077355878963	102.43905465197	86.3194476652288	108.89551524904	73.0870800016364	65.5881422163604	63.7031567101023	74.0388885626914	65.3455019248542	69.1707902330328	56.9869524743281	51.9052366718223	66.2924594779274
588	1804.78025283764	1137.34591683152	7061.87667531434	46015.8675095846	2823.6717301028	501.004503397412	511.73779925057	290.219482519142	206.178753689985	137.181085005165	114.072834022449	88.6051217356246	88.2128854274946	69.4328063047425	80.0892794017994	68.6859233601776	61.9561302004566	70.8305692416651	71.413955017589	73.4452999269195	59.8788834701984	66.457536939565
590	2182.4369353473	1179.34652067751	3586.04351539898	63457.2224151345	2917.79256352485	501.004503397412	511.73779925057	341.735827131789	207.596243900935	160.374739429072	116.064153425042	101.944117076381	98.2605949529681	76.9248785398856	59.0467905428282	70.9777372714114	73.9357435343453	61.0883458479988	63.4802655791329	64.6066351599227	63.6050488151081	77.6590417185663
592	1998.91835965162	1202.35727573491	2183.75491060173	79566.0418081481	2827.86522709441	501.004503397412	511.73779925057	393.825363610195	209.651850979864	135.162333282561	113.493421146627	104.590708758079	92.0831497799267	70.6653159573906	68.5380469869622	64.3036959633455	71.9249397468158	58.9325770293176	60.7530992639354	67.4884299795911	63.1602375717691	60.6524922704557
594	1836.92612356904	1067.67402190086	1895.74290377695	91184.21484508	2437.85831396134	501.004503397412	511.73779925057	417.008523987039	218.49072937141	159.996113523062	136.365865541453	115.868886473371	82.1648819248081	72.6704860613402	68.6191045906132	57.994223877111	52.4403724241776	66.7823797457104	71.4448094091874	69.3655329495978	55.7577064371929	61.7262505229454
596	2072.66610597877	1002.33387571458	1612.32602336387	98116.9780100794	2260.19228851452	501.004503397412	511.73779925057	386.658762847475	219.43316827677	155.805766941226	109.59708993186	105.504349936604	82.3588108589784	75.3239315877431	67.3677680849083	69.0802746379224	69.4873193789375	66.8791681612846	69.3531039555828	56.9784566918397	76.497635600074	60.7996597356521
598	1396.73601721953	1282.93695668171	1430.41617594554	96855.0268322229	2423.80448009088	501.004503397412	511.73779925057	439.155741933129	220.506728984119	181.083389161275	143.273671229633	112.867003200698	84.6032303406548	82.1597090780168	69.9734351614447	60.8191551293403	71.3791866391617	71.7170580071492	54.3025452484939	76.8629553910301	61.4498378952613	53.7822596348328
600	1457.7199685743	1230.58078720242	1257.73020112461	88907.9820228019	2569.44346658942	3531.84696571954	511.73779925057	466.4930229747	234.299626487695	188.393744640398	129.944753656725	114.126242104271	81.9149832863734	84.3981760829831	84.2167865959148	65.627812396701	56.0623968720709	68.8210930582874	58.9424850697171	61.0363706049035	62.5596432028709	72.5045705216902
