Wavelength	240	250	260	270	280	290	300	310	320	330	340	350	360	370	380	390	400	410	420	430	440	450
nm	CPS / MicroAmps	CPS / MicroAmps	CPS / MicroAmps	CPS / MicroAmps	CPS / MicroAmps	CPS / MicroAmps	CPS / MicroAmps	CPS / MicroAmps	CPS / MicroAmps	CPS / MicroAmps	CPS / MicroAmps	CPS / MicroAmps	CPS / MicroAmps	CPS / MicroAmps	CPS / MicroAmps	CPS / MicroAmps	CPS / MicroAmps	CPS / MicroAmps	CPS / MicroAmps	CPS / MicroAmps	CPS / MicroAmps	CPS / MicroAmps
300	23367.0522562776	21836.7131108493	21501.3469676001	146522.984251134	27456.2824235138	15306.2803567157	587408.258790525	7623.27285511855	7669.84565342768	8132.40782014476	6503.71173863649	5513.83993989543	4967.42039908525	4600.08449110339	5086.55807967705	4930.98262520475	3924.6461462654	3408.25000940128	3067.02476270617	3258.25183201802	3456.97983839125	2985.32769579912
302	23096.5453891152	25177.610363397	22285.6034816134	101780.798150352	44285.3714468078	14379.300964496	10766.9369389679	7623.27285511855	7669.84565342768	8132.40782014476	6503.71173863649	5513.83993989543	4967.42039908525	4600.08449110339	5086.55807967705	4930.98262520475	3924.6461462654	3408.25000940128	3067.02476270617	3258.25183201802	3456.97983839125	2985.32769579912
304	24681.4937997133	25479.4225407321	23751.9891188568	63560.6217026216	73236.6691049308	14849.9550774891	10766.9369389679	7623.27285511855	7669.84565342768	8132.40782014476	6503.71173863649	5513.83993989543	4967.42039908525	4600.08449110339	5086.55807967705	4930.98262520475	3924.6461462654	3408.25000940128	3067.02476270617	3258.25183201802	3456.97983839125	2985.32769579912
306	23398.0176173328	25344.1995131761	23828.6571281458	39618.4983816871	109400.351103069	15472.3339778295	10766.9369389679	7623.27285511855	7669.84565342768	8132.40782014476	6503.71173863649	5513.83993989543	4967.42039908525	4600.08449110339	5086.55807967705	4930.98262520475	3924.6461462654	3408.25000940128	3067.02476270617	3258.25183201802	3456.97983839125	2985.32769579912
308	25112.3362750057	26163.9171841899	23604.0774566517	29478.6153594513	136967.239912822	16084.709430456	10766.9369389679	7623.27285511855	7669.84565342768	8132.40782014476	6503.71173863649	5513.83993989543	4967.42039908525	4600.08449110339	5086.55807967705	4930.98262520475	3924.6461462654	3408.25000940128	3067.02476270617	3258.25183201802	3456.97983839125	2985.32769579912
310	26986.7685391633	25106.7938878662	24771.260063748	27417.1091035795	144319.133719346	17691.1680265969	10766.9369389679	7623.27285511855	7669.84565342768	8132.40782014476	6503.71173863649	5513.83993989543	4967.42039908525	4600.08449110339	5086.55807967705	4930.98262520475	3924.6461462654	3408.25000940128	3067.02476270617	3258.25183201802	3456.97983839125	2985.32769579912
312	27915.5741443782	25222.0903798856	24935.5361715617	27018.4034575905	123639.377986161	23446.963878774	9218.27730981425	7623.27285511855	7669.84565342768	8132.40782014476	6503.71173863649	5513.83993989543	4967.42039908525	4600.08449110339	5086.55807967705	4930.98262520475	3924.6461462654	3408.25000940128	3067.02476270617	3258.25183201802	3456.97983839125	2985.32769579912
314	26009.1189986555	26154.2294202913	25137.0154425203	26371.1382132937	90032.6427619031	37116.015630342	9230.43762962183	7623.27285511855	7669.84565342768	8132.40782014476	6503.71173863649	5513.83993989543	4967.42039908525	4600.08449110339	5086.55807967705	4930.98262520475	3924.6461462654	3408.25000940128	3067.02476270617	3258.25183201802	3456.97983839125	2985.32769579912
316	25964.7209574181	25311.8014052363	26135.1559339159	26945.5920009662	59320.8613709802	60328.6744740992	9463.86668086531	7623.27285511855	7669.84565342768	8132.40782014476	6503.71173863649	5513.83993989543	4967.42039908525	4600.08449110339	5086.55807967705	4930.98262520475	3924.6461462654	3408.25000940128	3067.02476270617	3258.25183201802	3456.97983839125	2985.32769579912
318	22950.7186533798	26246.2540479574	27539.0420699437	27176.6402450109	40280.0210070725	87352.183996685	9673.76414467019	7623.27285511855	7669.84565342768	8132.40782014476	6503.71173863649	5513.83993989543	4967.42039908525	4600.08449110339	5086.55807967705	4930.98262520475	3924.6461462654	3408.25000940128	3067.02476270617	3258.25183201802	3456.97983839125	2985.32769579912
320	24963.0115625669	25542.5276393618	25658.5325891679	27599.257155086	32189.5832831248	108304.081095413	10439.6295160679	7623.27285511855	7669.84565342768	8132.40782014476	6503.71173863649	5513.83993989543	4967.42039908525	4600.08449110339	5086.55807967705	4930.98262520475	3924.6461462654	3408.25000940128	3067.02476270617	3258.25183201802	3456.97983839125	2985.32769579912
322	26089.9054427026	25507.6722141721	27040.2170878601	28601.0976767837	29749.887368361	112259.715142303	11802.5471443457	6504.83532081178	7669.84565342768	8132.40782014476	6503.71173863649	5513.83993989543	4967.42039908525	4600.08449110339	5086.55807967705	4930.98262520475	3924.6461462654	3408.25000940128	3067.02476270617	3258.25183201802	3456.97983839125	2985.32769579912
324	26121.0634955692	26922.3241584614	26457.082614446	29368.0300779257	30080.3205360497	96425.0893177265	16367.0832555621	6595.80008607835	7669.84565342768	8132.40782014476	6503.71173863649	5513.83993989543	4967.42039908525	4600.08449110339	5086.55807967705	4930.98262520475	3924.6461462654	3408.25000940128	3067.02476270617	3258.25183201802	3456.97983839125	2985.32769579912
326	27876.4071024123	25332.8365664534	27998.6270599814	29265.7384906212	30220.3778602261	72468.0944215812	27027.1654182328	6887.53283806353	7669.84565342768	8132.40782014476	6503.71173863649	5513.83993989543	4967.42039908525	4600.08449110339	5086.55807967705	4930.98262520475	3924.6461462654	3408.25000940128	3067.02476270617	3258.25183201802	3456.97983839125	2985.32769579912
328	30870.0406224595	27546.0915753064	27419.224665839	29643.7322729888	30326.8257739965	49127.7688254409	44267.0533210621	7415.58209135094	7669.84565342768	8132.40782014476	6503.71173863649	5513.83993989543	4967.42039908525	4600.08449110339	5086.55807967705	4930.98262520475	3924.6461462654	3408.25000940128	3067.02476270617	3258.25183201802	3456.97983839125	2985.32769579912
330	31272.8118746313	28483.6967218306	27809.7871966854	29890.07514354	30457.8294364789	34395.3890963575	65585.3355871376	8002.41952631448	7669.84565342768	8132.40782014476	6503.71173863649	5513.83993989543	4967.42039908525	4600.08449110339	5086.55807967705	4930.98262520475	3924.6461462654	3408.25000940128	3067.02476270617	3258.25183201802	3456.97983839125	2985.32769579912
332	33278.606506438	29077.4976063907	28293.3211599867	30346.6934947863	30772.5897168049	28444.0822598191	83259.3976157594	8933.74745388996	5920.58164552189	8132.40782014476	6503.71173863649	5513.83993989543	4967.42039908525	4600.08449110339	5086.55807967705	4930.98262520475	3924.6461462654	3408.25000940128	3067.02476270617	3258.25183201802	3456.97983839125	2985.32769579912
334	38141.9163323668	29154.0056732235	28276.6676507326	30698.1841957529	31168.6162543445	26720.8250732051	88433.8277877774	10094.7041812263	6013.31484334962	8132.40782014476	6503.71173863649	5513.83993989543	4967.42039908525	4600.08449110339	5086.55807967705	4930.98262520475	3924.6461462654	3408.25000940128	3067.02476270617	3258.25183201802	3456.97983839125	2985.32769579912
336	36114.2919347652	29281.5762019498	29116.2337249025	30514.2113956702	31558.8927991334	26568.0150064999	77804.4020109338	13254.8476526637	6461.37647631049	8132.40782014476	6503.71173863649	5513.83993989543	4967.42039908525	4600.08449110339	5086.55807967705	4930.98262520475	3924.6461462654	3408.25000940128	3067.02476270617	3258.25183201802	3456.97983839125	2985.32769579912
338	38296.8501469763	30748.4723808563	29139.895011758	31243.726534039	31516.6241460752	27620.7455110233	59600.5493139804	20327.9905544215	6966.55510362051	8132.40782014476	6503.71173863649	5513.83993989543	4967.42039908525	4600.08449110339	5086.55807967705	4930.98262520475	3924.6461462654	3408.25000940128	3067.02476270617	3258.25183201802	3456.97983839125	2985.32769579912
340	40009.6510135358	30071.7435115136	29473.2320144164	31026.9152466616	31451.8864831043	27439.6812731649	41668.2992943741	32939.3495860132	7473.63193637209	8132.40782014476	6503.71173863649	5513.83993989543	4967.42039908525	4600.08449110339	5086.55807967705	4930.98262520475	3924.6461462654	3408.25000940128	3067.02476270617	3258.25183201802	3456.97983839125	2985.32769579912
342	41113.8938232006	31219.1197328082	29971.7916656781	31215.5420358906	31563.5784917496	27722.32343148	29990.743029393	49690.317145035	7997.44125335559	5716.42882628685	6503.71173863649	5513.83993989543	4967.42039908525	4600.08449110339	5086.55807967705	4930.98262520475	3924.6461462654	3408.25000940128	3067.02476270617	3258.25183201802	3456.97983839125	2985.32769579912
344	41330.0581676887	32637.7460514362	30968.2712887748	31260.194336588	32074.0011922286	28471.2569291042	24386.7016788594	64695.2976213033	8620.28943193466	5841.98423263242	6503.71173863649	5513.83993989543	4967.42039908525	4600.08449110339	5086.55807967705	4930.98262520475	3924.6461462654	3408.25000940128	3067.02476270617	3258.25183201802	3456.97983839125	2985.32769579912
346	43446.0602703659	34901.9514420544	31486.8387967293	31834.4996208874	32487.2181810517	29022.5962689099	23244.7357091469	71595.8057976947	9906.45203862869	6385.03022628982	6503.71173863649	5513.83993989543	4967.42039908525	4600.08449110339	5086.55807967705	4930.98262520475	3924.6461462654	3408.25000940128	3067.02476270617	3258.25183201802	3456.97983839125	2985.32769579912
348	45028.6308992874	35628.8507673282	30987.0124741716	31018.0285160066	31412.6385841816	29409.0332153575	23578.7106575763	66752.3018816599	11894.3614198776	7011.4455718983	6503.71173863649	5513.83993989543	4967.42039908525	4600.08449110339	5086.55807967705	4930.98262520475	3924.6461462654	3408.25000940128	3067.02476270617	3258.25183201802	3456.97983839125	2985.32769579912
350	44545.2529273385	36375.5315936668	32693.4577341805	31689.0934534761	31810.3819180595	29594.262137002	23738.918056198	53767.5378451738	16495.4260372151	7513.68773978337	6503.71173863649	5513.83993989543	4967.42039908525	4600.08449110339	5086.55807967705	4930.98262520475	3924.6461462654	3408.25000940128	3067.02476270617	3258.25183201802	3456.97983839125	2985.32769579912
352	45469.4760383638	37821.3189706521	33405.4888901153	32165.5891845667	31878.4828267171	29912.6819632493	24706.0522467882	39458.3064654477	25381.5126329845	8448.75078303002	5232.40800883791	5513.83993989543	4967.42039908525	4600.08449110339	5086.55807967705	4930.98262520475	3924.6461462654	3408.25000940128	3067.02476270617	3258.25183201802	3456.97983839125	2985.32769579912
354	46241.8466516583	37869.6364855872	33573.571509217	32670.0427649145	32091.1755746224	30011.0076521232	25490.7993158744	29213.3171867797	37359.9278847532	9006.57168559573	5551.36641367877	5513.83993989543	4967.42039908525	4600.08449110339	5086.55807967705	4930.98262520475	3924.6461462654	3408.25000940128	3067.02476270617	3258.25183201802	3456.97983839125	2985.32769579912
356	47179.0318808871	40330.8497230853	34129.3219263534	32509.0904325931	32102.6309929668	30560.6357828607	26473.4762737989	23850.0017814544	50408.4807361386	9953.85010957551	6061.58425999325	5513.83993989543	4967.42039908525	4600.08449110339	5086.55807967705	4930.98262520475	3924.6461462654	3408.25000940128	3067.02476270617	3258.25183201802	3456.97983839125	2985.32769579912
358	50221.5795702812	40692.9473801904	34834.8907211114	33683.9333536797	32657.3194948142	31228.1201747029	27094.825953087	22477.4434721879	58829.3889940187	11029.4289143416	6792.35974270987	5513.83993989543	4967.42039908525	4600.08449110339	5086.55807967705	4930.98262520475	3924.6461462654	3408.25000940128	3067.02476270617	3258.25183201802	3456.97983839125	2985.32769579912
360	50836.5698836614	42842.2089627218	36032.5048500975	33562.0319028319	32771.8150025357	31796.7123634986	27830.5706517497	22739.0124629617	59542.1077179817	12655.9813921272	7482.33745366263	5513.83993989543	4967.42039908525	4600.08449110339	5086.55807967705	4930.98262520475	3924.6461462654	3408.25000940128	3067.02476270617	3258.25183201802	3456.97983839125	2985.32769579912
362	53028.8389375832	43868.8539432236	37490.1468314392	34538.9401512235	33091.6547374745	32134.5342140318	28851.3118912473	23594.1563631884	52270.4537623596	15527.5014155539	8260.64835168939	4931.33720080895	4967.42039908525	4600.08449110339	5086.55807967705	4930.98262520475	3924.6461462654	3408.25000940128	3067.02476270617	3258.25183201802	3456.97983839125	2985.32769579912
364	52788.2668636172	45189.1909532986	38296.7021662619	35282.2286939307	33862.0298985289	32988.8040805496	29503.557741367	24925.9232693378	41642.423497649	21292.3955892161	9064.1757263079	5239.4324776982	4967.42039908525	4600.08449110339	5086.55807967705	4930.98262520475	3924.6461462654	3408.25000940128	3067.02476270617	3258.25183201802	3456.97983839125	2985.32769579912
366	54850.2772192392	46664.77251005	39964.2151091178	36123.3730682624	34502.2114608056	33774.2766846481	30674.8299887249	25973.9114589468	32154.3664096275	30098.3535101517	9988.74653030595	5756.6966733772	4967.42039908525	4600.08449110339	5086.55807967705	4930.98262520475	3924.6461462654	3408.25000940128	3067.02476270617	3258.25183201802	3456.97983839125	2985.32769579912
368	56567.5095624949	48881.7139416724	41455.2973188342	37089.5093814221	34489.2274763812	34597.1268774603	32221.0071016531	27829.1356667127	27165.7074638683	40850.832454133	10856.9601132298	6360.78072295695	4967.42039908525	4600.08449110339	5086.55807967705	4930.98262520475	3924.6461462654	3408.25000940128	3067.02476270617	3258.25183201802	3456.97983839125	2985.32769579912
370	58084.7447667466	52030.8797124816	43143.5752735353	38077.6847407674	35790.3193398285	35799.8786948332	33446.9417000001	29087.9006073051	25154.2885692192	50347.8223171745	12187.0399883014	7303.42777364081	4967.42039908525	4600.08449110339	5086.55807967705	4930.98262520475	3924.6461462654	3408.25000940128	3067.02476270617	3258.25183201802	3456.97983839125	2985.32769579912
372	59275.0951173575	53647.1128745585	45426.085631136	39932.7714523566	37016.7604267139	36645.5316232704	35198.8407646166	30517.9920160486	25326.7780323226	54634.6899928992	13606.4374846486	7989.42824635209	4538.04826883558	4600.08449110339	5086.55807967705	4930.98262520475	3924.6461462654	3408.25000940128	3067.02476270617	3258.25183201802	3456.97983839125	2985.32769579912
374	60967.1892132421	55421.4453423366	46669.2099556033	40926.060276266	37996.0059971432	37279.9340009839	36214.0451128899	32183.2867730459	26416.0579502986	51589.2418238715	16179.764020385	8856.78686902682	4789.75414345772	4600.08449110339	5086.55807967705	4930.98262520475	3924.6461462654	3408.25000940128	3067.02476270617	3258.25183201802	3456.97983839125	2985.32769579912
376	64008.0504872904	57393.0738730708	49028.655427299	41950.7069791939	38870.201500664	38316.2766009543	37907.4421950462	33534.1312761049	28021.7192305907	44543.0433348747	20506.1871919303	9741.39488177222	5221.58636816908	4600.08449110339	5086.55807967705	4930.98262520475	3924.6461462654	3408.25000940128	3067.02476270617	3258.25183201802	3456.97983839125	2985.32769579912
378	67969.1865275427	61124.4701497418	50201.891354969	43519.0814019369	39909.0676513268	39425.9934745092	39368.5779302026	35311.6176039012	29193.4515387144	36778.0225612837	27217.4224466434	10741.140198445	5965.13355222709	4600.08449110339	5086.55807967705	4930.98262520475	3924.6461462654	3408.25000940128	3067.02476270617	3258.25183201802	3456.97983839125	2985.32769579912
380	69544.2416202515	63491.7119680445	52708.9483528409	44621.8799351081	40603.475273028	40456.6661873855	40572.6518045165	37060.04552562	30768.4924216829	31286.4276911404	36025.333424402	11876.022517974	6705.29365569015	4600.08449110339	5086.55807967705	4930.98262520475	3924.6461462654	3408.25000940128	3067.02476270617	3258.25183201802	3456.97983839125	2985.32769579912
382	70810.258137445	66041.3323416594	54783.938220582	46240.3540015262	42111.1580994424	42205.6835875274	42262.8440150925	39011.2485454497	32522.6055696685	28953.4117901364	44109.4390628983	12908.4819896428	7505.82738654635	4201.41208331644	5086.55807967705	4930.98262520475	3924.6461462654	3408.25000940128	3067.02476270617	3258.25183201802	3456.97983839125	2985.32769579912
384	74061.1629592722	68072.7062686542	56787.8814693505	47891.3389657279	43530.3845562774	43301.8534107281	43707.1935258066	40506.1249634863	34216.7586900064	28835.7246676631	49183.2068265839	14372.3818055375	8444.02237252934	4555.43105092594	5086.55807967705	4930.98262520475	3924.6461462654	3408.25000940128	3067.02476270617	3258.25183201802	3456.97983839125	2985.32769579912
386	77258.8018335278	72051.7692762248	59797.3780469808	49776.2254958155	44944.8133311894	44724.731401354	45340.5015753239	42537.2496183354	36117.0479998868	29726.9381118991	49461.7466257111	16495.6929086696	9330.44326702084	4965.83548209446	5086.55807967705	4930.98262520475	3924.6461462654	3408.25000940128	3067.02476270617	3258.25183201802	3456.97983839125	2985.32769579912
388	80329.3793859309	74442.7269504645	62529.8677995355	51401.3063336511	45911.0163256949	46438.8884939849	47075.6627760629	44436.3485217032	37928.8087665168	31183.1545603916	45126.7104920956	20141.2245568774	10348.0180373924	5641.64450105042	5086.55807967705	4930.98262520475	3924.6461462654	3408.25000940128	3067.02476270617	3258.25183201802	3456.97983839125	2985.32769579912
390	79779.2699171953	78094.1170193796	63990.8765604099	52923.7909593358	47538.2880116254	47403.8072319617	48927.9350921346	46618.0811704536	39543.9117369624	32901.6703835872	39292.4135855242	25806.6993105868	11287.3819226109	6482.65597855666	5086.55807967705	4930.98262520475	3924.6461462654	3408.25000940128	3067.02476270617	3258.25183201802	3456.97983839125	2985.32769579912
392	85052.4230672267	79064.5947745798	65918.7372865227	54631.5678865519	48836.9754969464	49270.0846673196	50575.4143614837	48536.1561450729	41676.6745328511	34441.3996320591	34585.3420698284	32761.3660380456	12559.6291849054	7259.76900399409	4021.0066636666	4930.98262520475	3924.6461462654	3408.25000940128	3067.02476270617	3258.25183201802	3456.97983839125	2985.32769579912
394	86508.8404746076	82328.0282724298	68206.8732605782	56779.1743468992	50221.8917171859	50241.4090990493	52134.5910175814	50218.6828203869	43420.3127829195	36248.0282836152	31922.264928202	40359.5390872089	13805.3416304375	8206.92651540705	4331.9576618887	4930.98262520475	3924.6461462654	3408.25000940128	3067.02476270617	3258.25183201802	3456.97983839125	2985.32769579912
396	87779.6778640955	87328.2622757347	71410.9654714238	58441.2131301807	51228.5130132819	51777.5334791676	53716.6317776804	51994.394162498	45320.9082367604	37967.7596199449	31512.2907389064	45723.6307079593	15360.7635770474	9101.81820181424	4757.61380750813	4930.98262520475	3924.6461462654	3408.25000940128	3067.02476270617	3258.25183201802	3456.97983839125	2985.32769579912
398	92768.1278667084	89218.9673052815	73770.8853490263	59982.2154632118	53432.6117094698	52963.2982649015	54839.4033763509	53670.3871571444	47009.7229941757	39816.4842196004	32372.1205971784	46840.85813507	17186.9541356147	9985.86218148963	5287.41600775989	4930.98262520475	3924.6461462654	3408.25000940128	3067.02476270617	3258.25183201802	3456.97983839125	2985.32769579912
400	93903.5040490644	91241.7861057539	76679.0106508022	62180.8890202393	54249.5228004413	53888.5952793383	56544.1648003459	55370.6635823931	48679.5249704291	41633.6870944521	33712.6623237802	44399.896932868	19871.4727715882	11119.97677018	5917.61808001093	4930.98262520475	3924.6461462654	3408.25000940128	3067.02476270617	3258.25183201802	3456.97983839125	2985.32769579912
402	98777.6893321395	94545.787441698	77462.7235584734	63282.0615438509	55906.2511846399	54907.8029369131	57792.1085080013	56500.9700979501	50426.2781731697	43050.542417748	35201.9400939186	40059.7368797128	23944.9866229491	12205.1841160021	6740.02593230425	3865.67342007222	3924.6461462654	3408.25000940128	3067.02476270617	3258.25183201802	3456.97983839125	2985.32769579912
404	99769.9869222195	97035.1828074241	80454.8909810499	65282.937744125	56119.7546931745	56403.0147010349	58717.4479890002	58249.9139251718	52095.3489054665	44693.8018834743	36680.7361982639	35741.1049337476	29818.9031967539	13105.814912474	7386.76705537352	4034.91475867819	3924.6461462654	3408.25000940128	3067.02476270617	3258.25183201802	3456.97983839125	2985.32769579912
406	101695.690950497	100041.989830038	82123.0890790889	66432.7277810953	57834.1203474429	57124.0485738051	59751.5214838047	59183.2672535098	53644.0737780821	46306.6638245534	38488.0448263983	33149.6558829336	36122.9695498768	14156.0980802185	8130.78266403241	4344.68664451274	3924.6461462654	3408.25000940128	3067.02476270617	3258.25183201802	3456.97983839125	2985.32769579912
408	103676.038903702	101648.517971226	84133.6266800527	68460.5527730761	58629.9150058655	57910.2230412869	60683.9861140395	60749.2920837431	54739.0688356439	47900.0508949955	39953.1078760438	32877.37955434	41523.037116944	15518.7902359768	8982.29659392533	4815.11751881643	3924.6461462654	3408.25000940128	3067.02476270617	3258.25183201802	3456.97983839125	2985.32769579912
410	104465.227255625	103349.217833451	85823.8269711305	69207.2349050982	59518.1117179736	58857.0513630253	61829.2237391335	61876.3957398424	56535.502858952	49259.95669759	41280.7039107231	33244.5709557969	43957.4079144098	16962.9645594124	9901.96851035461	5383.04668473153	3924.6461462654	3408.25000940128	3067.02476270617	3258.25183201802	3456.97983839125	2985.32769579912
412	106624.891064981	105685.909804373	88369.9534286013	70760.473530756	60547.9868322595	59698.5218451834	62508.4425858029	62956.37857414	57584.4318577671	50799.9723011925	42983.1081763698	34553.851467653	43408.9862470505	18932.0366601714	10734.6638577042	5879.74313810879	3429.3017157514	3408.25000940128	3067.02476270617	3258.25183201802	3456.97983839125	2985.32769579912
414	108509.42214421	106872.43843663	90494.5061595194	72045.2971293957	61710.2999004505	59986.6885474211	63061.9757387663	63883.7167526489	58619.1290391366	52015.0698729827	44339.7604875829	35849.6941587507	40501.0016154283	21816.6971775603	11582.8287425696	6592.03541243637	3646.69957002673	3408.25000940128	3067.02476270617	3258.25183201802	3456.97983839125	2985.32769579912
416	110097.342297731	108796.025480676	91187.260567752	73403.2546890439	62597.7355430876	60583.8176521443	63635.0974632936	64564.9942840568	60261.2300797783	53488.8300226716	45687.2129618811	37118.8474008683	36900.106568365	25693.8010387961	12401.3442281705	7215.37176272608	3939.83588045714	3408.25000940128	3067.02476270617	3258.25183201802	3456.97983839125	2985.32769579912
418	111993.984801331	110299.059795922	92767.0712927855	74782.563187521	63417.3329839247	61351.8187094513	64150.1243177941	65321.986271669	61106.4156919664	55122.5917135425	47402.7699964611	38501.1440718796	34263.6180392936	31033.9681671006	13334.8224195714	7882.23517800091	4424.66094102239	3408.25000940128	3067.02476270617	3258.25183201802	3456.97983839125	2985.32769579912
420	111647.081093825	111470.392104886	95099.1397538304	76602.8386090617	64187.7831405761	61769.4968266332	64561.3613756641	65850.168813977	62206.3969308495	56595.4554304147	48615.6680581156	39643.8585960589	33110.0798973302	35923.8736873491	14338.5602498837	8668.42432560671	4797.05830341383	3408.25000940128	3067.02476270617	3258.25183201802	3456.97983839125	2985.32769579912
422	112522.236222116	114222.257266861	96901.8807142596	76978.2602996412	64941.9854896417	62277.9285369075	64957.1787511754	66278.5362451045	62701.1089276848	57239.6133876048	50076.7673206131	41122.3399527196	32942.4552103642	39462.4678387266	15389.2183720476	9217.09692665699	5262.60360033803	3064.78925688414	3067.02476270617	3258.25183201802	3456.97983839125	2985.32769579912
424	112667.86612494	114096.866173133	98272.8116169523	78561.3452055892	65505.5651457421	62346.0329489888	65240.3727671404	66785.9488794451	63328.5731557933	58300.0546504122	51060.5000588563	42101.7674291854	33811.5684984036	40534.7889394452	16612.7825349539	10072.4535553928	5812.8471631057	3263.35999124957	3067.02476270617	3258.25183201802	3456.97983839125	2985.32769579912
426	113751.080640046	114082.915901356	98500.4362588137	79087.9648259985	65900.4535191716	62703.7188760022	65047.2417525281	67082.0684333055	63961.2392804465	59351.9445595688	52122.7429810238	43208.0377714967	34825.6569537983	38955.9692846144	18473.2017066803	10700.5259947433	6373.36511155652	3461.24380240085	3067.02476270617	3258.25183201802	3456.97983839125	2985.32769579912
428	113873.24737216	115516.04497749	100342.521486354	79804.2066197519	66367.4294895275	62906.6450264084	65085.3758143799	66715.3314478087	64346.2578856109	59830.2536855103	53453.1079127745	44202.0444890114	35723.3514526539	36286.7265619639	21008.4070766255	11493.5537186659	6913.36521969176	3815.11304617884	3067.02476270617	3258.25183201802	3456.97983839125	2985.32769579912
430	116018.802927477	115595.190255764	100289.377765219	80726.2102275858	66826.5263794191	62843.4761826595	64799.2340510108	67034.2091917158	64583.3033642103	60666.8500507485	54131.081240686	45322.6953993518	36551.6289304548	33478.6143021143	24367.3800260482	12037.1182381593	7433.390474018	4134.70723500973	3067.02476270617	3258.25183201802	3456.97983839125	2985.32769579912
432	114244.151782132	118315.046701474	101523.319066221	80778.8433478167	66965.4890870745	63180.3141422154	65111.0141525105	66855.7668546842	65132.2828428387	61370.7832857316	55253.0319201414	46412.3002258875	37742.1295559788	31503.3798585089	28414.9840759966	12910.8290719822	8047.59857015186	4521.09933972436	2696.57010322995	3258.25183201802	3456.97983839125	2985.32769579912
434	112447.655959954	117398.935925354	101753.456134343	82632.7304131028	67543.2509719817	63194.9223704625	64740.9342955606	67058.1934766833	65800.2667430779	62186.4025715382	55950.8489318685	47363.0347762216	38503.4285196382	30919.8193786215	32226.3194837707	13626.3540668295	8615.49481133942	5007.04334481641	2918.99225462448	3258.25183201802	3456.97983839125	2985.32769579912
436	114038.303290788	118506.069537867	103340.727240863	82727.1796785677	68163.6813371906	63748.1791292158	65119.2424225482	66913.413784986	65929.5717960933	62468.1140129142	56616.2839033822	48233.9854930863	39408.4253244227	30962.2317938815	34343.4547618629	14498.6965912721	9254.0277839298	5499.50097950964	3118.63292354668	3258.25183201802	3456.97983839125	2985.32769579912
438	114674.850136239	117811.814216804	103833.353757634	83808.2779895464	68483.1801877939	63473.280458294	64329.380802388	66438.7798961276	65793.6865408231	62897.2788293034	57285.2140433993	48994.8860873086	40220.0821000926	31670.3796818031	34875.8832589306	15718.1435943979	9805.30495435995	5967.64206916491	3346.07697579866	3258.25183201802	3456.97983839125	2985.32769579912
440	114827.663488581	118029.218072481	103780.347312503	83955.4255115613	68637.9187875085	63142.3157461817	63765.340946845	66335.0053006897	65611.6971184929	63358.8615993977	57850.7211163669	49583.7537072185	40743.5379018656	32012.1939931629	33520.8487616598	17112.9872607178	10376.8956865907	6351.16853190917	3640.13800834652	3258.25183201802	3456.97983839125	2985.32769579912
442	113996.349859657	118274.221441472	104722.706547831	84292.0578406868	69219.5570751244	63198.5404620264	64238.6753957079	65712.6711192901	65457.1249113987	63336.4967954149	58328.5641889142	50241.5608710324	41530.5629178278	32802.4473330881	31083.6906022041	19555.1197730032	10803.0074741698	6869.13438354014	3997.97566781558	2486.57164163653	3456.97983839125	2985.32769579912
444	113308.659680592	120009.168957137	103997.85785734	84935.3556726075	68856.3322541266	63190.4951594177	63167.9442349414	65682.2587162815	65431.9271645327	63323.4268574016	58434.4255706648	50781.1567898106	41997.7668318545	33632.3407761128	28772.6860735219	22423.425002318	11540.0973143841	7380.75387994964	4303.50878833833	2612.08808512637	3456.97983839125	2985.32769579912
446	112588.261752982	116939.545106551	104829.941383938	85367.4844322837	69017.8693276777	62981.4806053877	63160.4971402918	65100.3688602153	65004.8489939667	63251.5355076432	58674.2990800738	50869.1598221283	42355.7428700356	33949.8540526895	27123.0531258324	25629.4202435476	12060.933652677	7836.75008647975	4744.13326699305	2777.14786252223	3456.97983839125	2985.32769579912
448	112759.467630342	117925.422064652	104689.274703241	85264.8920838718	69751.0376544914	62736.9907650216	62671.4734748726	64678.1038123374	64866.2102159821	63493.9432082126	59008.7130530468	51240.7297573946	42906.772921719	34509.2401521361	26728.2082565574	28223.5234477932	12690.9537027619	8332.73497469666	5131.33490937098	3035.51697927766	3456.97983839125	2985.32769579912
450	111796.227275006	116164.354762075	104476.658702033	85915.458774026	69270.3378769345	62773.351514051	62045.1584197692	63704.6510181114	64164.1116310753	63353.7083974728	58884.6063925094	51321.2064563564	43307.552385339	34971.5747195591	26643.0676978588	29676.3375639	13609.1677023452	8687.66696100893	5483.22068354834	3243.6433191022	3456.97983839125	2985.32769579912
452	110597.837754413	116406.682963725	104328.345757996	85928.4240710181	68811.7312876604	62005.1636515935	61359.8382265843	63595.0773375134	63866.4883986592	62676.3659143229	58919.7567034999	51518.9422752602	43723.5913602269	35401.0866919146	27174.3328274649	29447.315294617	14776.2319975172	9112.15228308538	5866.51184197095	3542.59448330195	2341.89972246164	2985.32769579912
454	107879.601739904	116056.84224429	105123.390920124	85315.8939288549	69396.0715971037	61935.6594869915	61219.7561039927	62639.3716158214	63548.0320086392	62811.9915883352	59102.1870978964	52034.4336116733	44173.49667364	36064.1404387634	27311.1026105245	27987.8895157454	16376.5093794838	9665.76286712018	6236.90091909689	3745.20806815399	2448.44871273163	2985.32769579912
456	109519.254925469	114057.063168246	104017.988491922	86304.7403361243	69173.1008160435	61725.178210392	60514.6274396624	61935.3280889773	62914.8317992739	62260.5351642568	58841.4296224844	51919.5585186661	44251.8729782504	36250.1839465554	27923.5085886303	26063.8629672789	18499.8144495896	10042.8778265287	6591.76413430097	4145.47264819402	2565.84610550088	2985.32769579912
458	108550.89595624	114144.646155561	103185.431091513	85566.8040431239	69343.6306481965	61734.4404990527	59922.1994938373	61643.9029955362	62469.6081467749	61771.5762528244	58539.1400437984	51958.1853941808	44742.3251844767	36558.8533004194	28274.4369186525	24150.3722026456	21311.8520187765	10584.7379060617	7042.62347971293	4477.44368227007	2787.31235314675	2985.32769579912
460	103553.795187244	113655.706675807	103599.573424069	85171.0711705264	69321.9339978136	61262.7196879537	59161.8817493739	61003.2040768167	61639.6595300528	61381.3009034589	58110.5961572414	51851.9500269706	44769.9652095315	36840.4871068388	28628.2731555214	22875.4098838637	23654.1271882211	10998.2525220025	7412.00993313151	4816.62406951546	2905.97675786714	2985.32769579912
462	103553.795187244	111927.355815452	103104.931430895	85931.14927279	68846.5627149773	60700.5288526519	58677.7161543785	59887.4431717492	60761.0019505378	60716.926106711	57883.120099212	51742.9654319982	44376.856766584	36897.4475180029	28832.1557625279	22407.408875889	25012.384650752	11582.1498661575	7786.08631594598	5097.53122005929	3129.12346087827	2204.5533736449
464	103553.795187244	109721.171228186	100828.04227329	85396.7005554897	68480.9550349883	59934.0278034486	58082.7978488498	58978.3785786559	59622.8319102216	59903.7674556974	57114.0829508865	51374.70153116	44189.4323178895	37052.2892100197	29007.1883760246	22375.3148157083	25318.2020686141	12414.0365030523	8162.21408015176	5405.57956840109	3386.79018190681	2264.90004196096
466	103553.795187244	110537.445660466	101190.291425688	84702.345320041	68738.512951026	60054.9543055135	57511.5027554836	58299.6693466726	59031.9588453935	59309.5732349688	56781.2997316134	51025.0724957838	44330.4909078805	37196.5197623002	29389.0673478479	22550.7235213461	24357.0098587283	13548.4826148521	8394.69595278514	5668.73149076938	3612.93221273835	2399.50953541177
468	103553.795187244	108634.154035552	100018.85644196	84831.4721205739	68038.0350581804	59414.0727930622	56888.167304082	57728.9530453198	58484.720321595	58623.0041098312	56239.5512921565	50845.862004768	44358.5472975083	37411.0174156907	29446.7861490434	22745.2648383483	22771.0642427663	15095.9755857897	8845.14538020514	5988.35926908404	3831.75111881383	2487.56821993851
470	103553.795187244	108898.415151455	99661.2162113156	83582.0267709508	68090.3726054532	58640.3281417208	56089.3934166124	57010.3574946831	57803.4370923211	58001.8265816855	55776.2312933803	50253.8443306003	44121.5014043737	37301.5431890424	29660.82754132	22913.7158340521	21155.0423305266	16821.8133566786	9084.56133588919	6294.94418222916	4084.2651275894	2638.22266731433
472	103553.795187244	106209.577333725	98892.9127427996	83889.6436710706	67797.5519841308	58892.1398320723	55614.9188372817	56241.191208483	57098.1436724469	56969.8221644327	54937.1839757462	49857.780344595	44108.5313639676	37486.1895550123	29842.6077148678	23190.2023751945	19714.7442494048	18991.7228994933	9474.70486498168	6518.73706745159	4363.78202953685	2839.14886506262
474	103553.795187244	105379.229548636	98632.7773212653	83227.4488584064	67224.5011212767	58023.9721306141	55349.1894853791	55198.3238287018	55804.6875714805	56316.9226705391	54721.5544261768	49116.5816484842	43719.2178151645	37264.7011798935	29950.6395569721	23462.0600869578	19012.629589941	20525.157556625	9818.15621362287	6848.89248635945	4624.2305490634	3085.42868244145
476	103553.795187244	103708.063071836	97224.1324894287	82188.9615845804	66567.9406530022	57815.9911331297	53971.9526415846	54038.8057469067	54846.9655278048	55341.6851682512	53557.1330838895	48957.6366056252	43468.7654331445	37091.9991802379	30022.2386052161	23683.7116644925	18776.2647807	21563.0065612482	10295.8516594379	7041.85163572533	4922.855175787	3230.19174305395
478	103553.795187244	104551.838280409	96544.1776830223	81986.2098796202	66696.6589282447	57185.0178823634	53327.0570829928	53580.9232207663	53810.386539781	54272.4087057331	52867.6213914981	48307.5411551914	43143.8434724543	36856.9537406942	29985.94576389	23646.2333999222	18769.3723955502	21294.3904615702	11004.7445687847	7280.23488502106	5123.34215482536	3446.06985051508
480	103553.795187244	101710.574109086	94878.3892552143	80563.0000878488	65931.8037958708	56885.1823919024	52700.4928598926	52612.0309589705	52919.7347062565	53155.7203975628	52016.3447214103	47504.3072009672	42517.4885185841	36773.7296857442	29990.3408712972	23960.9414447975	18865.517439584	20210.0241145011	11928.3662109006	7558.24921795534	5312.49495521325	3629.91856637962
482	103553.795187244	101710.574109086	93110.7000074649	80073.8781557404	64928.5683405254	55346.2800436162	51812.6599798725	51557.5915951603	51803.9989655064	52640.1955287285	51160.2699726718	47232.3232682364	42197.0353333462	36506.0871063373	29788.0066653568	23920.4392098899	18826.006510629	18679.9346078702	13191.2461656312	7739.01293962033	5603.41783110569	3884.32572762667
484	103553.795187244	101710.574109086	91835.1859954682	79076.8759684527	63804.2094921648	55379.6297863067	51390.0239799097	50383.0987902175	50757.7653418614	51384.9458951658	50100.5086826011	46118.3138851844	41560.6151493417	36194.2028953116	29641.6467830247	23876.5353493994	18824.9145880911	17231.8123379555	14711.5900518889	7965.25318595457	5730.15607366734	4092.20989501536
486	103553.795187244	101710.574109086	90569.2534296306	78348.8463055051	63571.0758861514	54450.6200477489	50421.7896019356	49654.3811414875	49895.5832025986	50573.607812978	49365.7088059927	45565.0074304349	41086.0290137951	35892.9286462704	29600.9816418294	23734.7814141476	18913.5995978853	16051.5499836386	16256.2318109727	8164.76964113499	5900.30319747825	4155.46392079004
488	103553.795187244	101710.574109086	88789.5477341934	77048.9963761733	63243.4015528255	53787.2487755264	49511.372467601	48665.7643814292	48888.3232189842	49338.4542524105	48353.1237134514	44675.9605560793	40442.6871313865	35552.3849948663	29345.1359145113	23697.4795388759	18940.5683486908	15552.941119307	17398.0542448495	8483.21282753004	6080.00050898964	4406.88883132648
490	103553.795187244	101710.574109086	88329.5199630654	76183.0714238073	62469.632845871	53385.0418173533	48685.3488578321	47702.9434993866	47730.0572309827	48650.541262247	47545.5319180873	43979.2931219157	39898.09821281	34987.6479870824	29095.319607604	23745.7357750826	18956.6817024456	15206.8806203308	17845.4373891725	8763.23916487183	6215.89256483827	4601.41501737411
492	103553.795187244	101710.574109086	86729.0360584304	75201.6113853404	61447.2762969533	52339.5196065954	48041.8535886157	46869.9389487439	46726.675682584	47414.8309444334	46599.9763086091	43335.7440196733	39199.0809521486	34680.7714982169	28969.5385599581	23406.9844999165	18962.8125740646	15041.4965194259	17596.1439146311	9384.79654433874	6367.90120378419	4740.64440253997
494	103553.795187244	101710.574109086	85789.3043369771	73253.8507571939	60104.3127575643	51557.7418563387	47212.9717880654	45684.7557046311	45998.9255612467	46300.4110256132	45802.5095463134	42365.5080677177	38920.0773856725	34268.0389913374	28737.0722615666	23355.8452130261	18987.1073417479	15160.7152784917	16577.315711454	10075.490147146	6626.11409387592	4854.60496545559
496	103553.795187244	101710.574109086	84479.4247845439	72682.9900852495	59565.472444945	51147.7522939807	46566.9707140422	44718.4524392293	45051.2889245807	45593.5201855812	44603.4969311355	41875.3434358296	38128.4096013471	33990.3563804687	28448.8816626991	23313.7522324176	18880.1947416675	15236.3026939436	15267.5562308539	11128.6552473471	6694.12501036346	5056.86047721723
498	103553.795187244	101710.574109086	82456.0858156695	71438.4285877113	58771.5437397655	49970.3613038767	45403.5598857295	44043.9518857343	43790.2107168929	44225.7117409047	43676.5304589482	40912.8071774076	37334.3547405548	33379.1047835623	28194.4148568718	23106.9540551299	18764.2395140817	15064.1196174856	13943.8995373814	12435.0392452958	6851.91291854545	5218.020385192
500	77371.4012451746	101710.574109086	80849.9278190203	70971.1004687736	57779.241047019	49580.4377716436	44312.0048802885	42896.4906264488	42985.072017669	43150.155165823	42581.4800363752	40125.3615435234	36702.5277591983	32694.6300364288	27624.6991917223	22993.1895065271	18770.8488754629	15078.0461788725	13079.8020364458	13454.1856864958	6919.32041013014	5291.32457863362
502	76294.5873159083	101710.574109086	80849.9278190203	69556.926052668	56444.3724765014	48327.1812843868	43905.1458051837	42036.9644629125	41928.4649174279	42206.5704288693	41633.9041091138	39395.6059303931	36085.4640092648	32311.5791461158	27305.4297077099	22570.9890906284	18698.3688430221	15058.6286695057	12435.5697388966	14322.436397865	7254.51073927513	5403.06368416687
504	72858.3363367456	101710.574109086	80849.9278190203	68918.5111886132	56019.4478691532	47274.9960899444	43091.7432900038	41160.9967616996	41062.3415432829	41107.262043302	40754.8839844185	38342.0395294082	35516.2378665549	31775.7503159829	26905.4355754374	22394.8737444892	18391.9752795359	15028.8514879244	12264.0810766346	14716.8472730442	7434.14747426034	5504.99591759519
506	72925.312065522	101710.574109086	80849.9278190203	67212.9527900148	55442.9303245884	47091.4725234884	42211.2675165321	40399.9738144902	40134.1468353706	40267.5379348551	39854.1522281278	37479.2228320106	34702.1724571716	31324.7974922816	26513.9845530856	22218.2438418666	18425.727819744	14878.7221845926	12046.396579771	14389.9591134943	7904.99881760602	5503.58559470606
508	71264.7634867961	101710.574109086	80849.9278190203	65991.231166543	54440.3381480612	46003.159182192	41476.8111495479	39523.6688147603	38943.2322402816	39195.899808771	38910.9951239461	36661.6684343615	34016.4203575202	30660.1388802606	26108.7888624569	21806.9899002642	18187.7337351858	14866.3654059223	11965.5757863688	13573.1141654839	8414.39764594051	5604.38207433838
510	71028.7053585445	101710.574109086	80849.9278190203	64425.965944718	53665.6063647456	45426.3965415342	40271.6724280005	38470.7312110236	38116.1291502365	38421.7476010909	38180.1497933068	36072.507860574	33476.6663141062	30299.1282691636	25714.9699011856	21522.7876199284	17957.3099442261	14788.6549765676	11860.6967492962	12449.7385949007	9190.63749386326	5710.69959004973
512	73094.2126321435	101710.574109086	80849.9278190203	63272.2831489226	52709.4369300803	44361.0285180119	39293.5050115608	37716.1496253749	37262.1960734005	37563.8796123049	37308.4641312043	35226.160526789	32796.3740986944	29730.5676880501	25490.7004625779	21403.7588939981	17793.6393805892	14594.937782526	11879.5376343515	11253.7557309174	10085.882078842	5815.99661416042
514	75375.3215573589	101710.574109086	80849.9278190203	62481.6873124833	51255.7791742575	44024.0240212429	38934.9291235123	36899.3778612531	36203.1448027673	36556.3595892731	36264.089704952	34541.5106414428	31862.7241996253	29088.3664539981	24965.8974298874	21061.3892449701	17607.3005409251	14529.7617656194	11862.531498783	10538.5255129055	11038.326598991	5944.30632864002
516	81362.4033620822	101710.574109086	80849.9278190203	61670.5822447064	50642.8854874648	43123.6699456091	38024.6486211283	36009.6996521226	35395.0542060791	35793.4038024747	35291.3747307945	33654.9156148142	31568.33210196	28638.4650125539	24639.83416936	20738.1188324504	17475.7228174245	14481.4757030397	11655.6213741904	9882.72577971884	11581.6054863589	6114.56244926256
518	87372.1251978518	101710.574109086	80849.9278190203	59634.0065223164	49413.9383404959	41652.8219020296	37526.8954679738	35419.6013375563	34527.7928380888	34739.4580203306	34370.4721274498	32473.4468542967	30818.1987597128	28000.9340839443	24065.2701292975	20401.9163134198	17231.229564613	14313.9023281233	11785.2105608461	9609.37805256329	12000.4293240268	6253.51350191514
520	97493.8836501503	71105.5806955334	80849.9278190203	58796.8534607213	48385.7607343605	41095.155034762	36339.5422399804	34441.8582518566	33771.482824771	33681.7497709053	33673.1432803538	31982.8520131387	30105.8234643384	27294.1616891632	23628.6806913528	20078.9699403106	17004.9807808751	14128.1278375662	11531.5408441243	9485.03657055382	11736.0396433507	6527.58787031613
522	102001.724187095	69464.0152324906	80849.9278190203	58796.8534607213	48068.813568189	40414.3579166072	35967.5117955792	33590.548670301	33023.9859259053	33054.0544413483	32708.9641653003	31283.4483176629	29516.4596333	26601.4546556138	23361.7508186376	19817.650914736	16777.0903265795	13989.3312026841	11392.5856343141	9479.55659831267	11064.8549629883	7071.7931430782
524	107361.995448729	67098.0989605293	80849.9278190203	58796.8534607213	47244.8812286683	39765.5519271601	34509.5413536135	32915.9245743422	32196.547362678	31958.2530221754	31725.7020137862	30423.2527929658	28754.718435519	26145.614220655	22958.9679382994	19419.5864370743	16660.2921178558	13760.8228588959	11362.4212303282	9336.93217528257	10085.3924593281	7817.98314602294
526	109753.21130795	65624.4728359245	80849.9278190203	58796.8534607213	45824.9031795494	38621.2788190772	34387.0849652607	31815.5183917747	31408.070335758	31144.1998399253	30877.1994489741	29748.181391312	27997.4588716573	25640.1616657378	22190.9654033854	19051.2416123206	16237.9483654752	13587.4657547728	11225.432928606	9195.7491829833	9194.67221041539	8506.96947547676
528	106648.378810574	63522.980201792	80849.9278190203	58796.8534607213	44692.6262576279	37611.5012418631	33433.2269189769	31166.4023370213	30451.5119891212	30440.4102634534	30273.0345210607	28962.0014866122	27341.7133198871	25108.9778900721	21817.2731442401	18648.3191333653	16057.9095662433	13470.972738345	11153.781949314	9208.25479438811	8443.55258884733	9093.29845839507
530	98359.3118375632	63088.6612406328	80849.9278190203	58796.8534607213	43756.0258588942	37006.5400032826	32588.0739923365	30326.1459413607	29515.2537486046	29553.7757074032	29277.280429325	28008.329549921	26534.7475703716	24510.955014142	21353.2333360296	18241.37079217	15758.6550491609	13360.0504969186	11032.0782134934	9056.9496286129	7906.05204164675	9562.0108936295
532	88681.0786292211	62965.1325797364	80849.9278190203	58796.8534607213	43157.5521062705	36406.5346355383	31695.3313432541	29577.1223832113	28918.898413787	28792.5934684079	28651.7880522949	27499.9005882549	25895.3206109674	23825.9360943712	20995.3066822654	17811.7661914308	15315.542833881	12950.5268858833	10936.6819383341	8949.08671885224	7653.01476439936	9788.17979063151
534	76301.0078799078	63687.9325484265	80849.9278190203	58796.8534607213	42058.4993423694	35667.7862674954	31101.081544471	28960.3088174803	28089.9993637443	28065.3776388694	27737.2885818965	26710.8154039056	25217.2914923927	23350.5992959507	20411.2564781681	17583.0537674167	15169.920630084	12757.0960191601	10579.0624260568	8730.38966159066	7321.61745844433	9589.49811603866
536	63050.0625182608	68514.4581784777	80849.9278190203	58796.8534607213	41062.573202022	35176.2543292277	30460.4041165402	28192.9079551343	27363.5507112664	27411.9577563399	26984.3431353997	25705.8080253126	24602.9893105328	22877.3565706986	20031.4624581628	17231.6960808888	14857.8903102154	12537.6913880769	10540.1669454086	8739.27833677602	7180.68271969791	8966.63945880556
538	54496.8049778203	74720.2840985046	80849.9278190203	58796.8534607213	40075.2926371937	33759.4511352401	29836.69161257	27574.2237724606	26527.4673836637	26570.3223221283	26227.8123825957	25053.5585197182	24119.7243492522	22125.4759453542	19372.5395324119	16763.2998746556	14456.8736391274	12309.0343479778	10296.8835606808	8593.76292811296	7169.298721006	8225.49195306426
540	50552.4277974833	83618.3092983075	53714.818792485	58796.8534607213	39110.5571639007	33108.1270846906	28995.3271518177	26872.9919645509	26070.0095305851	25586.5893021746	25534.1614149436	24332.6539290181	23352.4958621027	21554.4117327722	18885.6351593475	16248.0068430941	14161.9042760403	12103.9078869485	10203.3715753015	8497.85114636669	7010.8050941419	7194.70100491241
542	47994.0566602216	95928.1033113356	52720.9061150419	58796.8534607213	39110.5571639007	32568.2016793963	28182.1517199029	26391.0352098662	25223.508063061	25119.893862589	24765.1177050118	23843.0137080247	22623.127756975	20819.6007571428	18500.0356682312	16096.7226633934	13836.0453754359	11849.8505104997	10034.2324397526	8370.42680540813	6972.80989361251	6605.35721324633
544	46677.9469386309	107175.479004879	51299.9672271397	58796.8534607213	39110.5571639007	31814.6968922299	27643.8966649639	25461.361367991	24198.0830415934	24376.9038648517	24095.8510299521	22956.3336264335	22034.250267681	20462.1868894897	18103.1083949297	15652.2400939212	13461.1796087547	11503.8332424449	9759.44782731379	8302.97755120834	6867.00254623903	6154.36418828699
546	45072.0514808375	115880.679288418	49633.0502163052	58796.8534607213	39110.5571639007	31037.3249135985	27152.7314096996	24849.4401625168	23656.0519393689	23592.3429158093	23417.7940677632	22540.7513636234	21288.0060458014	19965.4509277961	17639.3973774864	15317.1183402173	13359.1188901947	11379.2057589697	9673.1091456926	8077.25025110509	6757.53922357688	5743.62749478173
548	42855.7697836159	119681.715150146	48442.0854752024	58796.8534607213	39110.5571639007	29856.7611144751	26472.9811071484	24258.8311927665	22989.0009197087	23028.2293813744	22659.8353523053	21744.990985738	20800.5643055922	19566.3255032632	16922.1025993726	14979.707093862	12935.6559623843	11254.4672253513	9475.49610364853	7939.02747316338	6680.93456632513	5639.78567131614
550	41325.3906564344	119305.968588721	47991.6928161594	58796.8534607213	39110.5571639007	29243.0444434081	25294.7741191591	23227.8343649937	22414.0325833329	22289.0004839932	21939.566515293	21106.1257330008	20106.2682078497	19114.6533469411	16564.7441406953	14332.3290826355	12670.2698520199	10905.7074967473	9215.93515242884	7872.8380267791	6526.5404725871	5560.1608803599
552	42401.7102254779	112195.559439845	45457.2865807988	58796.8534607213	39110.5571639007	28397.2414713154	24929.6774311604	22613.0335025342	21851.7714158714	21530.2549097625	21632.4249790981	20481.8615093859	19587.8409442513	18466.075407969	16381.9013672169	14166.1938790578	12470.5696339759	10678.4639589258	9036.2234818166	7587.62399451164	6333.28312161537	5444.50644578454
554	38687.1385239201	98784.2070083564	45255.2712609135	58796.8534607213	39110.5571639007	27303.7382930647	24214.6359453235	21918.3831750044	21091.8133598655	20809.8579871537	20702.2057405215	20000.421524789	19048.3205143046	17934.3174447334	15879.0440450618	13934.1857191596	12207.4150552526	10388.1006254313	9048.35567749807	7502.18781815373	6291.42698112368	5332.6939797879
556	37614.6645584447	84165.4148811676	46403.8949367876	58796.8534607213	39110.5571639007	27096.4102230923	23657.5230744462	21568.820979	20854.4693874295	20259.3872003405	20285.0716191661	19307.3360421845	18418.8821081936	17306.3229714316	15427.8157902895	13435.9800058109	11803.0298562498	10225.4668970196	8665.31282465734	7332.30493696285	6144.51662958934	5300.31716012862
558	37333.3391261726	70470.2454113858	48782.0614965619	58796.8534607213	39110.5571639007	26936.3853830095	23112.7234567856	21056.3285999724	19907.8766273689	19587.6227923563	19405.6907640679	18933.7239455925	17867.613465877	16849.4191860906	15024.8456477375	13152.8851682924	11496.1628481943	9940.73956172161	8577.48699963276	7204.21853284862	6057.46609648744	5189.14855276676
560	37004.5107020529	57983.6519494753	55337.9769954015	39970.9629139317	39110.5571639007	25339.748007866	22271.8953220465	20171.7137725819	19461.6157290323	19053.0939391485	18921.9382939062	18269.8171119391	17576.3085827932	16350.27017288	14357.0748298377	12675.2690758715	11128.7814639099	9750.13296409198	8355.70587806378	7080.04331826043	5949.44385525425	5078.78433192576
562	34524.6550807797	49154.1455486744	64127.7761053836	38372.342682491	39110.5571639007	25339.748007866	21587.8775435635	19782.0417631995	18973.3425548622	18641.4189658266	18488.3776002723	17622.1877930843	16856.5083782153	15869.4230347393	13927.9501408517	12322.7158740855	10940.0843796187	9432.74359437762	8069.48585243544	6895.02162647047	5796.10578129543	4953.69693953029
564	33788.2400635133	41584.6889549677	77131.7531819775	37169.9758185435	39110.5571639007	25339.748007866	21402.7804643057	19364.8769653032	18347.4660758113	18065.5764253797	17665.921746597	17225.249410388	16474.2351458607	15472.7878768262	13708.4081725442	11955.6644039655	10533.8589618599	9282.32235389397	7888.2550315443	6785.88989388046	5700.28131609944	4880.22485548644
566	34001.9770851689	38553.0246031738	88283.0083001348	36285.3158007989	39110.5571639007	25339.748007866	20601.1035954662	18945.1975866869	17847.3516908677	17486.909490312	17134.0452103276	16770.7092476949	15829.3534523108	14821.3375402591	13433.5352273518	11756.9467753061	10297.7887802736	8997.84980015437	7737.37345054063	6539.77859713768	5600.39105547232	4820.955836633
568	33656.1739787618	38289.0025471292	102421.3660278	35881.4899672821	39110.5571639007	25339.748007866	19857.3792986761	18333.2841562048	17046.5573834757	16929.3586882127	16876.6322684428	15965.3410765156	15433.8190671186	14418.1945939336	12826.7350673129	11460.176248424	10124.100548694	8865.91095004265	7432.36582930314	6437.47423471503	5540.16411982071	4634.27931329791
570	31961.8421522514	36257.6778284666	110553.178690448	34741.2529629175	39110.5571639007	25339.748007866	19495.6547149384	17694.1634201856	16897.5786451479	16320.0659428349	16221.5195874507	15836.2474344006	14893.764606836	13835.4059652688	12323.0398527042	11075.432367441	9786.10318411545	8590.27199315178	7461.05752386092	6406.44395035657	5404.36876977392	4569.0601013038
572	30336.0486226322	36518.9085090161	115275.3445811	34169.6237412741	39110.5571639007	25339.748007866	19220.5180412926	16949.0315225187	16142.7582293771	15739.0685509489	15556.2723214402	15236.3570693128	14279.5327241058	13530.1340779573	12183.6006036962	10627.2455210476	9458.05690528087	8238.12217821437	7124.9849905406	6201.29081495745	5235.87560237333	4580.26455815715
574	31018.1919937156	33472.9587155188	112642.2934755	33605.2051460261	39110.5571639007	25339.748007866	18398.7034935272	16640.1367614396	15678.2304100861	15468.6146144379	15118.5063563256	14624.5575817656	13901.4815446222	13059.5184405136	11942.9341310189	10420.0727265065	9264.7212964033	8246.33856336994	6981.78947114931	6021.90342074242	5122.53548431895	4371.2827363585
576	32982.1809945401	34155.8118667998	106123.391653551	32800.1652287398	39110.5571639007	25339.748007866	17990.9293315192	16302.3641286994	15296.3054129816	14739.2529170792	14788.1334508068	14116.5028095975	13656.3757691043	12708.9028915914	11548.9518436516	10158.2937389984	8949.21257898782	7884.30883169016	6815.29255365535	5832.88746359464	4993.8126297831	4281.64717981734
578	31313.9541038618	34165.0631095758	94117.8913069124	32954.354450927	39110.5571639007	25339.748007866	17534.9004586258	15788.3275928925	14565.6902922667	14481.6800684674	14126.4389913961	13868.7741682966	13008.6060832515	12383.0849396003	11205.8910901702	9870.92754879232	8692.62028990592	7673.0697459363	6679.81045024535	5775.14814713319	4792.61859831084	4204.44886783114
580	30697.450892527	34399.4784440217	78545.9159647447	34832.5054545024	28310.2841706097	25339.748007866	17056.8439163357	15076.6221911276	14329.1991400322	13988.3266663263	13843.7311617877	13174.8787632867	12777.6633385729	12074.1567870591	10789.5844283557	9579.49639343558	8536.95013890282	7399.60051493215	6530.39293446786	5553.8833515405	4748.62962843166	4044.59019367501
582	32274.6823863549	34406.3818409982	64837.3816147886	38519.3855647716	27625.9322090985	25339.748007866	17056.8439163357	14987.5611238904	13968.2016026454	13604.7644784484	13228.1078253754	12972.3853983939	12257.3633197328	11659.0706891043	10410.0259855562	9321.68144880795	8341.83571220853	7223.73923476276	6406.97785999587	5390.24560449869	4616.77780992079	3970.82637106631
584	31900.1976770951	33516.3165192744	52455.1131892509	43341.0912146161	27544.3658306213	25339.748007866	17056.8439163357	14440.8312157705	13368.5470319523	13374.3959578031	12890.5440433452	12344.0434661501	11901.8682818726	11365.5831794538	10060.4634605225	9093.53387947653	7952.29686306329	6965.24746158162	6098.69533832578	5274.83269802481	4550.57385493374	3962.87116039772
586	31560.4478325545	34076.6879060911	42416.1617607207	53133.6103118713	26962.8037887613	25339.748007866	17056.8439163357	13987.5408020372	13160.9598656699	12632.1910998859	12486.5247080559	12099.8165456265	11439.9983524112	10892.7801157185	9559.80222022362	8660.16527823942	7766.42501007885	6912.57402304203	6056.38305789351	5087.09008915343	4376.09772120277	3826.95178623639
588	31732.6161071917	32901.3762433827	36511.7147496216	64619.5745597562	26656.0386455184	25339.748007866	17056.8439163357	13564.026332062	12466.9940064177	12293.3932590703	12039.8618286686	11739.0086164312	11109.6760470291	10546.7607024333	9501.52669680926	8424.56875079664	7531.74575375378	6624.53265190837	5827.97956554463	4950.05177758135	4241.81146546923	3784.72678408978
590	29930.1582462659	31080.7183205881	33530.8111605273	77723.9839002613	26655.971384492	25339.748007866	17056.8439163357	13341.8242020914	12138.6010725419	11783.7110839392	11532.8120808268	11217.3962641056	10894.9148145989	10142.7213353612	9191.61602804294	8043.21348722034	7237.73875557721	6400.68693248708	5678.08221897822	4915.73528309202	4128.08508274155	3685.40586239615
592	28506.0069956932	32205.7966026073	32102.9310622601	90998.6967122117	26658.1793306761	25339.748007866	17056.8439163357	12926.7547392065	11945.5631453051	11514.0096574454	11216.8412463287	10784.1351455779	10477.6071431468	9884.94600950337	8821.66374851148	7904.76341794653	7166.19814336999	6228.63567062833	5409.5659038128	4730.09431641824	4010.12493398889	3569.79815352747
594	29075.1309331357	30187.0714109868	30530.5824992792	102388.080527362	26180.8953928801	25339.748007866	17056.8439163357	12482.5215707488	11528.4057658349	11158.4230200632	10739.8926099039	10361.317825201	10236.3038981241	9528.55256112183	8674.59961390882	7652.83460006997	6758.83035943387	6092.64479473377	5300.57015668239	4588.51388457733	3973.5427722436	3367.96413811697
596	29068.8576052746	32416.5022680684	30349.0269954584	108812.655680666	25603.5794698344	25339.748007866	17056.8439163357	12351.4868805626	11085.6664694817	10846.9277532754	10495.4984481485	9988.34139460787	9743.79145137569	9337.6052950572	8202.7814771606	7367.26116729663	6559.951399931	5901.39583467481	5161.32881157453	4469.70218465576	3927.40598502262	3304.13935375843
598	27966.7352464903	31281.6038339335	30194.0595866821	107560.609545088	26294.5996954762	25339.748007866	17056.8439163357	11620.0411801806	10788.0283424879	10432.3151979598	10223.2240386156	9828.81489172105	9542.44134785112	8790.35368633584	7829.20422496163	7205.44616808892	6427.40209368498	5708.58218221528	4949.8185215884	4291.28380263068	3629.26799535943	3292.92820859647
600	29366.3648371351	32494.6096932868	29795.6744108773	101411.864782903	25814.4266739184	20272.0878856003	17056.8439163357	11466.2457838315	10672.2246719172	10259.2718377601	9877.93380550918	9598.0862721213	9116.07501868334	8504.87336930906	7770.26208852254	6860.31131676332	6230.77294235726	5536.20012434682	4829.23328033193	4198.88727989489	3561.9021920468	3199.27274348167
