Wavelength	240	250	260	270	280	290	300	310	320	330	340	350	360	370	380	390	400	410	420	430	440	450
nm	CPS / MicroAmps	CPS / MicroAmps	CPS / MicroAmps	CPS / MicroAmps	CPS / MicroAmps	CPS / MicroAmps	CPS / MicroAmps	CPS / MicroAmps	CPS / MicroAmps	CPS / MicroAmps	CPS / MicroAmps	CPS / MicroAmps	CPS / MicroAmps	CPS / MicroAmps	CPS / MicroAmps	CPS / MicroAmps	CPS / MicroAmps	CPS / MicroAmps	CPS / MicroAmps	CPS / MicroAmps	CPS / MicroAmps	CPS / MicroAmps
300	29344.2031091785	25449.3566024636	22969.2770882963	148757.45676708	30389.2345634675	17560.9749174518	657512.274269825	7839.49948676437	7990.89037640689	8396.50883470098	6892.83876374596	5736.5615586153	5140.10952450561	4841.57227688124	5474.98590769765	5421.69416339428	4081.35544547612	3551.01001524678	3244.62193863269	3372.11615757138	3568.95454061219	3025.5565776626
302	31584.9851198258	29827.7335594628	24115.185726227	105098.055076661	46697.6719369418	15562.1989106563	10642.500036698	7839.49948676437	7990.89037640689	8396.50883470098	6892.83876374596	5736.5615586153	5140.10952450561	4841.57227688124	5474.98590769765	5421.69416339428	4081.35544547612	3551.01001524678	3244.62193863269	3372.11615757138	3568.95454061219	3025.5565776626
304	29659.0055394815	29977.9083948186	24236.4794206779	67100.4471642197	75871.025672666	15999.850212271	10642.500036698	7839.49948676437	7990.89037640689	8396.50883470098	6892.83876374596	5736.5615586153	5140.10952450561	4841.57227688124	5474.98590769765	5421.69416339428	4081.35544547612	3551.01001524678	3244.62193863269	3372.11615757138	3568.95454061219	3025.5565776626
306	30204.8304146244	29134.534898619	25719.221924051	42349.3050669153	112294.118413333	16895.9797804848	10642.500036698	7839.49948676437	7990.89037640689	8396.50883470098	6892.83876374596	5736.5615586153	5140.10952450561	4841.57227688124	5474.98590769765	5421.69416339428	4081.35544547612	3551.01001524678	3244.62193863269	3372.11615757138	3568.95454061219	3025.5565776626
308	30207.830441153	27705.4147520883	25677.781464385	31570.4439675336	139906.844242219	17502.0142718609	10642.500036698	7839.49948676437	7990.89037640689	8396.50883470098	6892.83876374596	5736.5615586153	5140.10952450561	4841.57227688124	5474.98590769765	5421.69416339428	4081.35544547612	3551.01001524678	3244.62193863269	3372.11615757138	3568.95454061219	3025.5565776626
310	29893.8118337446	29756.0226564666	25569.7047187398	30010.8925850463	146817.747856846	19117.6579298565	10642.500036698	7839.49948676437	7990.89037640689	8396.50883470098	6892.83876374596	5736.5615586153	5140.10952450561	4841.57227688124	5474.98590769765	5421.69416339428	4081.35544547612	3551.01001524678	3244.62193863269	3372.11615757138	3568.95454061219	3025.5565776626
312	30953.9285348019	28619.8203109757	27450.8360787706	28985.0552092228	128201.389279189	24809.3661629616	8834.46811109401	7839.49948676437	7990.89037640689	8396.50883470098	6892.83876374596	5736.5615586153	5140.10952450561	4841.57227688124	5474.98590769765	5421.69416339428	4081.35544547612	3551.01001524678	3244.62193863269	3372.11615757138	3568.95454061219	3025.5565776626
314	28624.7519854469	29245.8535110397	27573.7851236114	29687.5049071351	94882.7407117509	38568.3454050596	8651.59611743589	7839.49948676437	7990.89037640689	8396.50883470098	6892.83876374596	5736.5615586153	5140.10952450561	4841.57227688124	5474.98590769765	5421.69416339428	4081.35544547612	3551.01001524678	3244.62193863269	3372.11615757138	3568.95454061219	3025.5565776626
316	27668.1547943175	29239.1750699706	26619.7687916136	29204.4823987387	63103.7081647401	61499.2904439729	9190.69372344531	7839.49948676437	7990.89037640689	8396.50883470098	6892.83876374596	5736.5615586153	5140.10952450561	4841.57227688124	5474.98590769765	5421.69416339428	4081.35544547612	3551.01001524678	3244.62193863269	3372.11615757138	3568.95454061219	3025.5565776626
318	30456.8731569918	28297.2775588884	27463.954391096	29852.5030004012	44341.0496493776	88179.7009233347	9365.88465402724	7839.49948676437	7990.89037640689	8396.50883470098	6892.83876374596	5736.5615586153	5140.10952450561	4841.57227688124	5474.98590769765	5421.69416339428	4081.35544547612	3551.01001524678	3244.62193863269	3372.11615757138	3568.95454061219	3025.5565776626
320	30037.4139865549	28613.4929303316	28086.8373299397	30317.648592351	35842.5815646947	109541.284433718	10008.747564373	7839.49948676437	7990.89037640689	8396.50883470098	6892.83876374596	5736.5615586153	5140.10952450561	4841.57227688124	5474.98590769765	5421.69416339428	4081.35544547612	3551.01001524678	3244.62193863269	3372.11615757138	3568.95454061219	3025.5565776626
322	29119.8093968404	28527.7437063875	28143.1619787446	31104.8422872937	33674.3439950486	114039.883057568	11559.5364284297	6079.34133602429	7990.89037640689	8396.50883470098	6892.83876374596	5736.5615586153	5140.10952450561	4841.57227688124	5474.98590769765	5421.69416339428	4081.35544547612	3551.01001524678	3244.62193863269	3372.11615757138	3568.95454061219	3025.5565776626
324	28790.9302089752	28517.4552761522	28494.8602102279	31644.5597542294	33384.251686302	99983.7171067992	16265.1935233053	6504.12273459938	7990.89037640689	8396.50883470098	6892.83876374596	5736.5615586153	5140.10952450561	4841.57227688124	5474.98590769765	5421.69416339428	4081.35544547612	3551.01001524678	3244.62193863269	3372.11615757138	3568.95454061219	3025.5565776626
326	29418.1369661839	28650.746260225	29335.414975119	32090.1635696243	33660.1624802056	74798.4808704287	26596.8823024441	6753.66327784511	7990.89037640689	8396.50883470098	6892.83876374596	5736.5615586153	5140.10952450561	4841.57227688124	5474.98590769765	5421.69416339428	4081.35544547612	3551.01001524678	3244.62193863269	3372.11615757138	3568.95454061219	3025.5565776626
328	29786.8253760213	28033.7861053142	29229.1158314309	32142.8417839239	33043.1534188044	51939.9953803063	43659.2506654249	7277.78762481006	7990.89037640689	8396.50883470098	6892.83876374596	5736.5615586153	5140.10952450561	4841.57227688124	5474.98590769765	5421.69416339428	4081.35544547612	3551.01001524678	3244.62193863269	3372.11615757138	3568.95454061219	3025.5565776626
330	33369.770230894	27984.1252137467	29280.383015815	32564.0531642458	33907.0066485218	36408.0939108761	65820.8063684242	7727.64341993956	7990.89037640689	8396.50883470098	6892.83876374596	5736.5615586153	5140.10952450561	4841.57227688124	5474.98590769765	5421.69416339428	4081.35544547612	3551.01001524678	3244.62193863269	3372.11615757138	3568.95454061219	3025.5565776626
332	34985.8743161291	29446.5558365292	29407.498587922	32874.8981681502	33747.3258813628	30604.2777528899	82412.848040429	8339.74851162009	5748.34525298502	8396.50883470098	6892.83876374596	5736.5615586153	5140.10952450561	4841.57227688124	5474.98590769765	5421.69416339428	4081.35544547612	3551.01001524678	3244.62193863269	3372.11615757138	3568.95454061219	3025.5565776626
334	36624.7939697192	29568.9386620531	29926.9200677535	32886.9400529396	33219.0429088879	28611.4823001586	86738.6633616389	9720.63607498169	5817.87616052402	8396.50883470098	6892.83876374596	5736.5615586153	5140.10952450561	4841.57227688124	5474.98590769765	5421.69416339428	4081.35544547612	3551.01001524678	3244.62193863269	3372.11615757138	3568.95454061219	3025.5565776626
336	37062.8302229727	30042.8079125115	29845.2544403343	32820.8486683892	33964.2314427578	28474.7135044127	77334.0526944896	12719.9116431692	6174.37167591188	8396.50883470098	6892.83876374596	5736.5615586153	5140.10952450561	4841.57227688124	5474.98590769765	5421.69416339428	4081.35544547612	3551.01001524678	3244.62193863269	3372.11615757138	3568.95454061219	3025.5565776626
338	39005.5419454578	29558.0629298935	30807.9566287694	32332.8652154443	34012.9295290816	28973.4818224287	59437.5610879012	19752.3524600523	6684.05871361189	8396.50883470098	6892.83876374596	5736.5615586153	5140.10952450561	4841.57227688124	5474.98590769765	5421.69416339428	4081.35544547612	3551.01001524678	3244.62193863269	3372.11615757138	3568.95454061219	3025.5565776626
340	39189.1615729127	30240.6677034805	30989.8764828626	33084.2086247621	33915.2819238668	29312.7236416011	41072.1055461089	32188.0198093051	7306.08246330532	8396.50883470098	6892.83876374596	5736.5615586153	5140.10952450561	4841.57227688124	5474.98590769765	5421.69416339428	4081.35544547612	3551.01001524678	3244.62193863269	3372.11615757138	3568.95454061219	3025.5565776626
342	39936.1397817314	31259.1582843245	30870.7985924588	32860.2980908711	33813.5741921355	30014.9356573613	29402.3345471713	49304.4650517353	7881.95689576732	5616.27299616938	6892.83876374596	5736.5615586153	5140.10952450561	4841.57227688124	5474.98590769765	5421.69416339428	4081.35544547612	3551.01001524678	3244.62193863269	3372.11615757138	3568.95454061219	3025.5565776626
344	40501.4751062741	32739.4744198492	31059.9649785346	32557.9460822598	34152.3653878878	30310.1177352854	24258.8176094014	64004.2042944338	8533.87679337617	5824.67981072126	6892.83876374596	5736.5615586153	5140.10952450561	4841.57227688124	5474.98590769765	5421.69416339428	4081.35544547612	3551.01001524678	3244.62193863269	3372.11615757138	3568.95454061219	3025.5565776626
346	40218.1871316312	34443.0833348745	31520.4083061938	32776.0237646	33928.9937176598	30587.6659258614	22738.3231274589	71451.0202850491	9672.11098480787	6298.26895148379	6892.83876374596	5736.5615586153	5140.10952450561	4841.57227688124	5474.98590769765	5421.69416339428	4081.35544547612	3551.01001524678	3244.62193863269	3372.11615757138	3568.95454061219	3025.5565776626
348	42186.4824784364	34743.2183203082	32195.5264156681	32985.9283542981	34343.4328616036	30657.8587213942	22983.039788033	66578.6823382194	11819.8281062033	6800.42096605941	6892.83876374596	5736.5615586153	5140.10952450561	4841.57227688124	5474.98590769765	5421.69416339428	4081.35544547612	3551.01001524678	3244.62193863269	3372.11615757138	3568.95454061219	3025.5565776626
350	42867.8218166074	35348.5458211679	31632.0756050518	32284.4190412587	33771.673519593	30897.8001006984	23506.1009348295	53721.1841912371	16649.8876110327	7471.46038834173	6892.83876374596	5736.5615586153	5140.10952450561	4841.57227688124	5474.98590769765	5421.69416339428	4081.35544547612	3551.01001524678	3244.62193863269	3372.11615757138	3568.95454061219	3025.5565776626
352	44519.1674533539	36438.8129842896	32648.6946357704	32862.4863931824	33766.1147392332	31392.5171779622	24642.9251871851	39205.6620487002	25374.8892468571	8300.37879164427	5362.97638824805	5736.5615586153	5140.10952450561	4841.57227688124	5474.98590769765	5421.69416339428	4081.35544547612	3551.01001524678	3244.62193863269	3372.11615757138	3568.95454061219	3025.5565776626
354	43662.3317552982	37844.7456118666	33712.6874723865	33083.256159213	33900.0768664103	31413.2235666798	25249.7237444801	28972.4663950036	37650.5376507704	9118.2815959788	5483.68065735499	5736.5615586153	5140.10952450561	4841.57227688124	5474.98590769765	5421.69416339428	4081.35544547612	3551.01001524678	3244.62193863269	3372.11615757138	3568.95454061219	3025.5565776626
356	46528.5975537883	39230.5428612342	34311.3765239419	33109.3034555959	33793.1844170475	31929.9794662855	26283.0742693386	23800.2339183728	50251.6749801795	9817.9169886956	6096.55828423798	5736.5615586153	5140.10952450561	4841.57227688124	5474.98590769765	5421.69416339428	4081.35544547612	3551.01001524678	3244.62193863269	3372.11615757138	3568.95454061219	3025.5565776626
358	50484.5962411591	39196.452848754	35293.8893112249	33638.9735417853	33600.4549283494	32575.8111184745	27357.000889565	22815.9156798674	58983.642196478	10929.1908659927	6711.26454111745	5736.5615586153	5140.10952450561	4841.57227688124	5474.98590769765	5421.69416339428	4081.35544547612	3551.01001524678	3244.62193863269	3372.11615757138	3568.95454061219	3025.5565776626
360	48119.9084845856	40711.1790687562	35514.2809763798	34743.0474310446	34242.3059423022	32838.9471038122	27918.0384313079	23120.7212820712	58913.10186423	12411.45213274	7488.17419779801	5736.5615586153	5140.10952450561	4841.57227688124	5474.98590769765	5421.69416339428	4081.35544547612	3551.01001524678	3244.62193863269	3372.11615757138	3568.95454061219	3025.5565776626
362	50194.8707790665	42417.1514599322	37391.7112247873	34701.8262102254	34515.5885278441	33466.0226073851	28820.7638347093	23955.810462384	52512.1399995814	15415.6118802546	8072.69788416366	5018.03724817629	5140.10952450561	4841.57227688124	5474.98590769765	5421.69416339428	4081.35544547612	3551.01001524678	3244.62193863269	3372.11615757138	3568.95454061219	3025.5565776626
364	50784.372318767	43890.7987709127	38789.5442338006	36262.9838799734	34609.9793575932	33936.2392566305	30155.5882410886	25132.5375818543	41500.9220090129	21025.8386364963	8946.58924565606	5132.51382087136	5140.10952450561	4841.57227688124	5474.98590769765	5421.69416339428	4081.35544547612	3551.01001524678	3244.62193863269	3372.11615757138	3568.95454061219	3025.5565776626
366	52053.7907129462	46051.2940540227	40177.2259707584	36306.6676933771	35243.7785773682	34810.4707931317	31337.1283004987	26606.2711019591	32273.0509147464	30004.8913451918	9782.34831958228	5631.75551123273	5140.10952450561	4841.57227688124	5474.98590769765	5421.69416339428	4081.35544547612	3551.01001524678	3244.62193863269	3372.11615757138	3568.95454061219	3025.5565776626
368	55079.6006652997	47883.5301388354	42277.9305500621	37183.7826883212	36215.1642135803	35385.4055067008	32445.6109781018	27801.5588675114	27023.0733549871	40485.9657994734	10659.6241634608	6307.0769006975	5140.10952450561	4841.57227688124	5474.98590769765	5421.69416339428	4081.35544547612	3551.01001524678	3244.62193863269	3372.11615757138	3568.95454061219	3025.5565776626
370	56921.9450277406	50838.7176549961	43787.4578615365	38618.4958512772	36257.4779061367	36299.9310478297	33943.8762706202	29557.4701853207	25358.9068188272	49956.1367118476	11839.1387976918	7027.25615085871	5140.10952450561	4841.57227688124	5474.98590769765	5421.69416339428	4081.35544547612	3551.01001524678	3244.62193863269	3372.11615757138	3568.95454061219	3025.5565776626
372	58513.1813104499	52343.2115525173	44424.1388710766	40016.7202500806	37921.1978106824	37190.1707668331	35389.1802470935	31113.6156870656	25531.2036895876	53765.6682271666	13407.3532581645	7760.5375622996	4454.74129722647	4841.57227688124	5474.98590769765	5421.69416339428	4081.35544547612	3551.01001524678	3244.62193863269	3372.11615757138	3568.95454061219	3025.5565776626
374	60234.1903473178	54738.0780698832	46699.3244442296	40404.7215591186	38373.7224064632	37745.7000122503	36533.3669044211	32226.1214113561	26601.4151321013	51574.7221445222	15748.5938655985	8612.08087594701	4691.0939548653	4841.57227688124	5474.98590769765	5421.69416339428	4081.35544547612	3551.01001524678	3244.62193863269	3372.11615757138	3568.95454061219	3025.5565776626
376	62664.399462122	56977.6537279109	48486.8198373084	42038.5730769582	39248.9098472067	39141.5639311117	37587.6691078085	33946.2124646764	27860.1898636137	44502.6182298422	20134.115908232	9435.46217902483	5113.71564733739	4841.57227688124	5474.98590769765	5421.69416339428	4081.35544547612	3551.01001524678	3244.62193863269	3372.11615757138	3568.95454061219	3025.5565776626
378	64267.8940347993	61483.3916272767	50413.9340335107	42992.6871645273	40751.9506888707	39823.0774085777	39396.9751941316	35564.1708559218	29305.9922985689	36406.9526849845	26755.2354269916	10186.2665112673	5690.68241592427	4841.57227688124	5474.98590769765	5421.69416339428	4081.35544547612	3551.01001524678	3244.62193863269	3372.11615757138	3568.95454061219	3025.5565776626
380	67577.3641139691	62011.7084245551	52549.6691955506	45015.0612095344	41384.6807814953	41418.2688532925	40368.7066735857	37216.2980902394	30500.2024476168	30742.0493332505	35487.4526160913	11327.1744367271	6449.4468669041	4841.57227688124	5474.98590769765	5421.69416339428	4081.35544547612	3551.01001524678	3244.62193863269	3372.11615757138	3568.95454061219	3025.5565776626
382	68930.0384781523	65209.3162633101	55114.0060778139	46210.1212765025	43029.8943614795	42229.0013845079	42182.9472337443	38913.5435005873	32209.8535766229	28522.6251022379	43565.2500035072	12520.3201466917	7215.39923534974	4180.67523522606	5474.98590769765	5421.69416339428	4081.35544547612	3551.01001524678	3244.62193863269	3372.11615757138	3568.95454061219	3025.5565776626
384	70480.8806994175	68565.5242229253	56475.6395003445	47843.3999139316	43734.5263092506	44077.8387790579	43717.0276849043	40667.6435446143	33971.5653731791	28219.8144928463	48289.2576806417	13814.588986309	8053.5536004735	4379.328333722	5474.98590769765	5421.69416339428	4081.35544547612	3551.01001524678	3244.62193863269	3372.11615757138	3568.95454061219	3025.5565776626
386	73805.045219612	72133.8377768615	59286.0262588783	49433.2397026147	45025.3218417649	45238.4890573939	45611.9626204982	42414.836208621	35601.2089274727	29011.9400979767	48421.7126588278	15962.3138883023	9022.91289847853	4881.22666853058	5474.98590769765	5421.69416339428	4081.35544547612	3551.01001524678	3244.62193863269	3372.11615757138	3568.95454061219	3025.5565776626
388	77275.0555286611	73949.4026266767	61004.721739573	50787.3165275455	46287.8786609528	46366.1416115271	46798.7370649656	44164.1061097379	37268.7130262613	30396.4761887906	44261.792796582	19330.0944909575	9950.74408753615	5436.72023160258	5474.98590769765	5421.69416339428	4081.35544547612	3551.01001524678	3244.62193863269	3372.11615757138	3568.95454061219	3025.5565776626
390	77429.077155099	75543.0247342351	64030.3469782184	52247.8639088881	47440.4046805785	47958.4256224299	48344.7391397087	46140.4549846457	38907.0399758457	31777.0117329555	38557.2261336644	24695.7921829399	10903.3674583206	6115.35879537092	5474.98590769765	5421.69416339428	4081.35544547612	3551.01001524678	3244.62193863269	3372.11615757138	3568.95454061219	3025.5565776626
392	82684.4473012868	79462.9198677805	66015.4784399807	54297.2129682416	48877.7140282596	48702.4006205586	49841.0465126562	47935.5621868543	40754.1367849132	33330.3514139207	33051.7794933299	31804.323307287	12012.672933906	6970.29094013488	4004.90261234924	5421.69416339428	4081.35544547612	3551.01001524678	3244.62193863269	3372.11615757138	3568.95454061219	3025.5565776626
394	85859.5871668246	80968.6203493162	68175.6101581249	56374.9160575456	50154.6417931071	50156.7222926237	51538.4202904941	49393.2369010277	42270.9459414989	34901.5499441406	30842.4677909943	39306.546164614	13088.1394634602	7669.7076274892	4201.35328486415	5421.69416339428	4081.35544547612	3551.01001524678	3244.62193863269	3372.11615757138	3568.95454061219	3025.5565776626
396	88690.6260341171	85045.1754779305	70555.8295433568	57181.7611963412	51458.2959491713	51430.1664924698	52929.6966438811	50963.5750170472	44113.7451712734	36486.9517031795	30143.3542159497	44279.2258393424	14354.9475007677	8546.52289937457	4483.25937095583	5421.69416339428	4081.35544547612	3551.01001524678	3244.62193863269	3372.11615757138	3568.95454061219	3025.5565776626
398	91340.8398456939	87079.0248981801	72706.7396856753	59400.2351256559	52495.6860281428	52665.827769923	54137.0086577466	52699.8623899131	45810.4629026072	37884.6507168252	30846.5268700265	45864.1280676765	16341.8499307521	9503.62820394189	5051.94904476997	5421.69416339428	4081.35544547612	3551.01001524678	3244.62193863269	3372.11615757138	3568.95454061219	3025.5565776626
400	90621.6380316875	87692.8689546517	74057.044335909	60130.4722865297	53817.243754417	53612.6074546024	55282.5301216186	53890.7199230545	47069.6508578488	39651.6689122329	32063.7484596727	42693.2204373298	18721.28590339	10441.0917271144	5552.49239517035	5421.69416339428	4081.35544547612	3551.01001524678	3244.62193863269	3372.11615757138	3568.95454061219	3025.5565776626
402	93959.9198355481	92634.1560154879	77305.4332013908	62056.6683334641	54979.4392812607	54435.4578898607	56615.8001502419	55158.5018672307	48597.6964414374	41155.8631799322	33436.3925078469	38403.8133141193	22956.0135181456	11288.13190588	6300.14643363191	3731.00372567236	4081.35544547612	3551.01001524678	3244.62193863269	3372.11615757138	3568.95454061219	3025.5565776626
404	95625.9251369837	93931.7517436571	78365.9693997071	63378.966542541	55526.7756844938	55763.6488911785	57380.5867731466	56877.2437291842	50422.8359705206	42426.3701760153	34734.8322978208	34068.2564563276	28514.3215340203	12189.0806166555	6980.11500628663	3834.87358047847	4081.35544547612	3551.01001524678	3244.62193863269	3372.11615757138	3568.95454061219	3025.5565776626
406	98211.8434669135	96714.6653189551	81189.0823921121	65010.0362099487	56817.0457068568	56550.838288872	58689.4541029178	57691.5391957935	51523.8083080899	44118.2038235703	36288.8779779256	31416.4903866014	34769.9158663621	13341.1512794766	7751.61750402818	4130.58107082396	4081.35544547612	3551.01001524678	3244.62193863269	3372.11615757138	3568.95454061219	3025.5565776626
408	97783.0340888574	98073.8879024406	82972.6584247394	65755.9346776106	57609.6735817717	57228.1661112355	59182.1855825444	58578.2175650486	52575.371954592	45400.2476313328	37620.9171005049	30753.6722705741	40033.2428143221	14412.4522957704	8390.74515483096	4640.52144481081	4081.35544547612	3551.01001524678	3244.62193863269	3372.11615757138	3568.95454061219	3025.5565776626
410	101930.077262707	100572.363812329	84541.8556530284	67763.441103725	58295.238708711	57940.500269315	59877.8190695201	59699.531259164	53999.2545051303	46905.2578228178	39218.87334332	31192.8514918838	42366.4190923437	15874.8886631824	9213.25256165138	5002.26827436706	4081.35544547612	3551.01001524678	3244.62193863269	3372.11615757138	3568.95454061219	3025.5565776626
412	103948.032345058	100967.634346589	86065.8233375392	69265.2933019971	59552.4645750636	58162.7862892483	60566.8838049053	60417.0130994496	55073.948833476	48103.0417753709	40284.423374082	32355.1684694171	41882.2281011265	17550.5210501608	9984.12886312663	5554.73156637849	3338.75388458696	3551.01001524678	3244.62193863269	3372.11615757138	3568.95454061219	3025.5565776626
414	102881.643894551	102633.751967597	87526.1944965761	69953.8401145233	59970.68827986	58982.6673996404	61195.7256918015	61364.6536557441	56246.1930272674	48895.7882617623	41542.8045540192	33567.3312950269	38669.0047492526	20487.1090853693	10885.5601008359	6180.9248636954	3502.99355517908	3551.01001524678	3244.62193863269	3372.11615757138	3568.95454061219	3025.5565776626
416	104465.174727675	105443.882294887	89914.4288205499	71275.9209654427	61114.8438405491	59463.38278475	61469.3158904077	61935.4098645198	56919.8055053688	50698.8670856048	42873.2389774161	34621.5541971886	35178.2230622643	24468.7502283241	11561.540944928	6730.72602103518	3722.26817085026	3551.01001524678	3244.62193863269	3372.11615757138	3568.95454061219	3025.5565776626
418	106379.511601243	106247.419991043	90799.000324489	72134.2198952319	61634.3057621706	60072.1509034406	62378.4558613471	62742.432300812	57925.2921982783	51584.7832849501	44302.5043436739	36077.6987809307	32454.3381335247	29488.6287916086	12443.9002625461	7401.08641142167	4035.50911783993	3551.01001524678	3244.62193863269	3372.11615757138	3568.95454061219	3025.5565776626
420	110515.265946978	109341.979883332	92516.3519316778	74211.7561869088	62755.2269212916	60482.5439872222	62695.6088796395	63332.1271803165	58781.1545217057	52782.7040961324	45556.156987974	37246.8522429035	30897.7713239799	34507.1619528995	13475.7065894869	8062.90223437682	4383.78551992559	3551.01001524678	3244.62193863269	3372.11615757138	3568.95454061219	3025.5565776626
422	107666.459955801	109591.064021012	93353.3570239985	74927.8411974349	63244.1552360289	60548.4266302839	62793.987274676	63783.5205094971	59337.526554958	53912.4020074875	46858.4622373156	38196.6623709971	31051.6024774395	37788.3220136472	14245.6674592155	8599.29099850267	4856.90167521124	2963.40257228271	3244.62193863269	3372.11615757138	3568.95454061219	3025.5565776626
424	107917.562626057	110488.973040239	94170.9725056228	75476.0387409903	63489.2008061713	60951.0470242887	62590.3143885572	63830.5839693445	59661.2288916198	54536.1797892827	48075.5991062062	39385.9913471975	31616.4736495273	38705.1549767834	15565.917657635	9311.31757039038	5344.70106706291	3120.20472431677	3244.62193863269	3372.11615757138	3568.95454061219	3025.5565776626
426	109420.050470257	110090.244842134	94663.7556370357	76063.8685179752	63870.46364076	60743.1523814881	62459.3872725412	63902.0167789846	60380.2575339927	55417.3668965929	48598.7681687078	40252.3434051503	32241.7040576814	37281.0414027233	17213.3878599647	9882.55912655363	5854.29675681243	3241.79319563099	3244.62193863269	3372.11615757138	3568.95454061219	3025.5565776626
428	108588.092760723	111738.709421734	96192.6699337327	76825.9615566264	64073.10194274	61009.2966909026	62661.9731466658	63599.1831282267	60767.7585099649	55965.7046814744	49398.0141856551	41231.1843290557	33215.9907660383	34584.5386576774	19704.1164220303	10575.0978628699	6388.41726212601	3518.4921577526	3244.62193863269	3372.11615757138	3568.95454061219	3025.5565776626
430	109206.934003655	112629.664633957	96823.6790437044	78362.1825380869	65065.6107725811	60627.2717197489	62183.220665797	64177.9521301408	61367.1741176215	56575.0420659786	50010.2699868823	42090.3546597164	33940.5727985609	31449.1391275575	23008.1257309298	11219.7345970603	6804.46602126134	3870.93195276639	3244.62193863269	3372.11615757138	3568.95454061219	3025.5565776626
432	108184.808364121	112630.276597009	98049.5446904939	78851.6862930797	64771.494080554	61147.3060530625	61769.8593250303	63591.7218249282	61521.6065153489	57111.4411851742	51264.6568579135	43107.9902713231	34980.6938661819	29501.7226102638	26865.5699773579	11957.7634548228	7393.18050024512	4239.64924177164	2640.92409386708	3372.11615757138	3568.95454061219	3025.5565776626
434	110857.395492754	111162.42628418	98062.1920340372	79219.8568086594	65139.5824348267	61102.8957936578	62107.8666802976	63457.4823841768	61576.877897591	57706.2769864895	51813.6134673524	44033.9157464793	35503.492515151	28656.8955870737	30646.8972968896	12577.3835685157	7848.94738987416	4571.37760831225	2763.58704367318	3372.11615757138	3568.95454061219	3025.5565776626
436	108913.273414095	112616.077267441	99511.5218489859	80362.9632576528	65300.3429808535	60713.184271446	61510.5613635772	63289.9918207381	61759.9938272361	58284.1395925081	52435.5705592181	44463.9516759075	36397.9575762124	28691.3551634397	32752.1713116144	13341.4469355177	8424.37864384937	4985.42939640968	2856.44342034606	3372.11615757138	3568.95454061219	3025.5565776626
438	108625.155885577	113630.750056518	99838.0423376618	79744.3368180934	65520.0391154319	60879.5190669832	61593.4267363438	63300.3056222035	61627.268194935	58401.5313314547	53080.929327194	45150.6478591436	37118.6339359308	29295.835608637	33260.6395227535	14484.927409031	9020.08697703202	5444.20001716671	3061.32309885773	3372.11615757138	3568.95454061219	3025.5565776626
440	106868.119570776	114520.797607795	98908.1258828804	80387.9895792706	65860.7145868023	60526.3923080237	60680.7814944112	62342.6615544351	61436.5697272664	58758.9230588812	53321.5902730372	45761.8545046914	37790.851118326	29782.6045446362	31779.7179164777	15895.5232800361	9456.11681536574	5867.82053220409	3302.31690137947	3372.11615757138	3568.95454061219	3025.5565776626
442	110110.572976946	113508.042760145	100495.586653142	81358.0190858669	65963.696588589	60133.1207383073	60917.0779905756	62596.2149214118	60984.0646109035	58792.307712491	53588.3878845943	46433.3907601207	38396.8727776064	30306.1252409552	29272.7636646588	18181.8010333465	9891.41043413388	6226.95027814243	3580.49912573527	2431.47381553156	3568.95454061219	3025.5565776626
444	105747.86197204	110897.965523503	101741.804417766	81513.7417695703	66172.1902709858	60132.2484168432	60063.8130933269	61710.1002309006	61057.7988834411	58635.6372071775	54209.7042491112	46759.6502666712	38870.368507891	30656.5072276704	26977.6545333969	20895.0938426514	10504.3986789824	6587.88250004424	3893.24613473778	2466.14933645507	3568.95454061219	3025.5565776626
446	107673.069179388	111562.017246683	100703.457488341	81908.2371865558	66070.0785433584	59817.9189296615	59711.7789219187	61387.4597602627	60684.1645058987	58547.7642942367	54031.4880816783	46931.2028591458	39137.3769231462	31266.8736163408	25237.6994453211	24059.8079780487	10935.9105127292	6974.39793914623	4259.11909028354	2593.94055449355	3568.95454061219	3025.5565776626
448	105974.336442386	112506.045494361	99643.4771013642	81728.9919377185	66315.9538367005	59528.2615410104	59288.8957162177	60527.1516677512	60391.104962154	58377.9529354019	54464.056925315	47261.927583304	39788.0599645576	31840.175347464	24622.304253038	26605.0905347181	11604.8514860385	7428.4794217517	4535.62084464879	2722.33491865983	3568.95454061219	3025.5565776626
450	105585.626433779	111805.646853002	100113.902199916	80932.5963069717	66239.3929286177	59132.751978149	58583.945024758	60163.3854466277	59718.3596814363	58351.0014876981	54491.07511537	47315.5984654253	40058.8610245509	32178.9718297638	24477.1498616106	28028.2545743749	12397.3103129813	7824.6701094583	4935.1003687767	2935.67538748153	3568.95454061219	3025.5565776626
452	105317.180918565	110484.030505002	99527.3659561247	81243.6901476689	66250.1619658451	59047.1455816465	57960.8749238848	59799.8687441834	59457.2007317821	58177.5091261974	54381.5779763913	47648.5629362848	40415.9553407156	32697.0907088224	24749.4893863988	27751.0983259953	13388.2423693489	8274.27077220284	5304.1356199313	3176.72744465081	2266.42323491557	3025.5565776626
454	102044.799822247	109530.680172723	99160.4948800343	81613.0009307011	66633.9025219038	59068.303666213	57742.90478669	58810.0448915587	58862.2253047093	57540.2080902434	54185.2267012648	47448.6290738719	40482.0939283564	33030.7761283058	25141.9643896425	26224.9832904161	15073.2627688902	8733.29889276684	5618.56038173625	3432.2896478554	2220.66907626671	3025.5565776626
456	100961.642501547	109677.778758318	99597.1929832376	81460.9100922614	66116.8002574564	58181.9875212563	56883.8200012946	58270.0079791392	58530.2180806981	57241.5388765214	53749.2821348421	47595.5824153545	40779.1152053403	33291.5939754387	25384.1525433892	24166.6389750255	17303.1218714526	9062.71513912065	5907.89741880988	3699.1578003506	2368.84162587104	3025.5565776626
458	101207.95869923	108495.867402514	99404.6044684555	81334.3107598675	66494.4364322491	57904.7458337989	56324.0398296366	57666.983190403	57885.67236097	57133.8559954785	53848.8417156613	47842.9985052418	40985.2519820825	33507.4157478242	25925.9062374238	22193.5176351507	19809.9003050547	9442.07639652995	6316.21681649021	3974.41889651394	2491.64818593442	3025.5565776626
460	101930.911944451	108130.99356623	98212.2172884666	81053.5064162805	66759.8844074531	57634.8147053431	55928.9155449519	57161.8404527809	56938.0634744072	56276.1854512877	53436.6705459748	47589.0429717615	40950.0823269534	33878.1136023835	26083.0351323591	20982.4025205032	22110.2630196488	9841.12864666901	6689.74792249555	4341.8039627302	2654.27088683243	3025.5565776626
462	101930.911944451	107361.701212462	96988.4579188952	81077.0635575258	66601.7195457709	56604.3588915446	55222.8562267069	55809.6417018497	56459.0297354146	55806.9781519668	53056.2834875505	47479.8538538427	40726.4764578306	34216.7773231797	26469.248147222	20458.8884538451	23485.3102259164	10459.7131034013	7015.46905834998	4600.1934385762	2843.41524687541	2098.06105840632
464	101930.911944451	105458.912310792	97394.8575079765	80535.4137252207	65745.9430096381	56838.5450234101	54373.0855428581	55204.1462436064	55464.6533566606	55036.2746675616	52550.2626160964	47096.2012961995	40906.4291158699	34180.7249774861	26607.1165014918	20376.6116821084	23673.4027330579	11206.9730362043	7284.61305924961	4899.03109155382	3066.5766070423	2137.1247397382
466	101930.911944451	104848.37014954	96536.6579653529	80677.1971910963	65169.7721628156	56277.3474978879	53890.0594944191	54432.8786219015	54728.5041802156	54861.3053887447	52106.6584079781	46742.4585681355	40609.8178250605	34165.4693050645	26691.0449746997	20545.9496264062	23007.7586557781	12180.5223540245	7611.7401304897	5114.55400733863	3273.70202303776	2214.10615272493
468	101930.911944451	103227.747219788	95158.8271722319	80372.9415423518	65163.4718562377	55933.6195981036	53239.2949507072	53772.0766244482	54139.3738494364	54067.7318215817	51414.7241134711	46786.7839662797	40938.7519378328	34452.8956833307	26990.4378736448	20744.654076858	21110.405545418	13747.2629850017	7940.43437436531	5442.85314273518	3529.81198830341	2337.75750169516
470	101930.911944451	103717.492023276	95202.5385129065	79607.8591145762	64337.3323916966	55167.1006231617	52644.9776171859	52898.000587475	53357.954021213	53342.0774662792	51141.2279030935	45927.3982657698	40397.0655321305	34468.2654252023	27188.7876424962	20965.9466488057	19581.8194426799	15526.1253600247	8162.30597329351	5650.57948814299	3707.65116027059	2463.84969391641
472	101930.911944451	101005.315205043	94018.6798531685	79234.5599374238	63630.8580425376	54678.5331953041	51810.3172701123	52315.3585429323	52624.2317592042	52558.9170989704	50304.1454294237	45784.7840567502	40453.0647986779	34306.492761354	27373.3448810558	21029.3147793928	18078.48325051	17567.9222846061	8528.75008194085	5916.93930578356	3957.41441432606	2643.49094395679
474	101930.911944451	99579.5611940395	92952.7442695693	78718.6752257663	63129.8270529599	54367.0364072338	51077.2919186845	51585.1823431676	51540.2834430693	51649.1706500098	49843.8908498638	45361.3004122289	40054.7708906517	34089.0838007833	27415.9211433131	21280.5186164837	17339.2439778924	19165.32772388	8772.738097883	6180.58777124907	4195.14211153009	2776.15252297499
476	101930.911944451	97817.7053346896	91520.8707175768	78414.2482943543	63114.8492559951	53546.6639521301	50663.7832159971	50160.5189723465	50645.409682343	50819.0605371639	49442.4174454017	44876.1306312776	39712.0046077052	34083.4888181248	27102.4141584803	21341.8056382246	16930.4107368422	20074.6715027343	9354.3362614025	6370.13995450538	4471.53282145467	2934.34275395117
478	101930.911944451	99108.7724458316	90625.493179588	76754.3416442688	62096.1828091786	53290.2875215189	49952.5066702239	49636.078746541	49765.8145760029	49761.7006881337	47946.0542576867	44207.3244498914	39202.4177517796	33906.8725443748	27296.526988075	21481.0560188168	16839.2942468593	19927.831339728	9889.12758171792	6748.73193540489	4643.55888168988	3161.08540395646
480	101930.911944451	97309.6701991284	90471.9685541606	76339.7620382857	61528.7213976369	52943.1404715561	49219.0670446435	48981.0052835051	48968.9524421155	49087.5380482967	47796.5920766916	43704.7179578182	39206.0998948207	33790.0129797911	27309.9961841102	21596.45418297	17059.4238197312	18790.0034800103	10887.1678388905	6900.84526458969	4882.35348728501	3333.12676005012
482	101930.911944451	97309.6701991284	89070.5278068135	76229.9977940749	60893.7439438268	52116.7714953609	48411.3125557712	47984.1024930597	47825.9402047875	48102.2721614793	46946.9456726839	43208.8108624055	38693.4274489585	33562.2932604695	27411.4994686284	21466.2959581808	17084.38180802	17298.1469802611	12277.8060665736	6979.16276141151	5079.30615542989	3555.3922873569
484	101930.911944451	97309.6701991284	87327.6982982559	75216.6825790384	60399.4036832678	51268.2123029885	47696.0712630455	46967.382395881	47308.8058624387	47162.6019173632	46158.896381416	42444.340923186	37958.0406982249	33216.8628083777	27170.5704802497	21552.8948395801	17164.107420985	15690.5945277957	13745.0201821628	7267.52784058665	5232.86179664386	3732.02890942883
486	101930.911944451	97309.6701991284	86170.3515098023	74166.4603297147	59004.1990212895	50967.1877618966	46904.7069974467	45993.2468781131	46034.5977471045	46407.6147874629	45231.9530035734	41677.0874442156	37783.4797668722	32846.6269288911	26937.1704495979	21449.2035680819	17162.2343069911	14688.2603550078	15189.7834575113	7412.05686987599	5453.33683339575	3928.26589855048
488	101930.911944451	97309.6701991284	84423.196965022	72920.7967740004	58942.8966116929	49823.0826191914	46065.3556860993	45133.1983849095	45058.3710925154	45468.7361968188	44056.0825069859	40871.4660178118	36980.9784269654	32564.3630540807	26885.9492448958	21399.894537057	17304.1239090078	13994.0792214326	16341.2016792991	7808.90989206315	5572.02198718402	4079.37429405189
490	101930.911944451	97309.6701991284	84156.0252962466	72680.974099693	57808.6893605209	49045.2869468842	45098.3423352392	44212.9110626791	44148.2144924546	44633.6497222775	43296.8534080405	40707.7313147262	36805.0773934961	32374.5395359331	26601.9170057114	21489.992295783	17164.8581577484	13830.7823050306	16917.4881231608	8160.52970150897	5755.94134438209	4199.34352816639
492	101930.911944451	97309.6701991284	82152.7430677478	71262.6280997835	57689.2651421792	48868.8803636759	44689.1218012772	43398.9323442903	43296.4053924916	43733.1660902596	42656.1293262164	39566.0278830511	36224.2092908996	31992.4995428006	26401.6575806478	21262.5054584545	17352.0310264881	13687.5806560623	16610.3278629388	8682.67740170016	5910.45509226761	4307.97473503617
494	101930.911944451	97309.6701991284	80793.9888473159	70627.5886569785	56875.4322928547	47932.3254573255	43765.1193533081	42441.7204220837	42218.0970321099	42755.2651525993	41974.7037390065	39211.7780306643	35672.6753354618	31509.2878519671	26173.7102690175	21073.2728963153	17076.6529312145	13582.4338495873	15421.6244615338	9432.66355203062	6076.70271290786	4536.43629282788
496	101930.911944451	97309.6701991284	78850.4726523307	68948.656772629	55944.3480409637	47339.7446846606	43226.7856900775	41971.6836698115	41390.8164518656	41458.6866648906	40800.8294488511	38123.8286796481	35104.7627291141	31123.5643900457	25956.4821464003	21119.2661614498	17192.2185386243	13765.2987783362	14190.6976050857	10387.7221153413	6194.80714513682	4641.76933043429
498	101930.911944451	97309.6701991284	78938.1915819113	67730.3418686425	54553.8139640639	46305.0906814547	42173.230516092	40919.4037990325	40378.1096860591	40846.7922249785	40040.7976187835	37461.9667637688	34354.1410361457	30567.491033102	25609.6882699044	20965.2945955817	16981.6426787077	13718.5060954015	12918.0047890877	11587.4134293772	6316.75534702702	4748.58441492615
500	74636.5342051787	97309.6701991284	76616.3223439292	67280.8457925896	54485.1523044727	45956.5063741943	41261.3879042606	39993.1251168979	39568.5832879305	39917.2255377632	38999.017885004	36807.2496998954	33713.4241952978	30353.1337922994	25337.0442342362	20831.8039915262	16891.5006674216	13755.93932422	11881.9852312509	12767.363946179	6462.98397443403	4942.26398366976
502	72636.4377508612	97309.6701991284	76616.3223439292	66446.5712046201	53457.5079926631	45125.5318992867	40643.323362638	39039.4522913119	38631.4004603034	39053.3407972574	38417.0954982291	35882.4944495812	33040.290525822	29835.7945216005	25005.6328871796	20604.6457461744	16943.1388518118	13571.6911800773	11473.6564575867	13600.677957068	6617.94129793064	4968.73435406173
504	70458.5229286071	97309.6701991284	76616.3223439292	64375.639886066	52253.5284243906	44410.3581859237	39799.9243823004	38287.7553601467	37942.7850892028	38301.8100902146	37298.4839734269	35437.316794224	32585.0584183088	29344.7457704413	24648.412295705	20457.3433251702	16718.6710074283	13597.4702823993	11183.3430640594	14030.1341530261	6940.82738119043	5181.12296994541
506	69383.5570800728	97309.6701991284	76616.3223439292	63822.6083465865	51940.2804373955	43903.989493578	39025.8320652543	37369.602229989	36941.5426820388	37154.5947438198	36746.8859317453	34726.4842699957	32061.6653290806	28758.1042682114	24549.8038231826	20076.5800725856	16647.7295680709	13484.5236452325	11035.8218133057	13759.1329153293	7386.39471436291	5208.9176941477
508	68423.4344871269	97309.6701991284	76616.3223439292	62962.9349860925	51291.0490348147	43151.9993231291	38546.6170534012	36634.1349397584	36228.6720741234	36527.5590734312	35792.6330153706	33729.1653507381	31526.8402162178	28364.2297940329	24075.7632120996	19885.6214770501	16394.7591421217	13407.8669543106	10927.2519454742	12864.5027218853	7907.67065738803	5297.13964750729
510	67513.4780173607	97309.6701991284	76616.3223439292	61230.281558971	49712.7781867144	42107.0517203831	37597.2320188308	35751.2152708779	35337.551142053	35340.7756729491	34807.4075768904	33080.2514524887	30804.1874508408	27881.9002832915	23603.7226873274	19705.059391028	16345.2676783483	13301.9035064297	10944.8984461012	11824.3448012718	8696.92674685018	5321.56547898754
512	69622.6352663542	97309.6701991284	76616.3223439292	60100.2136407641	48820.0054890813	41485.4552560504	36821.3675095965	35095.373240922	34618.7505912774	34429.4515598856	34290.8260761192	32603.9265688316	30417.2507327191	27261.8385524687	23205.7678082096	19470.5268472708	16246.4699669622	13262.7812252235	10876.4981664626	10697.3632396469	9684.49541999755	5410.71363528712
514	72949.7226702501	97309.6701991284	76616.3223439292	58878.2015913687	47904.0381839226	40810.7394165662	36224.3275257019	34241.5060598069	33449.3230062683	33775.0167292411	33469.5392628971	31808.8887233494	29720.3307618756	26946.423397603	22839.7626135081	19155.5988491554	16126.8121018181	13190.1418204184	10914.2701343554	9898.90508105942	10566.5265380926	5579.0513904836
516	77414.0025819229	97309.6701991284	76616.3223439292	57779.6031949593	47475.0152810739	40098.0991569372	35470.5764630275	33368.3581081086	32649.1244055614	32975.6008061668	32421.7356159372	30974.3000319366	28918.6321699874	26123.1977047431	22645.3605956808	19026.633264175	15708.3163418804	13122.8040644248	10749.887295499	9190.94374051111	11266.7694520055	5654.64649917047
518	85455.3748808962	97309.6701991284	76616.3223439292	56613.6994776386	46578.1371747042	39451.7409825104	34734.6703951692	32818.8759202273	32015.9104513907	32230.1677083694	31737.231690713	30353.6522814666	28288.2706047512	25991.7607700239	21957.3461411243	18691.5627752932	15673.8266281873	12805.5294389227	10795.4070263982	8984.45407353218	11542.3683370286	5862.75556314193
520	90240.7513003155	66720.6274588079	76616.3223439292	55730.3828101054	45757.3130906849	38376.4666080613	34145.5121668838	32058.8308158025	31160.731070301	31531.381396749	31105.5355271317	29673.0489879864	27751.4569307852	25434.5168513584	21714.9682488319	18302.5591237761	15600.587612375	12897.799514113	10558.0704053828	8767.58536942045	11240.1998411128	6268.81509316778
522	98140.6038573323	66845.6068865783	76616.3223439292	55730.3828101054	44619.3124754374	37924.2407733552	33228.9908731937	31150.1418472969	30663.0009042885	30481.306122459	30382.439050981	28745.7798991978	27068.0026352681	24687.3884332431	21395.3837808766	18240.4888418531	15214.6519509831	12848.1657331223	10609.7637071532	8729.57108566977	10609.5154333325	6683.90410256179
524	104309.210572964	65075.5451227405	76616.3223439292	55730.3828101054	44180.5393371226	37087.4041377763	32434.5406794366	30722.1349897174	29774.448125257	29537.9327690732	29510.6675017633	28098.3553145146	26492.5284972898	24159.8416772863	20991.5196757116	17885.4967395722	15096.6685492195	12574.2472753372	10300.7804724733	8667.71036994414	9749.34563949962	7478.17719884078
526	107457.744590208	63611.361320509	76616.3223439292	55730.3828101054	43153.722825175	36030.3744502445	32057.5768723109	29942.2033418106	29186.7835439275	29292.6849204862	28850.6615348641	27533.4663053132	26178.8372879683	23925.4415805027	20606.1511406504	17414.2057491661	14843.472813275	12395.673324301	10319.1702132834	8626.871478373	8641.88186861538	8198.86773227491
528	104779.694941418	60752.6584946405	76616.3223439292	55730.3828101054	42690.4465960722	35210.7777918046	31161.6052565485	29188.8976958946	28592.4450007866	28258.3330263445	27999.6749050189	26838.0095181089	25475.2658161386	23111.4206900863	20229.1692123752	17122.6313338675	14638.6717907299	12153.6456494444	10274.6459300461	8510.91345583182	8050.84364103913	8823.97179177944
530	95742.7522970172	61266.3983482569	76616.3223439292	55730.3828101054	41265.7238131996	34664.1149463371	30392.7423669728	28273.1581769034	27642.7058662087	27500.5858867131	27389.8605328649	26087.8133319984	24699.9466330451	22745.0528641018	19701.8844772465	16836.5252915827	14385.5357697143	12169.1509626937	10108.1457569041	8428.18864227453	7558.25897022018	9311.19311898619
532	85264.362448058	58918.548416094	76616.3223439292	55730.3828101054	40459.060285067	33864.233412689	30071.3627943044	27833.2768334015	26827.5070243556	26768.5584625897	26529.5366218118	25455.4347505188	24072.5784733005	22289.1301188844	19222.0711753994	16622.3419287136	14184.1217531311	11960.520417348	9994.6339009273	8364.92923905153	7030.38576449979	9471.98123401208
534	72762.5080457054	61303.1888362916	76616.3223439292	55730.3828101054	39614.1556860689	32998.4185821979	29048.4536059751	27169.2053590497	26268.9874212254	26190.1561372922	25810.628615245	24845.7298367436	23485.8038099893	21662.9583867299	19067.0247060087	16124.1230734508	13794.6489284735	11798.863544166	9862.10589835484	8178.36031018152	6961.04474309841	9233.55244224776
536	65476.3736927769	66602.3568220664	76616.3223439292	55730.3828101054	38929.0336685103	32335.9510766783	28373.4977056556	26485.6996093269	25597.5511107652	25512.2682140906	25053.7516227105	23950.8978796082	22866.6800663673	21157.8246780358	18445.871224191	15753.5181499454	13554.9207211277	11581.1814332785	9719.33740469356	8111.19534364152	6873.39302884148	8654.73650587721
538	53874.4554333928	73485.3727056516	76616.3223439292	55730.3828101054	37928.8868025388	31749.383178813	27657.9967526843	25712.4346739788	24789.1256976561	24830.5675434748	24550.3565651479	23566.9067835109	22170.9793717427	20750.0926861391	18046.7849569275	15437.7830370086	13399.7881841414	11202.5071583927	9578.63465594052	7948.9058037543	6846.60430161299	7838.770846205
540	49848.8094822597	82118.0151525464	51930.5309960628	55730.3828101054	36850.4253703661	31036.3062380609	27136.402500584	24860.1077192377	23947.8311116881	23845.5279645364	23978.785916964	22741.5378726396	21868.8467109182	20065.0300758309	17648.9811535528	15114.7474773113	13014.0830449483	11122.0682615467	9463.8039646567	7906.15678957725	6640.59569864055	6930.27022602471
542	46154.7547734017	93754.7733808316	50271.527028205	55730.3828101054	36850.4253703661	30178.0901242427	26275.005431047	24467.5759817703	23325.5733343205	23435.3795636088	23206.3432308498	22262.5035338263	21249.3638525116	19572.7893568601	17160.7596193636	14816.5960007943	12773.8949027485	10939.8688016755	9286.484408472	7850.09704071987	6601.16761410882	6325.79578401904
544	43603.8795661074	102885.290872405	48736.007129518	55730.3828101054	36850.4253703661	29291.3990577262	25901.36825669	23777.7180810769	22627.7748707901	22624.1824338593	22342.3796276236	21724.1684559061	20761.9790196145	19138.8270291517	16920.0262701939	14417.0664993741	12418.1878018331	10697.4820133188	9001.39410435853	7829.70214066372	6464.45029655789	5929.49256786999
546	42828.4705267971	111935.996619566	47707.1592677052	55730.3828101054	36850.4253703661	28822.8007617365	25133.5720973335	23097.5735261593	22195.0620472315	22241.2202718984	21802.2249388115	21181.5726923571	19900.1359264639	18628.4093884906	16434.8975645013	14156.0603292931	12215.4492503864	10523.4879144172	8992.8528363835	7670.97007560927	6467.79705562344	5510.4543267941
548	42664.4063697007	117562.445962016	46079.6959149584	55730.3828101054	36850.4253703661	28240.9142282164	24712.7047233768	22702.4666020261	21696.144148235	21591.8958396035	21246.4232864363	20523.0954353817	19442.7666577526	18146.2215252411	15834.0632597133	13838.0650095902	12045.3568929087	10210.4382721924	8851.07725692276	7438.32210558212	6175.46201966939	5347.13858384319
550	40594.216607485	116106.808054315	45404.8549105074	55730.3828101054	36850.4253703661	27213.2669189038	23650.1577730002	21902.3063902256	21009.9562669473	20717.3130910249	20448.9014554476	19797.4449438192	18767.6173230089	17747.3980802555	15566.2211334323	13413.581240363	11700.1765301754	10157.1261993238	8672.49665989789	7411.19013735342	6159.92264677336	5150.76139087816
552	38933.0528085952	107555.276551188	43774.7954024167	55730.3828101054	36850.4253703661	26675.2021469172	23670.0347118707	21489.3875681896	20266.8198544326	20400.3843882614	20157.6022242443	19290.4976322245	18519.4686011472	17349.2865657346	15069.0088154738	13065.5913743197	11449.0322734852	9854.0820574665	8379.14594459656	7241.05660740732	5988.15439571882	5137.17573048319
554	40202.4803989974	97168.8299603502	43517.4265733389	55730.3828101054	36850.4253703661	25909.7464434919	22685.5072052211	21005.7490738121	19849.9743233613	19618.9660636148	19455.3933547523	18719.4986696921	17964.4712731095	16850.9087595129	14742.1043614433	12790.8532399941	11222.3646188135	9813.78826968922	8234.95034398545	7047.07700248543	5894.92822114364	5147.6285968579
556	36777.1469440265	84114.1198614734	45030.3587335486	55730.3828101054	36850.4253703661	25992.7711580361	21966.0043179433	20213.333829829	19244.5839207419	19080.5968434446	18685.5312952767	18291.9375358233	17381.6334051677	16196.5887959246	14361.0211841314	12477.8432030988	10893.9652065692	9335.94998335917	8138.50352449367	6937.03963607256	5776.45819461768	4993.71038488792
558	36010.4098404305	70382.3172487259	48169.0929400856	55730.3828101054	36850.4253703661	24825.2744918572	21872.9099847388	19883.7928216546	18729.8844074276	18546.0334531548	18158.1218352733	17540.8112507267	16886.8256117623	15836.892675453	14016.6752682895	12221.6690851149	10605.0166159817	9152.10806260015	7834.57899209976	6683.22775893706	5719.36615619531	4907.75627275185
560	35016.2325126027	56041.0692746052	54009.4470913503	38190.9335854942	36850.4253703661	24423.9915221269	21018.5260220944	19060.2842319159	18104.1573523296	17941.0545800525	17889.7754496147	17274.721177396	16557.5824491849	15334.3604274337	13635.6483430213	11960.2799837771	10401.3936316354	9020.11274318383	7702.79475883602	6653.18586361226	5632.54261854483	4783.15241932225
562	34785.2478070453	47824.8987164922	62553.1531195579	36667.8965968472	36850.4253703661	24423.9915221269	20507.065831945	18394.3153740786	17740.4323316975	17645.6245082635	17453.6465859523	16784.5912015113	16049.2358519837	14997.0908301832	13033.813704455	11447.5139267944	10208.2098160644	8834.48868504904	7553.33616180279	6513.90655285216	5517.76262726066	4733.41284187103
564	32731.6273460848	41210.8810487763	74245.4287838158	36505.3647219754	36850.4253703661	24423.9915221269	19931.368076017	18213.4865234933	17304.9684168308	16935.6705820641	16814.2176796567	16187.9457970291	15599.4216411293	14448.3973263333	12857.394987012	11262.6057581993	9804.28528762042	8699.34259785635	7441.72019192101	6323.68173544171	5510.89634981874	4622.48360722491
566	30396.1737534652	38698.8823446734	86319.2519163073	34843.460056456	36850.4253703661	24423.9915221269	19259.3537536893	17676.3160308953	16802.0403993989	16442.1516304075	16369.9450634713	15883.5373658566	15037.0064250693	14099.4154016646	12513.4988425497	10966.3570673171	9664.79799251669	8308.39430630173	7213.31540830615	6206.26291870693	5252.16190360675	4665.84342857046
568	32888.3324730378	36289.5496266767	99613.6015755694	33724.8780661044	36850.4253703661	24423.9915221269	18839.8422631052	17095.0922492916	15990.2972979389	16057.3644847634	15698.9599889593	15056.9990730404	14464.3623029492	13621.7569286079	11994.8470480547	10707.6065112137	9349.28884620174	8111.79781175025	6963.4896903187	6000.11009407377	5196.47578777038	4391.87424339424
570	30426.0400719057	35229.1726779079	108328.60212166	33461.5543053348	36850.4253703661	24423.9915221269	18543.2590021913	16711.5126053372	15714.7929355126	15407.7030688249	15166.0618154831	14615.387865643	14146.8841147652	13196.1983215113	11638.5055502549	10417.9580870458	9097.50452717976	7919.53725372555	6901.56887112072	5896.03343984372	4994.77741212088	4353.98252334167
572	29750.4732297352	33724.9824685372	115130.526738009	33302.6659005482	36850.4253703661	24423.9915221269	17960.2412023294	16078.6924638543	15211.8940882015	14919.9759540026	14679.8108062307	14308.1611462122	13731.1703318517	12858.0066147432	11455.716795977	9978.43877227285	8927.45107225966	7760.16466437662	6788.2921712655	5801.04945801475	5020.75981044164	4215.42253145651
574	30994.7750559491	34369.6970106825	110957.052962683	32624.7954081187	36850.4253703661	24423.9915221269	17594.6272379185	15940.3587771834	14952.3650072939	14668.4266382651	14355.7797986643	13826.5244463584	13141.6130160905	12309.0672624554	11113.3729770023	9815.23262023523	8601.14896513709	7396.04010109601	6527.36426851579	5568.5552213716	4805.10904237952	4111.06941982776
576	30750.2342689805	34459.4896656721	103457.634900302	32680.6874963609	36850.4253703661	24423.9915221269	16960.0332968537	15258.6921707557	14577.1725125527	14179.3307865788	13925.6349259302	13322.6376781003	12858.3287626038	11981.2145896589	10644.0146785499	9549.61855412583	8361.74272329553	7370.42992250022	6282.12622168236	5628.98399556685	4673.27805096876	4085.92072464529
578	30868.3349568459	34963.1106537591	92391.0891474855	33157.2727291417	36850.4253703661	24423.9915221269	16690.7096814442	14873.645666614	14099.6991305412	13811.9991156563	13387.1915334303	13007.3521805802	12537.3699428677	11559.008438213	10579.1342623251	9263.01284195856	8128.94894938948	7146.13254510546	6213.53039379658	5369.40808761468	4566.66766699585	3934.80435054688
580	31418.1696273802	35310.1177078088	78533.5015113624	34284.164271489	28255.6070571588	24423.9915221269	16189.6478950754	14497.3614715517	13782.1395667389	13343.3556891334	13146.8559757797	12402.4249254461	12118.8526168271	11423.5515498994	10113.7172143175	9021.04952018084	7898.66726026011	7092.46928815513	6131.4915559288	5236.27168942899	4581.93079975189	3887.9279941527
582	35015.5934227322	35523.5714978922	63817.4719819173	37143.4825973554	27744.5631270433	24423.9915221269	16189.6478950754	14065.9729597024	13018.5341689897	12837.078492053	12593.0417448139	12160.0225425082	11843.4623539029	10999.7620701953	9795.65123499127	8648.05507847764	7786.64651714358	6758.19858112024	5907.99453544885	5119.6213800393	4403.51477231687	3764.87592124716
584	32187.5537732524	35373.2372793653	52254.4734512476	42936.5837657741	27911.822693701	24423.9915221269	16189.6478950754	13709.9934653257	12718.4651704128	12470.7571128257	12096.4006726607	11679.4114062536	11382.0477990143	10625.1641512955	9455.87184480034	8386.34843638948	7457.04232532378	6594.49690275584	5682.72503760939	4962.69394495111	4251.58674820856	3760.53790590935
586	31913.5735274705	35322.7577822449	43807.5566036416	52500.6442774193	27019.0941748168	24423.9915221269	16189.6478950754	13505.18640388	12395.4730882349	12221.3918851329	11938.8450369402	11601.695838187	10795.4923431926	10363.3208198211	9358.51417546419	8174.01731135518	7275.52523867714	6355.78610580499	5646.40761802606	4799.63330808839	4189.20791309105	3611.67816759866
588	30851.8096139209	34097.1012501483	36955.0057018908	63803.0047170605	27044.5720124354	24423.9915221269	16189.6478950754	12913.2035166333	12028.5570161559	11692.0144124654	11557.8413869081	11132.6119810496	10542.1142054009	9927.58876380427	8922.99231329493	7875.31833558678	7111.96137361745	6214.11798180659	5459.80626177696	4720.21797788451	4031.99589982611	3511.43813025335
590	30967.9852077334	34261.6004911205	33687.3143475454	78086.3169163937	27184.9192682456	24423.9915221269	16189.6478950754	12516.3252846549	11315.8159115244	11520.5720227831	11123.7845725554	10599.8272701033	10356.5961958636	9685.71063228534	8696.88766499977	7709.43477874308	6887.38030348939	6184.71024930876	5295.70823315347	4505.93963066202	3965.70674471714	3392.60017932163
592	31561.7078794973	32461.3611319251	31951.3047228685	90625.3484461469	26989.2758411405	24423.9915221269	16189.6478950754	12340.3476421588	11255.7615783686	11064.8274522864	10709.9566933709	10224.1039324373	9976.04241530279	9215.9867350759	8373.34099651021	7448.93433993139	6730.94107198791	5931.42217165994	5148.86949281361	4431.46434973784	3834.06257487264	3361.6261328321
594	31850.870435651	33561.1286979739	31196.5524841629	100759.418861698	27154.1412950938	24423.9915221269	16189.6478950754	11924.5638948412	10935.937544608	10851.9538192946	10361.6314525025	10092.7397452353	9726.4114767567	9041.29233985993	8014.69959106589	7317.32062114884	6440.26278452504	5615.23932665002	5006.66321247923	4249.6641708104	3736.39058059303	3243.89525924904
596	30440.395713684	31673.9780534487	31090.9575751149	107945.585498085	26636.3019389275	24423.9915221269	16189.6478950754	11348.8110586774	10714.3507615973	10253.0548860209	10004.6859000801	9533.71210430194	9361.95885735341	8674.53691088548	7789.91937761796	6979.46883064341	6219.68764741466	5441.45950782198	4868.49725731656	4242.34297711142	3592.39322993739	3164.42198883808
598	30196.2050774308	33043.6771317976	30813.2922325293	108618.494870239	26660.6446241692	24423.9915221269	16189.6478950754	11244.969518761	10313.8361606742	10141.5053832785	9761.88712533404	9326.03806990941	8946.68530427143	8515.96855973142	7586.95453744022	6818.05479983017	5975.45508654667	5408.46577894708	4606.91340389838	3953.251683734	3590.35941514275	3070.15231939209
600	33349.5527999294	32726.0685625291	30781.0144629305	102287.627893135	27360.5810782098	20517.1437384921	16189.6478950754	10801.4691702253	10104.8411200207	9657.63619537752	9326.07245694388	9049.9546655812	8674.72337628866	8239.94064795464	7335.71139595454	6496.43795048247	5972.49175289505	5142.1983719905	4544.85224769498	4081.85496456723	3403.81237146492	3005.50573597589
