Wavelength	240	250	260	270	280	290	300	310	320	330	340	350	360	370	380	390	400	410	420	430	440	450
nm	CPS / MicroAmps	CPS / MicroAmps	CPS / MicroAmps	CPS / MicroAmps	CPS / MicroAmps	CPS / MicroAmps	CPS / MicroAmps	CPS / MicroAmps	CPS / MicroAmps	CPS / MicroAmps	CPS / MicroAmps	CPS / MicroAmps	CPS / MicroAmps	CPS / MicroAmps	CPS / MicroAmps	CPS / MicroAmps	CPS / MicroAmps	CPS / MicroAmps	CPS / MicroAmps	CPS / MicroAmps	CPS / MicroAmps	CPS / MicroAmps
300	8388.15402243568	7117.08317444823	6718.44900195752	135194.126147464	14688.2941824635	9839.87553132587	484120.835825167	5508.21305786673	5392.29051818947	5553.62609194818	4657.05416339168	3961.58234682547	3551.43940488507	3455.85444879601	3903.77591121696	3945.30140903324	3275.51502435009	3011.81878571351	2990.69780695055	3259.05442443324	3282.77415490412	2891.77456917896
302	9613.42566322726	6850.12200955735	6915.10700772957	91469.3912578117	30378.0729283554	7842.6750752771	7150.51728856775	5508.21305786673	5392.29051818947	5553.62609194818	4657.05416339168	3961.58234682547	3551.43940488507	3455.85444879601	3903.77591121696	3945.30140903324	3275.51502435009	3011.81878571351	2990.69780695055	3259.05442443324	3282.77415490412	2891.77456917896
304	9543.33309159764	6557.71334908955	6607.35291662178	49706.0212529679	57932.0441524924	7253.1453364704	7150.51728856775	5508.21305786673	5392.29051818947	5553.62609194818	4657.05416339168	3961.58234682547	3551.43940488507	3455.85444879601	3903.77591121696	3945.30140903324	3275.51502435009	3011.81878571351	2990.69780695055	3259.05442443324	3282.77415490412	2891.77456917896
306	9287.64824380199	7027.27748591937	6267.18729567336	23017.079297026	94726.7393357019	6837.59464547138	7150.51728856775	5508.21305786673	5392.29051818947	5553.62609194818	4657.05416339168	3961.58234682547	3551.43940488507	3455.85444879601	3903.77591121696	3945.30140903324	3275.51502435009	3011.81878571351	2990.69780695055	3259.05442443324	3282.77415490412	2891.77456917896
308	9333.22978931805	7383.28065235673	6689.23939363111	12252.4304367556	123051.143868548	6728.95801764309	7150.51728856775	5508.21305786673	5392.29051818947	5553.62609194818	4657.05416339168	3961.58234682547	3551.43940488507	3455.85444879601	3903.77591121696	3945.30140903324	3275.51502435009	3011.81878571351	2990.69780695055	3259.05442443324	3282.77415490412	2891.77456917896
310	9659.1524292389	6660.65889015624	6820.56462001162	9009.87427313423	129954.853461755	7803.39587428293	7150.51728856775	5508.21305786673	5392.29051818947	5553.62609194818	4657.05416339168	3961.58234682547	3551.43940488507	3455.85444879601	3903.77591121696	3945.30140903324	3275.51502435009	3011.81878571351	2990.69780695055	3259.05442443324	3282.77415490412	2891.77456917896
312	7530.37062571587	7295.79284245198	7065.51065808369	8486.06108025015	108583.334936457	12934.6246183346	5282.43082195845	5508.21305786673	5392.29051818947	5553.62609194818	4657.05416339168	3961.58234682547	3551.43940488507	3455.85444879601	3903.77591121696	3945.30140903324	3275.51502435009	3011.81878571351	2990.69780695055	3259.05442443324	3282.77415490412	2891.77456917896
314	8073.04128827258	6893.24267493956	7035.91932039558	8405.90731136354	74028.5002850346	26049.0419011025	4835.08699341603	5508.21305786673	5392.29051818947	5553.62609194818	4657.05416339168	3961.58234682547	3551.43940488507	3455.85444879601	3903.77591121696	3945.30140903324	3275.51502435009	3011.81878571351	2990.69780695055	3259.05442443324	3282.77415490412	2891.77456917896
316	8847.80988512706	6603.87267181814	7051.53770441956	7924.80690846591	41130.9926832244	48151.701813377	4478.28696837539	5508.21305786673	5392.29051818947	5553.62609194818	4657.05416339168	3961.58234682547	3551.43940488507	3455.85444879601	3903.77591121696	3945.30140903324	3275.51502435009	3011.81878571351	2990.69780695055	3259.05442443324	3282.77415490412	2891.77456917896
318	7827.07939979415	7098.7269454593	7172.12816175144	7839.96990016422	21721.1984515062	75143.2592484269	4306.63527596099	5508.21305786673	5392.29051818947	5553.62609194818	4657.05416339168	3961.58234682547	3551.43940488507	3455.85444879601	3903.77591121696	3945.30140903324	3275.51502435009	3011.81878571351	2990.69780695055	3259.05442443324	3282.77415490412	2891.77456917896
320	7429.04676200817	6596.23090599096	7357.36747773456	7902.51676305252	12491.7281315151	95948.0523133795	4318.09960751425	5508.21305786673	5392.29051818947	5553.62609194818	4657.05416339168	3961.58234682547	3551.43940488507	3455.85444879601	3903.77591121696	3945.30140903324	3275.51502435009	3011.81878571351	2990.69780695055	3259.05442443324	3282.77415490412	2891.77456917896
322	9016.64141178087	7076.40726542378	7589.37643900727	8890.48461692323	9766.01449226327	98449.9118520939	5365.75200319939	3932.19569868644	5392.29051818947	5553.62609194818	4657.05416339168	3961.58234682547	3551.43940488507	3455.85444879601	3903.77591121696	3945.30140903324	3275.51502435009	3011.81878571351	2990.69780695055	3259.05442443324	3282.77415490412	2891.77456917896
324	8937.58862414669	7050.77581046573	7774.37139424897	8534.63543504034	8939.06058603912	83761.5135497907	8863.13719979487	3737.12970530251	5392.29051818947	5553.62609194818	4657.05416339168	3961.58234682547	3551.43940488507	3455.85444879601	3903.77591121696	3945.30140903324	3275.51502435009	3011.81878571351	2990.69780695055	3259.05442443324	3282.77415490412	2891.77456917896
326	7912.46279230225	7019.16210553067	7224.90737309718	8625.24364900647	9051.62263179516	56946.7405045275	18708.4451250496	3659.83984174313	5392.29051818947	5553.62609194818	4657.05416339168	3961.58234682547	3551.43940488507	3455.85444879601	3903.77591121696	3945.30140903324	3275.51502435009	3011.81878571351	2990.69780695055	3259.05442443324	3282.77415490412	2891.77456917896
328	8532.65649603128	6860.93487926941	7747.68265642952	8684.23764283465	8950.21459845154	33071.3853081746	35502.4654885533	3628.09656833655	5392.29051818947	5553.62609194818	4657.05416339168	3961.58234682547	3551.43940488507	3455.85444879601	3903.77591121696	3945.30140903324	3275.51502435009	3011.81878571351	2990.69780695055	3259.05442443324	3282.77415490412	2891.77456917896
330	8999.05468160517	7235.38650513891	7463.22844740568	8749.85812103519	9123.16389232627	17873.4779690974	57036.2988133988	3435.22014798887	5392.29051818947	5553.62609194818	4657.05416339168	3961.58234682547	3551.43940488507	3455.85444879601	3903.77591121696	3945.30140903324	3275.51502435009	3011.81878571351	2990.69780695055	3259.05442443324	3282.77415490412	2891.77456917896
332	9163.94559519719	7087.52849576329	7889.33705986738	8733.75249412113	8726.01904128135	10525.2175290726	73129.104635831	3549.69982811972	3518.44292864474	5553.62609194818	4657.05416339168	3961.58234682547	3551.43940488507	3455.85444879601	3903.77591121696	3945.30140903324	3275.51502435009	3011.81878571351	2990.69780695055	3259.05442443324	3282.77415490412	2891.77456917896
334	9570.14257229566	7167.32916425435	8120.19575199023	8776.7823966962	8761.04492677231	8443.27966802711	77200.3828615682	4166.82345114578	3300.31866351464	5553.62609194818	4657.05416339168	3961.58234682547	3551.43940488507	3455.85444879601	3903.77591121696	3945.30140903324	3275.51502435009	3011.81878571351	2990.69780695055	3259.05442443324	3282.77415490412	2891.77456917896
336	8667.0419479579	7086.23064559337	7962.43143028907	8803.13824312269	8925.73715225804	7881.3426071117	66302.4080136272	6755.10896626917	3133.3296114594	5553.62609194818	4657.05416339168	3961.58234682547	3551.43940488507	3455.85444879601	3903.77591121696	3945.30140903324	3275.51502435009	3011.81878571351	2990.69780695055	3259.05442443324	3282.77415490412	2891.77456917896
338	9741.42414851946	7563.74195696337	8131.75865559854	8640.91367335653	8949.28297390897	7695.2609719498	46882.8874567454	13154.382268989	3165.75040662896	5553.62609194818	4657.05416339168	3961.58234682547	3551.43940488507	3455.85444879601	3903.77591121696	3945.30140903324	3275.51502435009	3011.81878571351	2990.69780695055	3259.05442443324	3282.77415490412	2891.77456917896
340	10324.3973984471	7984.67207076996	8432.34852943196	8718.43820295561	8768.36994892872	7623.22732406286	27998.411138076	25323.1046588684	3218.55696844627	5553.62609194818	4657.05416339168	3961.58234682547	3551.43940488507	3455.85444879601	3903.77591121696	3945.30140903324	3275.51502435009	3011.81878571351	2990.69780695055	3259.05442443324	3282.77415490412	2891.77456917896
342	9504.14633070575	8228.08401795639	8303.3831625758	8875.1484602423	9117.61671970874	7800.38963802634	15232.0844744064	41729.2260569877	3356.23100939472	3247.21631142599	4657.05416339168	3961.58234682547	3551.43940488507	3455.85444879601	3903.77591121696	3945.30140903324	3275.51502435009	3011.81878571351	2990.69780695055	3259.05442443324	3282.77415490412	2891.77456917896
344	10916.603961798	9004.49915462612	8473.01336662636	8766.0018299326	9096.98410935186	7933.85048042538	9302.74457265135	56046.3617381408	3416.92780124171	3110.69192517302	4657.05416339168	3961.58234682547	3551.43940488507	3455.85444879601	3903.77591121696	3945.30140903324	3275.51502435009	3011.81878571351	2990.69780695055	3259.05442443324	3282.77415490412	2891.77456917896
346	10212.8029237543	8335.47998170038	8731.35314709262	9118.10081063607	9381.51343227794	8263.11747199872	7414.42213853278	61870.9046047304	3996.24868657647	3185.25098492501	4657.05416339168	3961.58234682547	3551.43940488507	3455.85444879601	3903.77591121696	3945.30140903324	3275.51502435009	3011.81878571351	2990.69780695055	3259.05442443324	3282.77415490412	2891.77456917896
348	11988.7868751823	9152.86979931622	9009.93516486889	9053.42650302881	9392.4894829639	8219.65098502325	6960.70347389882	56343.5675801268	5368.58802623405	3351.09868370461	4657.05416339168	3961.58234682547	3551.43940488507	3455.85444879601	3903.77591121696	3945.30140903324	3275.51502435009	3011.81878571351	2990.69780695055	3259.05442443324	3282.77415490412	2891.77456917896
350	11401.80745339	9504.65316937279	9411.68692602363	9244.75901942047	9337.560841937	8383.64964367362	7077.81929431016	42678.0290298853	9644.15503359862	3618.06589364767	4657.05416339168	3961.58234682547	3551.43940488507	3455.85444879601	3903.77591121696	3945.30140903324	3275.51502435009	3011.81878571351	2990.69780695055	3259.05442443324	3282.77415490412	2891.77456917896
352	11118.245010237	9922.84826328044	9743.48259797159	9306.99382377774	9420.82551620259	8770.10412909151	7378.8475201642	27669.7897560276	17796.5758514821	3758.12937089793	3289.44208822096	3961.58234682547	3551.43940488507	3455.85444879601	3903.77591121696	3945.30140903324	3275.51502435009	3011.81878571351	2990.69780695055	3259.05442443324	3282.77415490412	2891.77456917896
354	11520.4519824956	10856.0570350588	10152.5471289186	9533.31320694883	9523.43014065301	9010.94916571491	7539.45959530403	16322.3685905307	29112.7653796057	3985.20710023292	3229.68341151346	3961.58234682547	3551.43940488507	3455.85444879601	3903.77591121696	3945.30140903324	3275.51502435009	3011.81878571351	2990.69780695055	3259.05442443324	3282.77415490412	2891.77456917896
356	13339.7595933134	10944.0067612645	10523.3843567632	10123.5035001205	9525.37991415848	9044.40543508163	7957.86920188683	10675.9942950971	41556.7685420847	4306.68554166721	3429.33169728584	3961.58234682547	3551.43940488507	3455.85444879601	3903.77591121696	3945.30140903324	3275.51502435009	3011.81878571351	2990.69780695055	3259.05442443324	3282.77415490412	2891.77456917896
358	13555.8425320296	11877.6997560402	10633.842217785	9876.21977778355	9667.07001154388	9248.65362718851	8391.78694823302	8606.16220668746	49695.8582171277	4703.25027144067	3626.62844832287	3961.58234682547	3551.43940488507	3455.85444879601	3903.77591121696	3945.30140903324	3275.51502435009	3011.81878571351	2990.69780695055	3259.05442443324	3282.77415490412	2891.77456917896
360	13775.3428183571	12129.8569643552	11323.1232034447	10490.4170937926	9887.37500600819	9831.47410893862	8761.9364918312	8207.75150810351	49007.7332618005	5821.27381082998	3994.030834699	3961.58234682547	3551.43940488507	3455.85444879601	3903.77591121696	3945.30140903324	3275.51502435009	3011.81878571351	2990.69780695055	3259.05442443324	3282.77415490412	2891.77456917896
362	14871.4812714196	12919.9963252917	11956.5035097913	11123.80716951	10091.39744826	10187.5302128479	9202.90367769175	8342.73082901398	41544.3574556715	8292.03837674172	4343.78241335193	3220.66241194322	3551.43940488507	3455.85444879601	3903.77591121696	3945.30140903324	3275.51502435009	3011.81878571351	2990.69780695055	3259.05442443324	3282.77415490412	2891.77456917896
364	14782.0514409439	13350.3696292833	12309.8792904826	11011.7023600192	10413.2262138072	10536.5478706473	9782.26727752661	8899.23097699556	29984.9657059975	13318.3109143269	4524.73562441813	3119.45501494868	3551.43940488507	3455.85444879601	3903.77591121696	3945.30140903324	3275.51502435009	3011.81878571351	2990.69780695055	3259.05442443324	3282.77415490412	2891.77456917896
366	15969.6513587199	13983.8610489891	12656.3491950339	11605.7128589635	10948.0009268915	10806.871757688	10138.2479167648	9379.38680125338	20079.7630692494	21616.802782628	5017.34845385281	3363.7246492102	3551.43940488507	3455.85444879601	3903.77591121696	3945.30140903324	3275.51502435009	3011.81878571351	2990.69780695055	3259.05442443324	3282.77415490412	2891.77456917896
368	16745.372543718	15636.5665616825	13907.3079373154	12397.5937768636	11651.3325661003	11397.6028990757	10834.9445877854	10123.76414939	13784.4683319943	31831.2757429348	5455.29473528009	3733.02482409753	3551.43940488507	3455.85444879601	3903.77591121696	3945.30140903324	3275.51502435009	3011.81878571351	2990.69780695055	3259.05442443324	3282.77415490412	2891.77456917896
370	17858.2384477634	15999.6078768717	14488.4983320054	12864.1317130311	11576.4672431652	11611.5215536547	11485.9827035966	10620.8055719785	11180.4896863012	40507.6328452949	6042.37917686404	4205.32038892381	3551.43940488507	3455.85444879601	3903.77591121696	3945.30140903324	3275.51502435009	3011.81878571351	2990.69780695055	3259.05442443324	3282.77415490412	2891.77456917896
372	19024.3980729084	17357.0119506939	15097.1297508201	13496.1899983099	12341.6372203382	12135.8455807538	12175.8398913066	11308.1445057514	10619.3735739369	43747.3001899858	7001.4867439598	4500.62683015499	3007.65447551587	3455.85444879601	3903.77591121696	3945.30140903324	3275.51502435009	3011.81878571351	2990.69780695055	3259.05442443324	3282.77415490412	2891.77456917896
374	20317.8341959818	18797.9902906657	16099.1666775086	14155.6714507893	12911.4493147458	12974.8463970855	12803.5541574726	12274.9276082675	10942.2917081719	40502.4959974446	8811.42652514257	4922.49333511184	3010.1785018852	3455.85444879601	3903.77591121696	3945.30140903324	3275.51502435009	3011.81878571351	2990.69780695055	3259.05442443324	3282.77415490412	2891.77456917896
376	20403.1116625793	19041.8786363051	17034.0331428869	14534.5768810082	13186.0308201026	13448.2720029098	13428.8638913061	12963.5773701065	11472.8189983398	32651.7233723147	12601.2960426867	5306.4316946536	3191.99924795495	3455.85444879601	3903.77591121696	3945.30140903324	3275.51502435009	3011.81878571351	2990.69780695055	3259.05442443324	3282.77415490412	2891.77456917896
378	20354.3681998036	20365.1399624816	17885.9299158639	15447.5543600664	14021.2947434297	14013.8087193571	14215.7679141365	13627.0386276342	12219.9819171894	24200.0650493614	18717.8992747158	5778.88160336831	3537.53440501789	3455.85444879601	3903.77591121696	3945.30140903324	3275.51502435009	3011.81878571351	2990.69780695055	3259.05442443324	3282.77415490412	2891.77456917896
380	22356.253425349	22231.9227912137	18809.4399024562	16133.2960044432	14781.1236196565	14685.2842827036	14932.4161965247	14338.7673133312	12960.0856642258	17806.1138999564	26927.4630986503	6348.61884895443	4008.09700809437	3455.85444879601	3903.77591121696	3945.30140903324	3275.51502435009	3011.81878571351	2990.69780695055	3259.05442443324	3282.77415490412	2891.77456917896
382	23338.1980878535	23569.4797801913	19545.1064957915	16643.3321723648	15259.1686647742	15341.0037565321	15695.5684354502	15371.5290296608	13884.9178625956	14641.3562442433	34440.7772318084	6946.88510721911	4406.43810202997	2834.01632531579	3903.77591121696	3945.30140903324	3275.51502435009	3011.81878571351	2990.69780695055	3259.05442443324	3282.77415490412	2891.77456917896
384	25807.0481811326	24577.8740752983	21028.0333101855	17618.8202380765	16067.7804995422	15948.0014175088	16450.2369481758	16246.7866190787	14715.711674881	13843.8802293482	38881.5979509105	7813.45719652087	4879.73247933199	2938.84898483812	3903.77591121696	3945.30140903324	3275.51502435009	3011.81878571351	2990.69780695055	3259.05442443324	3282.77415490412	2891.77456917896
386	25841.0578866202	25590.3092146426	21854.9242756974	18512.4468065099	16813.2314806533	16919.1210327306	17291.1658858284	17053.1119916059	15535.798569761	14135.7711200861	38255.3850314644	9451.88115678008	5353.97160980441	3173.44843261024	3903.77591121696	3945.30140903324	3275.51502435009	3011.81878571351	2990.69780695055	3259.05442443324	3282.77415490412	2891.77456917896
388	27336.0232122091	27178.1545421045	22889.8339882361	19676.4665218086	17382.1469403392	17642.0953983121	18240.2623797552	18088.0413042636	16646.3726549641	14788.5762089067	33428.5794513176	12450.4139813908	5960.76414039402	3589.0298970565	3903.77591121696	3945.30140903324	3275.51502435009	3011.81878571351	2990.69780695055	3259.05442443324	3282.77415490412	2891.77456917896
390	29562.7805311782	28530.4889454279	24321.0763434964	20609.8823308783	18202.4951707062	18373.707530925	19402.5853082736	19148.4464995744	17480.9748397706	15495.82022312	26788.5790824522	17392.3269041872	6518.15282452418	3937.61497067431	3903.77591121696	3945.30140903324	3275.51502435009	3011.81878571351	2990.69780695055	3259.05442443324	3282.77415490412	2891.77456917896
392	31748.1317483505	29629.9405692942	25788.1645743717	21514.7644740684	19215.4580816023	19153.9764220309	19770.8146241634	20181.9153248785	18580.5350557856	16565.2013741305	21193.7509754815	24107.586391683	7238.90638699279	4482.29188477004	2875.34275114116	3945.30140903324	3275.51502435009	3011.81878571351	2990.69780695055	3259.05442443324	3282.77415490412	2891.77456917896
394	31299.0028148066	31328.2806165703	26986.1503318852	22511.4758016431	19942.5017253143	19948.0325237436	20874.1590082793	20926.0898728362	19619.6776020999	17496.0616045913	17916.2383553044	30844.0410030619	7903.58514690297	4947.83519020068	2987.8004498999	3945.30140903324	3275.51502435009	3011.81878571351	2990.69780695055	3259.05442443324	3282.77415490412	2891.77456917896
396	33753.9366124501	33386.0567676316	28141.7523359203	23401.2177374323	20539.2542337705	20753.2077397183	21593.6252791304	21857.4412602074	20693.6078103474	18490.5638388739	16912.7212439747	35725.3493799198	8776.39623583668	5524.08114253547	3131.17255479997	3945.30140903324	3275.51502435009	3011.81878571351	2990.69780695055	3259.05442443324	3282.77415490412	2891.77456917896
398	35516.5067293993	34381.88581244	29649.9478222071	24648.5119410848	21610.4694645957	21424.2029124908	22448.7069435518	23002.3493102014	21511.1821628192	19434.6511922942	17170.998681514	36283.8348405206	10068.193626291	6128.12042792845	3464.58046395687	3945.30140903324	3275.51502435009	3011.81878571351	2990.69780695055	3259.05442443324	3282.77415490412	2891.77456917896
400	34887.5943168011	36021.6344075176	30847.8112329693	25788.675751308	22315.106592257	21951.1926465131	23594.6364690129	23730.5443002991	22691.5992542687	20672.5719276193	17830.7209724787	32957.5043190205	12357.8010551832	6779.51955933116	3853.32268864807	3945.30140903324	3275.51502435009	3011.81878571351	2990.69780695055	3259.05442443324	3282.77415490412	2891.77456917896
402	36267.3702568373	37796.1258348626	31676.7770864427	26611.0338799112	23279.1743200727	23221.4279678514	24080.3573410709	24664.2120647595	23404.9021332555	21336.8442564434	18695.7666953158	27846.4328729427	15995.3862831009	7411.58524769281	4335.16600131335	2846.57793323959	3275.51502435009	3011.81878571351	2990.69780695055	3259.05442443324	3282.77415490412	2891.77456917896
404	38836.9188015197	39606.1063259854	32732.1613421023	27162.5934990519	23985.1107573455	24093.5384264864	24948.1138457144	25749.3234703352	24569.9917614997	22477.328166853	19403.6159896066	23255.7150713391	21418.8966513296	8014.68451139482	4960.12450712202	2957.19958777817	3275.51502435009	3011.81878571351	2990.69780695055	3259.05442443324	3282.77415490412	2891.77456917896
406	40653.3193998117	40472.9417878086	34067.5784718394	28494.9584954353	24814.7785324648	24511.6276451732	25733.5526008485	26397.1318333416	25524.7557551643	23287.4763879376	20299.2206352031	20221.4772402234	26909.5992354919	8782.52682408116	5359.90038564546	3129.51623763982	3275.51502435009	3011.81878571351	2990.69780695055	3259.05442443324	3282.77415490412	2891.77456917896
408	41605.2848175829	41331.1624565633	35359.8497426879	29526.1885341964	25443.3702358603	25271.5778499359	26258.7643777101	27169.2409982615	26425.0473019521	24198.4090599392	21395.5268531517	19023.1655429825	31703.7856997872	9594.49879099384	5923.69863065944	3377.49739813542	3275.51502435009	3011.81878571351	2990.69780695055	3259.05442443324	3282.77415490412	2891.77456917896
410	42125.6216590189	42972.7224452645	36694.4537748113	30478.45131061	26411.4425089285	25508.7373500522	26936.891574277	27761.8688572328	27125.5751202868	25063.8460985976	22325.9111523633	19113.772017748	34117.6991883492	10614.8431628073	6453.64969004602	3816.51736264988	3275.51502435009	3011.81878571351	2990.69780695055	3259.05442443324	3282.77415490412	2891.77456917896
412	42608.9514234067	44235.7050779799	38001.8572679828	31189.44328069	27009.9030380379	26485.2100030728	27439.7823134596	28408.3061869108	27954.3625854258	26051.0580299207	23221.9741091228	19678.9413276542	32988.4185934877	12205.0776026233	7033.13581823152	4224.63450214272	2716.78757021955	3011.81878571351	2990.69780695055	3259.05442443324	3282.77415490412	2891.77456917896
414	45552.9620277647	44697.5081351314	39124.7106300194	31897.5238584969	27603.9248801533	26750.3761420302	28431.5961102605	29308.92893005	28955.6457323113	27063.6424390022	24100.4731061669	20336.7160640536	29565.1548242073	14683.3009980526	7634.00129861449	4738.5602086511	2864.06568874939	3011.81878571351	2990.69780695055	3259.05442443324	3282.77415490412	2891.77456917896
416	45840.1450730818	46044.0885218875	40445.8322001415	33151.2450714839	28545.9923259601	27704.9319861012	28831.0123652175	29980.2574191722	29510.6154268284	27760.3711375283	24900.9695282198	21127.6969602719	25459.4697592747	18445.8502384421	8279.91835115239	5165.81783892946	3076.59768474179	3011.81878571351	2990.69780695055	3259.05442443324	3282.77415490412	2891.77456917896
418	48365.2334520446	47241.7429784938	41660.5286660881	33933.0785125972	29234.4514361724	28218.7438071432	29251.6753159194	30368.9417968625	30370.3964630097	28565.8322539852	25881.3681612894	22072.5153598134	22388.3633668472	23105.184780932	9092.6406844883	5714.63222965657	3389.65577510417	3011.81878571351	2990.69780695055	3259.05442443324	3282.77415490412	2891.77456917896
420	48347.7005777096	50296.4880798762	42468.3651265216	35534.5509632754	29797.4808523605	28688.3275663385	29907.0744132836	31129.0652464047	30940.0163543706	29490.9216376742	26790.2509391487	22889.3366733286	20716.9080633558	27771.2655223799	9635.49486457295	6208.78680415408	3762.04163974074	3011.81878571351	2990.69780695055	3259.05442443324	3282.77415490412	2891.77456917896
422	49079.1041780979	49795.7091487049	44232.4257407273	36082.4982354453	30618.5888228527	29553.3637624753	30226.8978308528	31542.9300568002	31561.8756124688	30372.6488238439	27708.1318601002	23589.0593632984	20306.8434360346	31014.8509851209	10423.057518257	6756.1706700886	4156.56856976163	2715.27671050432	2990.69780695055	3259.05442443324	3282.77415490412	2891.77456917896
424	50431.0970868281	50745.6173197595	44489.7716629219	36887.5340678374	31290.6358649153	29713.0182462321	30757.505101754	31952.8799611961	32080.4405630911	30946.5432821437	28496.3451488726	24430.0610347655	20618.7316866884	31683.9803041862	11467.4687030792	7276.95546313666	4594.81300015853	2751.88247876196	2990.69780695055	3259.05442443324	3282.77415490412	2891.77456917896
426	50149.3762723472	51618.6862781843	45766.3107829513	37628.1799318669	31916.5338131107	29961.5758481591	31152.1805769263	32352.8929909105	32506.2634187606	31505.1867637926	29109.4331281795	25135.9400967174	21220.3593864331	29841.4088440786	12914.3569255638	7836.77322486642	5113.605455828	2982.19765464861	2990.69780695055	3259.05442443324	3282.77415490412	2891.77456917896
428	51686.2911764498	52503.2377993524	46300.7920865368	38173.157828052	32220.9204741051	30476.0956704591	31262.7195583012	32652.8912348496	32801.3375014743	32089.4058391841	29561.6391331036	25985.993466033	21858.0233904582	26900.9670953944	15453.7356504435	8461.38463727292	5546.04841125155	3217.68919256598	2990.69780695055	3259.05442443324	3282.77415490412	2891.77456917896
430	50469.148617865	53491.9955173654	47273.0378455154	38820.28766392	32882.7946371754	30840.9549895609	31761.8161327571	32814.9189404109	33435.5633169851	32941.8384047164	30362.8377329363	26718.6135665653	22433.4872953006	23681.4177068024	18542.5678301209	8935.5356964921	5989.35640519504	3569.32023998777	2990.69780695055	3259.05442443324	3282.77415490412	2891.77456917896
432	51621.1887547892	53427.4286369178	47430.6826362941	40043.0245040692	33229.1474665883	31487.6943673151	31859.1964434083	33351.6246362476	33963.0976938842	33181.300504126	30913.5643750336	27234.4415430614	23087.3019566282	21640.8603180383	22364.5972617341	9636.96692564734	6459.33250888645	3902.54201516303	2506.2574923324	3259.05442443324	3282.77415490412	2891.77456917896
434	53149.2911260608	54756.4941737461	48692.8511271042	40531.4325813582	33938.1994629878	32037.0775989064	32337.8623163856	33775.7641851208	34118.4444755387	33703.8313905636	31781.0302756221	28013.7596204964	24058.2023461907	20839.9515491345	25868.0761047656	10098.8987502129	6944.36388495966	4310.99096116183	2729.26936422375	3259.05442443324	3282.77415490412	2891.77456917896
436	53530.5481897152	55733.3225916333	49052.5407182296	41398.0867112981	34391.35174651	32241.7520509027	32539.1843890849	33806.8795071193	34467.7569008065	34432.2377036798	32401.2811475113	28620.2927881223	24427.1009095867	20646.8290497456	27951.9702327593	10932.6011456738	7378.53885931265	4780.06073235073	2859.09405933796	3259.05442443324	3282.77415490412	2891.77456917896
438	52429.081578899	56360.3654374172	49825.7432539833	42130.2466175028	35367.7356615076	32628.331028771	32669.9114266673	34057.8121753814	34680.4045789752	34609.8868501383	32882.2458295878	29097.7360373517	25141.2762009296	21003.4985171076	28349.8256330105	11963.1622138312	8003.42314463952	5216.41020041012	3129.69924562132	3259.05442443324	3282.77415490412	2891.77456917896
440	54084.1969656439	57009.847246886	51173.8431819307	42947.9658492664	35713.8576934282	32636.0031637667	32823.1588544503	33965.2440541465	35132.8520529135	35108.1829306086	33182.0169110642	29556.1332899622	25477.6409369919	21509.1574977303	26800.6037564434	13469.9752039556	8474.10705014435	5682.09807150348	3405.56313603076	3259.05442443324	3282.77415490412	2891.77456917896
442	53715.2745948583	56872.1983290529	50917.5049506532	42864.982393709	36041.459552946	33211.6410246327	33223.82623009	34307.9882689129	35123.1594277592	35197.3791556054	33804.1971727556	30105.5465353716	26216.35006987	22033.3859507773	24239.9554899608	15700.80199126	8967.74578312771	6063.53863245204	3751.79120945547	2534.34966143174	3282.77415490412	2891.77456917896
444	53940.3753305846	55914.842678088	51913.9858267317	43232.5939175552	36674.1829259678	33180.8460481365	33190.4713602465	34386.5925326238	35435.9885447747	35328.0460053703	34182.1536961372	30552.8911742815	26703.9952791997	22332.3896930976	21859.9171402536	18421.8041431183	9432.69137713774	6490.42075205318	4078.70162429414	2619.37606301754	3282.77415490412	2891.77456917896
446	53906.9654780269	57388.0106932921	51759.2781715264	44233.0962457525	36662.2867793085	33374.6591689305	33374.0581106418	34200.4012323847	35606.9259398295	35844.7361382041	34215.9501140029	30928.1358528859	26957.2024596406	22854.2639376799	20301.0923606245	21380.8703595162	9977.48331792041	6963.61844345503	4525.69515423924	2823.22828984208	3282.77415490412	2891.77456917896
448	56136.5419062665	57811.8532896998	52621.8450333311	44266.9535947872	37154.3105915358	33779.7746175815	33305.6316123029	34546.9187982074	35586.7057478141	36009.0931229002	34628.6552809892	31268.955421649	27508.1640827928	23154.859059244	19367.5266444873	24007.4117120052	10572.8152364829	7301.76064332492	4837.13367467171	3025.58805281712	3282.77415490412	2891.77456917896
450	55726.5147472863	57912.6211885471	53215.3813567946	44954.7850470163	37182.5484429333	34133.303708193	33493.8976672399	34224.7761278569	35449.2025869084	35882.0390548313	34711.3940324886	31693.8612587232	27751.4068614298	23724.4547881214	19450.7602974033	25237.597183858	11194.7355949135	7765.23848873585	5232.52045096852	3235.90926845333	3282.77415490412	2891.77456917896
452	54076.3175159537	58057.3299426833	52696.9194952681	44818.224240087	37832.665140617	34197.4108460739	33593.9034716406	34412.9745825951	35364.3672928001	36001.8691803866	34812.3080656012	31765.1555475038	28134.2590556667	24048.2432941027	19523.4426915804	24991.7809367259	12368.4187102365	8223.22394744595	5624.34665422479	3530.89612795109	2384.84126869007	2891.77456917896
454	55083.6813333308	57675.4800507542	53516.7471952339	45430.9769668217	37885.0087089608	34288.788025505	33498.7584396283	34381.7933691841	35359.6445066316	36010.4568302696	34820.1974663377	31970.497737343	28485.1033885678	24477.8722159924	19881.98693114	23504.0733029003	13991.8289665252	8597.47762731232	5970.79769831138	3808.0421836131	2488.73108380248	2891.77456917896
456	52506.7894988972	58542.4348831817	54063.0726053013	45523.1890170133	38094.3276797503	34626.5575450979	33797.7728016326	34425.7311519403	35364.1522877214	36064.8227946967	34999.3284826665	32132.9948621429	28526.9422199038	24681.2449178687	20177.2865758167	21220.6101374718	16293.1380060138	8995.82802303844	6334.15389689259	4136.20410588427	2617.53596961039	2891.77456917896
458	54808.0854881522	58733.6852139348	53801.9899042856	45858.9856606498	38883.7419748139	34500.1858326424	33642.7344069607	34070.1484395358	35119.0612560625	36054.1057719076	35218.3707703243	32229.5666253308	28989.5443765087	25120.6151644257	20513.4728557282	19365.6828118215	18749.5471787541	9315.3836075391	6765.51638761416	4448.08743904584	2845.44631151454	2891.77456917896
460	54052.787672474	58079.2019787542	54472.9126122106	46380.3416590495	38395.162511165	34655.762614336	33524.8873613311	33959.1444755725	35167.6854111365	35908.6209504104	34970.7492938762	32243.5909898521	28987.2417674659	25443.4957841387	20897.1237824223	18174.0183694761	21011.574058378	9734.96192265782	7030.00326221442	4824.22166430048	3029.03918305154	2891.77456917896
462	54052.787672474	58248.0972011557	54441.4264365617	46693.155362143	39199.0001241977	34780.4158587843	33470.7260751932	33998.2569059813	34901.2248107246	35802.5276651907	35109.0416680234	32286.8248897218	28952.9671252514	25565.4363490456	20977.6806124675	17662.720136486	22448.8453657322	10381.9807995028	7396.39849798811	5084.50966098605	3258.67107765807	2270.4762177516
464	54052.787672474	58051.495284076	53778.7779703422	46480.4015299027	38901.1448357012	34750.577823242	33452.9885770741	33563.5160139617	34736.8725626373	35454.4747405072	34899.4438008874	32300.3305594913	29108.4968058943	25677.401587084	21251.111133119	17479.1355571445	22663.6376776622	11167.9640521053	7720.38672327498	5448.85694381354	3485.66371587681	2330.12656585209
466	54052.787672474	57792.2177783386	53992.9495058548	47017.4362312961	38886.0513633022	34970.1248803544	33263.5041874066	33472.6798580711	34556.1612897927	35121.0625088364	34632.1289301854	32366.5690802326	29272.9610515497	25860.9361397492	21304.4925087495	17597.7093766012	21555.84832565	12255.8392765494	8000.71909912569	5712.45113755261	3741.12624139159	2478.9101764064
468	54052.787672474	57320.3601548243	53650.7757570947	46821.0639177211	39628.6274686564	34783.5451218958	33192.5937293098	33318.0062679185	34154.3683724707	34895.0026973184	34548.5464433004	32338.6542459385	29273.39846005	25826.9767724234	21565.2144750347	17811.0840023481	19971.0356711859	13798.3037324816	8309.43033958425	5962.75680140353	3924.0847216007	2646.44568502616
470	54052.787672474	57966.8816187177	53887.8132042472	46803.2409305649	39327.9453774328	34888.7404336822	32883.809064368	32857.9727413036	33912.5215427195	35087.5782793393	34306.8085341011	31962.7297805559	29030.0250318673	26030.4174680845	21823.764759354	17998.0808391814	18246.0753620222	15552.8480510317	8595.00032697433	6245.93977835245	4284.70044460865	2813.42498332015
472	54052.787672474	57006.1313919664	54284.6703235088	47202.7330725125	38953.9006345727	34731.1545899925	32988.0081196951	32789.5780382795	33306.1317064451	34494.7679187261	34099.7462271401	31860.4208865078	29186.3012902578	26116.8704492466	22005.1271397851	18332.4698640239	16878.5579387437	17522.6149788159	8921.82437431432	6531.13200065068	4578.77890090221	2958.70161604592
474	54052.787672474	56049.8564686847	53681.6914196059	47135.6609350663	39003.6126713927	34890.7721186173	32652.0253402814	32568.8739837608	33304.9926899549	34076.8376370641	33806.3659329496	31765.4338749623	28957.5409558613	26077.0990756186	22086.123166192	18344.0764870601	16014.8381019382	19173.4571596573	9219.79068981099	6864.73679850127	4795.05517083516	3181.66099071299
476	54052.787672474	56604.2142242701	53254.7860064878	46160.407222432	39337.3620300342	34994.6520398703	32679.5502998463	32402.6345235298	32943.2419862944	33668.5777022626	33457.7859298797	31669.1890325206	28979.2965488556	25961.4277024738	22088.225737043	18516.0952488627	15808.6016213429	19999.8457146316	9659.17862761324	7092.28512561342	4995.86197298795	3430.32956062597
478	54052.787672474	55843.8165453539	52713.8794939132	46930.1635825637	39145.8338385281	34416.9436689554	32326.4109059484	31985.3485980984	32725.0120637475	33326.4031099591	33170.1177104145	31233.9673514427	28866.0139837429	25869.5595147414	22249.6901968992	18656.5083563058	15806.7910748585	19882.0713715338	10418.4743805864	7236.75991437588	5166.62272363385	3599.77592037984
480	54052.787672474	56199.2669935353	52718.2682343513	46134.9333254916	38955.0604658528	34694.7489520145	32304.3666065874	31860.051692368	32100.80696095	33137.3420428992	32695.0513662518	30796.9450324696	28795.6709819796	25702.4258447162	22221.4660597702	18706.9336255411	15824.6659064068	18711.7414015631	11276.7103800785	7445.94550442168	5488.60477697604	3755.56166104764
482	54052.787672474	56199.2669935353	52905.8245601116	46213.7213871049	39164.6770397059	34575.629992294	31621.8808125142	31464.8858991687	31731.6607334897	32682.6819792544	32556.9654377344	30629.101403337	28314.8477436984	25711.1766609597	21978.1508008517	18783.2970366909	15946.6853169152	17031.0240358249	12587.9336212208	7679.13720667874	5601.33163468794	4027.46102600515
484	54052.787672474	56199.2669935353	51670.92047689	45615.7732092362	38674.0773278747	34115.2656790162	31384.1107999472	31024.4599490743	31328.1094346995	31815.3808172208	31708.1313435273	30386.3237219083	28225.8557411988	25504.9799058261	21925.1278554123	18742.1636193849	15917.5081998818	15606.0398662186	14032.4499947163	7948.64139100006	5801.77492535291	4206.19534501835
486	54052.787672474	56199.2669935353	51318.7775218558	45390.5493442997	38337.6473766972	33831.6214731994	31209.1485277611	30453.8738545994	30878.8584774367	31384.4676904881	31635.343074502	29703.9395856886	27740.9465068686	25319.4164743644	21872.9105723399	18808.9452512058	15946.1716017174	14418.956831858	15644.710081813	8072.4642627128	6055.48885992563	4428.61779071555
488	54052.787672474	56199.2669935353	51163.5269894059	45402.1864155411	38174.6673362085	33599.2839391442	30761.9490163414	30109.7946987439	30199.4628599669	30984.9664652287	30958.7946513065	29602.4352473016	27447.5451357835	25239.5856292064	21829.0044592418	18740.5359945606	16018.5365305935	13918.6896101199	16642.5679639949	8307.70789961184	6195.63726546175	4595.5625172353
490	54052.787672474	56199.2669935353	50809.5830086385	44980.940178558	37973.0039498974	33259.5180035303	30852.9718849606	29606.6104425255	29892.7152494943	30783.7053982296	30580.4068529837	28894.4736741979	27168.6858839638	24862.7572085388	21659.8300633506	18757.5974181163	15984.9982309249	13662.0778596833	17155.3125228249	8623.0680003138	6430.61774523794	4740.10200487143
492	54052.787672474	56199.2669935353	49621.7977712165	44799.5820060096	37642.0757114001	33122.5851232842	30566.897355661	29300.341762817	29431.0300132798	30066.5428810841	29893.1063248531	28464.858225525	26852.5113040192	24588.3335718573	21663.6905081189	18773.9218061185	15943.5622413264	13492.5481639876	16907.6773977877	9231.33934341398	6554.78153078663	4901.98927734408
494	54052.787672474	56199.2669935353	49466.6057724425	44312.7310342104	37418.7781181313	32422.1837917607	30080.5188918602	28870.0111306183	29054.0916932563	29495.4830748067	29472.540423471	28219.6427112536	26403.9816204617	24465.6061433978	21419.0994855543	18647.6743667874	15980.4797730843	13495.9675618134	15849.3445253575	9962.5575172639	6722.1067203336	5018.90612018544
496	54052.787672474	56199.2669935353	48635.859362278	43878.7989919555	37006.4418176163	32131.4891423506	29578.7249622135	28814.3439504343	28485.6029096899	29186.7676438829	28895.9279762294	27767.5949389979	26043.612536702	24113.1513356529	21155.9863090252	18456.3480779896	15989.0778273885	13333.319210128	14712.4484886654	10970.4294017843	6759.03290724362	5189.66231871399
498	54052.787672474	56199.2669935353	48704.920431202	43378.8758455838	36567.412105547	31969.7965074313	29475.104984789	28016.7798115014	27982.6583786608	28573.8182258803	28451.3079070976	27213.6003759558	25804.6026760729	23861.7389949342	21169.9760399495	18368.88978334	15971.38994804	13473.5659423699	13177.2173560888	12137.9893096295	6986.72278543735	5302.96801424991
500	46476.6694445443	56199.2669935353	47222.784784315	42368.8601753252	36050.4902523317	31445.0569916504	28771.8263021275	27611.8831827074	27538.9828227206	27988.387195477	27870.8599028861	26831.8774603095	25179.5598586734	23620.6711260738	20816.6824047297	18161.6808857185	15875.7042213337	13525.7986437974	12277.9549465671	13294.5513943246	7084.10444710532	5516.48946203824
502	45859.892092361	56199.2669935353	47222.784784315	42170.2750230321	35515.1341346222	30930.8433033911	28477.647066844	27413.3479087889	27135.3171323044	27418.9657468484	27592.7572495029	26413.5997330277	24907.7311185119	23031.1405680966	20618.2624661313	17989.0063926668	15768.2482703873	13496.9962809101	11676.2644308134	14096.9794530613	7148.48752227548	5552.07256618881
504	44053.7444570086	56199.2669935353	47222.784784315	41114.0908004868	35588.0461486592	31003.9339058572	27935.3088288751	26832.8433413695	26669.3454400921	27086.8383095575	26793.241910723	25910.2802437516	24502.0183389682	22989.232062424	20321.4756027021	17761.3824760009	15662.5742398304	13424.7574433272	11453.575526444	14455.6067337866	7518.72004713629	5624.76702382287
506	43689.7240363451	56199.2669935353	47222.784784315	40439.3062115263	35192.3288664044	30622.8514870341	27494.2950123138	26395.9202392684	26066.6688164799	26420.7626235726	26288.3964989581	25349.1102649807	24287.6950800941	22509.6102924166	20057.3236579081	17770.6630884411	15501.4707910357	13310.660632116	11216.2518387555	14203.9209223416	7841.08092331712	5726.97989277723
508	43840.0770935661	56199.2669935353	47222.784784315	40081.3695959504	34192.2358450461	30117.2258319246	27158.9114187414	25675.646227501	25417.6706821768	25877.3622038842	25905.6963547647	24925.3376638248	23625.0964734364	22208.3764336799	19657.4823031597	17649.74070228	15419.3038990984	13215.6532410878	11356.5309206702	13338.9908654459	8544.1639016246	5819.38453716804
510	43408.7499545268	56199.2669935353	47222.784784315	40108.5956861129	33850.0201028962	29728.4327948939	26947.0172480782	25242.0138728378	24956.6621233542	25345.4510268515	25262.2822263297	24333.1275846441	23063.114716647	21681.2509677518	19523.3173496795	17288.5427647218	15262.3364561069	13157.428805464	11238.0480628685	12230.4082844662	9260.38283738605	5839.4668689312
512	45827.092307269	56199.2669935353	47222.784784315	39666.4362721151	33867.2437671938	29576.184016736	26576.9935717582	25212.921329298	24651.7484066904	24836.4760173372	25024.0192711002	23966.624137696	22863.9820953456	21573.1144151351	19354.4284802699	17108.479819479	15167.5635815756	13090.3816785212	11116.9079999442	11054.7338907231	10238.7899175052	5969.07637687235
514	50726.3750854288	56199.2669935353	47222.784784315	39062.9200181352	32974.1245181641	29133.6872970186	26085.3613954649	24559.4497135878	24119.2561606341	24448.6047120631	24407.5124767483	23442.5003039955	22598.6646041186	21327.1079910239	18959.2023539178	16934.1735368968	15002.1967964095	12965.2121634994	11120.4734693282	10241.0069859662	11031.0243009671	6118.81076623757
516	54788.0618848678	56199.2669935353	47222.784784315	37533.3531387643	32771.5651196573	28467.147912361	25556.5838140423	24344.8796074251	23913.7670243837	23992.4019499999	23674.3589901511	23104.4990734453	22116.6233938788	20646.0916992129	18707.0656089404	16756.926116806	14775.8748483891	13005.7132479656	10978.5275292515	9720.22157261232	11687.017958114	6206.60003204728
518	61959.9602097826	56199.2669935353	47222.784784315	37515.5917014802	32198.0989524936	28056.5869542109	25282.4236790342	23895.6106507024	23227.6978462026	23387.1216152712	23382.4872651215	22416.5849300454	21506.7565897329	20498.2957652058	18536.4305636293	16386.9118406202	14539.2676190898	12797.3242589881	10812.6676624421	9431.47238889727	12141.3300697453	6454.71031734142
520	72636.3771627398	43441.8951095403	47222.784784315	36754.4935835161	31800.7025515012	27415.829638316	24649.5694818291	23257.5916298084	22573.4873775734	22767.5979511012	22671.307494331	21889.2906718096	21168.2252387457	20066.544745368	18123.5837610223	16233.2104583183	14385.9255721442	12681.8809857234	10752.2834799665	9280.53374034923	11833.9353408127	6736.50485556164
522	84265.5308810839	42315.3159577787	47222.784784315	36754.4935835161	31064.2201175534	27285.7404544403	24573.3687488459	22664.8311608666	22419.5015700172	22479.5699467944	22297.4733303306	21515.0247157823	20857.7300455136	19589.23972663	17733.1865757254	15937.8442869318	14309.7246839156	12359.9093252109	10708.0652999704	9129.52969233899	11004.5925019892	7347.24379046753
524	86337.3583598626	41720.4012786276	47222.784784315	36754.4935835161	30341.8035037144	26719.3865414619	24031.8381696647	22438.9168741443	21579.5050135308	21874.2529429268	21843.014907776	21192.8639089734	20242.7266519804	19280.9650657743	17477.3177458266	15646.3267054847	14053.3876375349	12388.9924469841	10594.024074955	9116.29636647879	10051.5155711676	8018.32618674864
526	92696.2657033812	41136.7696605892	47222.784784315	36754.4935835161	29742.9645053359	26563.1055015304	23847.5312136908	22222.70462321	21361.1944316027	21267.0980093268	21312.1456870201	20649.7068858938	19749.3982289732	18855.0978797314	17194.5635092772	15452.0550052554	13968.2830045081	12104.9331320428	10511.066645924	9073.70542859751	9085.71414550746	8617.04198569825
528	88584.6366806906	40548.5658265495	47222.784784315	36754.4935835161	29340.8790917255	25671.4057767759	23222.45342139	21626.0527773736	20813.800200651	20823.6652074734	20699.2830144794	20142.826364228	19305.9660208555	18497.1005670255	16724.2712406885	15033.145421107	13490.0824283297	11914.7993980787	10335.9637344889	8960.98545787123	8484.06553760769	9298.75909528945
530	79702.7190610799	39592.6106399411	47222.784784315	36754.4935835161	28918.6224695385	25424.3235600257	22382.5464540414	21182.5710251165	20587.0334110195	20439.3678719122	20316.4708877894	19626.8645998637	18943.7010489507	17935.7734007082	16312.1518803004	14872.5928799778	13406.7720720229	11785.8278082865	10124.2778392793	8838.61342777518	7888.11677767539	9821.53736726202
532	69542.1317718725	40102.9043663788	47222.784784315	36754.4935835161	28834.8443773356	24720.7113360338	22285.9965718346	20639.6630525967	19972.466570545	19961.5083169134	19824.1411156426	19201.5161244826	18492.9290727469	17776.6491838884	16207.4793240163	14535.639966197	13265.0829847589	11709.3381702123	10151.6357270039	8550.19629307642	7453.49370351401	9975.33114867778
534	58594.7970717607	42835.927923214	47222.784784315	36754.4935835161	27959.7457028873	24440.847926286	21939.1174923932	20367.9213545079	19338.8859954829	19284.3982680974	19336.7145412902	18731.5667442207	18107.5718335815	17189.6379398941	15713.4152915829	14336.639784412	12771.732153558	11484.70482631	10085.8117632482	8524.77614708828	7287.35227529977	9716.86758987922
536	49034.2811067015	47624.7450875329	47222.784784315	36754.4935835161	27255.6251933235	23721.2658368545	21277.014009829	19739.4391401084	18939.3637585463	18932.2917766177	18894.0038483039	18402.5554079046	17559.1679855016	17016.4549120399	15363.4317825052	14116.5826075126	12724.3332137652	11425.3221471655	9838.80341523808	8462.21288193435	7234.37033795678	9011.33628355034
538	40138.0533828108	56491.8590326643	47222.784784315	36754.4935835161	26856.1806418935	23299.7750354289	20819.1429563579	19281.5162512084	18515.8835902268	18570.6842860164	18427.4539972447	17672.2819369733	17194.5799862773	16361.5511318854	15175.429318238	13662.4635085652	12424.5666660067	11170.9023409139	9458.33165411779	8166.59737781051	7014.0444636975	8295.43054406004
540	34100.102696007	67209.0336895274	35750.206650461	36754.4935835161	26393.0968823538	22946.7955015054	20253.3598213401	18586.051916975	18160.8298422475	17870.5787975673	17829.8110816696	17376.1178228061	16760.6733392842	16021.3903378129	14871.6530959792	13357.8144499507	12160.8591525639	10847.2271930015	9480.72148637779	8119.47251793157	6991.90787278978	7373.13412629508
542	30879.483536084	79812.7002404124	34706.2989330114	36754.4935835161	26393.0968823538	22316.3942252326	19864.7625911495	18412.344519631	17569.1525405799	17616.1071963661	17395.8604456449	16767.6110711557	16489.5629076305	15567.6130159703	14227.0320750587	13092.214194992	11899.4987891215	10700.381577824	9264.32087755555	8075.29485244083	6986.32574276136	6681.16347476169
544	30865.4451128802	91266.6093650129	33745.0505395926	36754.4935835161	26393.0968823538	21689.408524215	19696.1636680525	18216.2014558607	17318.2230671759	17085.3931240921	17090.8390162437	16490.9724023095	15934.9345905019	15285.3285284272	14114.4591287362	12923.3961019285	11712.3003544745	10390.6783713265	9129.66976560968	7857.40308638896	6741.70780145433	6297.43848392545
546	29561.6239948046	102116.254398229	32523.0558937078	36754.4935835161	26393.0968823538	21478.7542373651	19184.9449854872	17505.1134054731	16835.1679755894	16775.8807067927	16458.4944119727	15959.438974723	15527.4240420088	14831.8477379885	13748.6342686975	12492.5563230321	11392.484899987	10285.7749954712	8863.5620615031	7740.63944359754	6641.07356807277	5928.14126028907
548	28499.8316611447	107702.075009763	31932.0982791292	36754.4935835161	26393.0968823538	20921.8216472198	18764.6095137348	16979.1361311725	16282.9393694194	16165.4850394748	16017.9879578799	15601.1797869077	15055.5770208613	14419.6172646262	13370.6758896307	12082.6919477845	11137.0211401267	9888.94426707975	8809.80743694313	7661.85187857615	6511.65751018208	5726.63558836613
550	26209.9657488435	106796.579235796	30224.1396523943	36754.4935835161	26393.0968823538	20610.2129943045	18046.2424662133	16659.9431596542	15972.3288341188	15698.0997180703	15628.6066574626	15099.6145614006	14707.3576445421	13976.0457619095	12950.8559794324	11987.9641718921	10899.3141694458	9699.42329806139	8553.33924111055	7479.94665393411	6358.75577117769	5644.9368943209
552	26663.8198069871	98743.5040230226	29927.6416700545	36754.4935835161	26393.0968823538	20008.1496881265	17767.0292181857	16409.8396138354	15576.0497813944	15341.8090248768	15040.1548505973	14714.3251836653	14121.0230230627	13738.4540416799	12639.7299744092	11687.3928419126	10611.7039139766	9513.15754442817	8490.99884212172	7390.74881614031	6220.32068502002	5470.45470802628
554	26669.6902090215	86899.8404295771	30513.0508292351	36754.4935835161	26393.0968823538	19523.8727198261	17521.2022094111	15905.9044968521	15383.3556473159	14936.7963909347	14761.0493207432	14235.4106421973	13961.5633235233	13311.5188498393	12250.3360975385	11403.8075505219	10377.6865048053	9420.32572639116	8130.22443104949	7208.18692251046	6265.94741915815	5361.16195295636
556	24844.1459307994	71232.497757524	31142.7453098813	36754.4935835161	26393.0968823538	19080.8894514532	16931.2935584533	15446.2669239015	14706.7773395254	14401.4763629103	14427.4284538077	14026.8376645583	13439.9351943494	12933.4739569099	12035.0646189635	11075.946771673	10058.2438572871	9070.37981492524	7945.1541595731	7021.29833560495	6192.03202739652	5300.07231114608
558	24362.3780333544	56615.2756783133	34470.2923623178	36754.4935835161	26393.0968823538	18772.036333467	16714.2737972669	15240.1541701877	14544.958758439	14072.2519796636	13911.543939306	13697.5914940054	13067.316637733	12577.1426430194	11632.1263198414	10877.5920673996	9719.39225354991	8858.35818264191	7966.8563564253	6841.42815084428	6054.88127884983	5175.9449649371
560	24511.3976236416	44774.2469446045	41110.4327012473	27087.8100070263	26393.0968823538	18276.5587110201	16411.8559207577	14813.1925897053	14000.3959231274	13906.5349447258	13554.6904727869	13072.8778123487	12808.5530952771	12272.6829626107	11383.6670343582	10362.0436723706	9633.85266264667	8779.92229978096	7687.20157114046	6817.68288955629	5862.73186207634	5109.33720311573
562	23572.6528948546	35409.0851913889	50574.9443219189	26253.0191899148	26393.0968823538	18276.5587110201	15948.8835536538	14366.306638266	13617.2177239211	13451.5946553756	13099.0584866816	12769.2535442662	12365.6297242795	12009.2699919271	11177.3494122168	10240.5753822908	9554.87182519929	8486.69816926729	7496.75567723133	6586.71900781344	5756.46355708696	4969.53143840263
564	22797.1978851151	30104.5792123166	63443.9302754164	25062.209040838	26393.0968823538	18276.5587110201	15400.3314480494	14240.2434785308	13378.3609336397	13046.8681666392	12695.8686851908	12359.3612759799	11943.512696325	11614.4644986704	10765.5090190315	9836.62499575461	9062.14955028463	8268.82400507127	7324.46786876028	6350.58283299769	5575.69470282821	4948.41953368345
566	21665.0794917453	25867.9289311155	78450.3919573512	24907.2569220148	26393.0968823538	18276.5587110201	15247.1606695584	13751.7062499538	12789.2488064889	12731.4835110872	12444.5841649283	12033.6295936585	11710.0326110238	11264.7090119499	10603.8094608118	9712.43294222675	8855.55217078101	8089.5785912717	7170.78467638529	6279.78564965938	5495.26113319086	4759.55048640036
568	22113.5228528807	24700.6354437685	91777.3033331182	23679.2622462122	26393.0968823538	18276.5587110201	14578.8009621844	13272.2522233531	12546.3899403565	12187.7096797981	11967.3370092797	11624.9114437758	11297.7637815817	10939.3253677836	10215.1133323893	9355.28945600335	8661.88885442063	7838.7509886979	6908.78395040795	6201.8733074533	5291.97109980826	4745.38791678268
570	22545.5066419907	23258.6072439407	101801.442017243	22808.0328761993	26393.0968823538	18276.5587110201	14272.3463370346	12833.6475545897	12162.5846257977	11885.65832205	11642.90738	11228.5012227163	10928.2989252905	10550.7002096321	9822.70633397261	9104.84602907922	8329.89077389068	7631.45231306577	6592.93339436467	5968.52614227199	5159.24848505872	4523.6081019048
572	20414.5636360135	23180.2883037037	106057.828125053	22601.9039859827	26393.0968823538	18276.5587110201	13624.9285850402	12378.5502356169	11856.7007574707	11551.3649920656	11308.017204344	10992.918474702	10663.3311312357	10399.1169560565	9583.41870275502	8752.93193843281	8187.07723616765	7393.52985852919	6631.78330740615	5855.48183269404	5003.17649920479	4470.79940690896
574	20655.5693906701	21993.4391327478	103977.188320329	21930.0251797909	26393.0968823538	18276.5587110201	13512.4327050897	12233.5968550064	11723.1428220677	11259.5720777758	10977.2021938089	10567.9101218211	10343.3439238715	10075.3821749386	9307.08332424284	8637.63361971837	7959.04730501201	7118.90556114363	6437.17953140555	5651.0716834532	4973.76164044737	4445.28935409924
576	20816.0218559193	22508.9212330268	95850.4959772834	21508.7245065654	26393.0968823538	18276.5587110201	13238.5197448124	11890.4908900299	11306.4630970798	10881.1867495495	10658.6080273068	10315.3451254838	9951.01132263596	9708.89242596978	9052.77433069587	8367.62511614366	7703.16821563867	6984.21027095531	6306.07506668703	5464.20203287808	4805.85642928308	4169.92402924684
578	19864.6880381733	21308.6017258221	83409.861287772	21719.0914999029	26393.0968823538	18276.5587110201	12974.5234507346	11746.5016718899	10880.1994568287	10496.2993992009	10344.28244993	9980.75984470918	9708.31007477561	9372.59660621545	8585.00279580665	8093.22424530353	7487.39926003775	6864.7248213325	6082.74297211089	5333.41021007308	4613.58908838258	4195.14712284657
580	20970.6198093905	20628.6090036006	67617.8042535775	22724.4380138644	19838.2476172634	18276.5587110201	12632.9709711994	11383.8594065052	10502.7696562851	10175.7434239824	10069.1133948897	9723.29294499448	9358.16059956182	9195.69163508387	8462.43585731662	7845.74755119601	7193.7476267206	6721.2800909158	5782.72985640623	5128.74060734695	4588.82031366239	4022.59137224016
582	19424.0128435032	21048.6881086631	52773.759224038	26768.1177546718	18888.0910463294	18276.5587110201	12632.9709711994	11167.4232344853	10302.899704356	10095.4152027347	9751.84673393715	9374.60539458407	9136.68707978151	8899.98020679115	8209.67397830818	7721.86038655977	7092.11530880671	6435.00592827462	5804.40660057516	5051.4352927798	4441.13952599805	3912.13744860355
584	19496.4831838376	19143.4865544717	40420.6575471234	32193.7588935781	18113.8590461366	18276.5587110201	12632.9709711994	10604.1092129695	9867.30791738955	9644.98745777107	9504.74851592457	8990.34909250242	8802.67167941565	8472.43695267464	7984.26116819779	7317.45250136497	6977.57639569312	6224.56805841155	5559.39468877679	4888.48561775336	4346.92384289194	3813.43142930765
586	17685.4383283756	19980.7623310125	29969.4105910486	41827.4938215799	17987.4207788052	18276.5587110201	12632.9709711994	10320.7448660498	9953.89744847478	9299.43365427049	9238.87709075689	8900.33991471995	8848.31462052271	8401.81616126776	7682.10529490839	7119.56266875538	6690.02977540923	6132.8802272796	5348.06156396541	4838.20607648772	4318.47304962416	3771.95200056373
588	18358.0105072052	18770.9049692099	24201.8959690554	53610.2089330455	17646.5022791731	18276.5587110201	12632.9709711994	10246.7717518317	9354.14558479291	9039.79153460983	8804.5928493697	8580.41496230237	8326.25686346057	8089.05456091463	7492.37155566945	6891.20794059371	6421.49081391061	5947.63150197041	5301.35666626204	4684.07482413954	4113.22931108655	3624.31078575905
590	17145.4051994179	19547.1124798432	21317.9366019887	67722.1597777927	17296.6956802677	18276.5587110201	12632.9709711994	9844.47499809676	9067.03494720577	8781.84049069642	8653.18388417575	8173.3893471847	8030.56697718891	7752.42933344529	7086.26910153577	6615.09867411822	6160.22677128509	5681.83888642297	5097.85762802748	4522.96588352013	4056.49087211157	3553.82200694974
592	17291.2575924436	17849.7624586043	19103.7668819109	82376.394500323	16982.1615987502	18276.5587110201	12632.9709711994	9665.32971269285	8985.33787844312	8532.01652822014	8322.20724460683	7971.82496715952	7677.00029565439	7589.37647441623	6921.21678944461	6475.34850935209	6077.05811131933	5454.50922470856	4956.22923263787	4375.22288728705	3857.67296719603	3429.46643540528
594	16580.626639067	17196.9543606739	17654.0728323894	90893.4782022833	16620.2409573932	18276.5587110201	12632.9709711994	9387.97876263088	8549.39695155575	8201.73984314256	7969.24645770523	7947.59921746041	7556.69039899086	7263.460322538	6770.60156842283	6372.78762744686	5834.06914029405	5410.04079436844	4779.92850175412	4286.98679463024	3794.76795573456	3312.52075170927
596	16290.2586913021	17157.9445164293	17253.0326845615	97316.9235246529	16162.0694298278	18276.5587110201	12632.9709711994	9090.10191845238	8331.80746845565	8055.07336875113	7839.40911687834	7488.7849549344	7437.95579140983	6957.3289427302	6622.3372301983	6082.29063705217	5568.30193874919	5247.28613638015	4724.52323293602	4163.96384292933	3649.85475320803	3279.1817537706
598	16762.4454309096	16862.8179779759	17013.3449042681	98476.8845116844	15789.5206932991	18276.5587110201	12632.9709711994	9029.5571021453	8265.05767401564	7761.496155808	7477.4396997843	7300.47580928358	6933.22741439243	6810.25061237966	6404.40262492885	5917.17123748325	5608.65951231674	5012.50676167699	4531.46381072938	4004.82110397994	3575.61170406459	3128.58353318441
600	15633.7299744365	17246.1210326293	16377.6817166937	92332.1806537191	15682.3471028077	13860.2368211633	12632.9709711994	8514.59533162939	7776.74915377441	7757.36364309895	7256.51404017142	7079.90618792257	6877.1636088199	6551.99898313284	6030.37309349892	5643.45860524245	5249.50230905745	4872.00607955963	4371.50225322375	3892.99921934978	3445.98041636566	3048.83791310549
