Wavelength	S1c / R1c	Wavelength	S1	Wavelength	R1
nm	CPS / MicroAmps	nm	CPS	nm	MicroAmps
365	1048.69254132351	365	11756	365	12.5519597020051
365.5	1039.00655500842	365.5	11704	365.5	12.5575272679003
366	994.629869622455	366	11244	366	12.5466260716559
366.5	1002.01717340246	366.5	11384	366.5	12.5533118626441
367	959.380331912488	367	10952	367	12.5575117893847
367.5	945.112613628456	367.5	10832	367.5	12.5510411351144
368	957.338212572109	368	11028	368	12.5583028782487
368.5	978.892603023078	368.5	11324	368.5	12.554530954436
369	942.053287042322	369	10948	369	12.5551574681053
369.5	921.640411332048	369.5	10768	369.5	12.5647700901363
370	902.25259525996	370	10580	370	12.5530024876454
370.5	926.859543318399	370.5	10924	370.5	12.5604820530445
371	893.170896683048	371	10576	371	12.5621815647562
371.5	843.301007988851	371.5	10024	371.5	12.5535738743618
372	849.013178381441	372	10144	372	12.5610383030422
372.5	859.458048798793	372.5	10312	372.5	12.5563000950538
373	777.795605470125	373	9376	373	12.5573841038384
373.5	766.229563381608	373.5	9284	373.5	12.5637033176797
374	728.282499332025	374	8856	374	12.5505932103115
374.5	735.245934917864	374.5	8988	374.5	12.5583514866469
375	706.591953563085	375	8680	375	12.5608619602695
375.5	665.285777664547	375.5	8200	375.5	12.5536953099082
376	667.708660512496	376	8268	376	12.5623328098728
376.5	645.821012116546	376.5	8024	376.5	12.5550861790431
377	626.824515003058	377	7820	377	12.5568016819658
377.5	582.488906314973	377.5	7300	377.5	12.5638835667024
378	564.579221959728	378	7096	378	12.5499197239862
378.5	552.231284717468	378.5	6972	378.5	12.5558223850948
379	532.857753214006	379	6756	379	12.5584683567636
379.5	526.240489530176	379.5	6696	379.5	12.5525499241707
380	515.070251298514	380	6584	380	12.5591264866438
380.5	509.870729240599	380.5	6528	380.5	12.5529804417471
381	501.647525326737	381	6436	381	12.5525785618659
381.5	509.264106262723	381.5	6552	381.5	12.5612625217913
382	526.795587870403	382	6784	382	12.546747018921
382.5	563.711710101701	382.5	7280	382.5	12.5558113499386
383	594.525173458214	383	7696	383	12.5587483372312
383.5	672.393796567521	383.5	8716	383.5	12.5494360569959
384	792.265501863149	384	10300	384	12.5595577854701
384.5	983.213137822542	384.5	12804	384.5	12.5539697972118
385	1153.27093522611	385	15052	385	12.5550716038479
385.5	1482.78011430538	385.5	19376	385.5	12.5624809788175
386	1822.49788591398	386	23804	386	12.5488087376626
386.5	2338.18693018932	386.5	30576	386.5	12.5560320042346
387	2876.62188704693	387	37656	387	12.5612712131975
387.5	3549.12189171313	387.5	46452	387.5	12.5515320286671
388	4366.02851981149	388	57224	388	12.5613339573378
388.5	5283.43479220011	388.5	69248	388.5	12.5535257054167
389	6349.58917474872	389	83272	389	12.55332433823
389.5	7523.4084007313	389.5	98796	389.5	12.5620490696396
390	8884.61462562402	390	116656	390	12.5526222874516
390.5	10427.7597435396	390.5	137128	390.5	12.5566400852868
391	12005.7022108407	391	158100	391	12.5589788059803
391.5	13607.9162675432	391.5	179336	391.5	12.553271896824
392	15392.1258916304	392	203176	392	12.5581394016869
392.5	16871.6182543873	392.5	222952	392.5	12.5567110813802
393	18613.0022022331	393	246180	393	12.5523988011244
393.5	20134.9174121046	393.5	266828	393.5	12.5614683811654
394	21569.6770379699	394	285992	394	12.5526934544435
394.5	22962.0721601009	394.5	304892	394.5	12.5553492893936
395	23704.9564478065	395	315296	395	12.5614466770639
395.5	24758.8660996777	395.5	329508	395.5	12.5509857640209
396	25338.5273988087	396	337900	396	12.5582993382096
396.5	25314.5684593296	396.5	337876	396.5	12.5513756810114
397	25585.4045952338	397	342016	397	12.5527322483887
397.5	25335.7070565877	397.5	339308	397.5	12.5580998509058
398	24566.1559051464	398	329200	398	12.5476768284875
398.5	23977.3139770866	398.5	321924	398.5	12.5536632542443
399	22841.9520881919	399	307228	399	12.5580231663358
399.5	21694.7484973366	399.5	292032	399.5	12.5500275853138
400	20052.6268498286	400	270548	400	12.5607672337073
400.5	18735.8942658889	400.5	253028	400.5	12.555262985683
401	17104.956481755	401	231320	401	12.5548217747473
401.5	15233.2473664504	401.5	206404	401.5	12.5612186741352
402	13558.5397008791	402	183832	402	12.5516352024948
402.5	12176.5797880387	402.5	165420	402.5	12.5585614231695
403	10582.6495230297	403	144020	403	12.5628970432689
403.5	9096.71634791289	403.5	123896	403.5	12.5550190647856
404	7769.94121181784	404	106016	404	12.5597468235553
404.5	6552.75766822054	404.5	89516	404.5	12.55698410384
405	5479.43184724798	405	74952	405	12.5555915501348
405.5	4513.8113941936	405.5	61868	405.5	12.5629674534249
406	3763.68869830856	406	51616	406	12.5521873997581
406.5	3048.53422567131	406.5	41888	406.5	12.5581487278587
407	2483.78351495326	407	34200	407	12.5665729221601
407.5	2001.42324055548	407.5	27572	407.5	12.554815793302
408	1657.45482253657	408	22880	408	12.5623520969821
408.5	1352.8349226484	408.5	18696	408.5	12.5584275120372
409	1100.48547534137	409	15228	409	12.5563597386082
409.5	906.317047033611	409.5	12568	409.5	12.5650477268539
410	806.387293855295	410	11188	410	12.5533291722144
410.5	675.621794742271	410.5	9388	410.5	12.5597099094929
411	616.587516671096	411	8580	411	12.5649954563463
411.5	537.721432275907	411.5	7484	411.5	12.5546716282636
412	460.828002053765	412	6424	412	12.5618701389763
412.5	410.867641605562	412.5	5732	412.5	12.5588572483636
413	376.479236534145	413	5256	413	12.5550374485746
413.5	345.490099822817	413.5	4832	413.5	12.5647067356443
414	310.871491555107	414	4348	414	12.5523944310073
414.5	294.395227220527	414.5	4124	414.5	12.559208762034
415	268.92625942743	415	3772	415	12.5622911838964
415.5	245.43065237403	415.5	3440	415.5	12.5511428929265
416	208.441849862547	416	2924	416	12.5594123509004
416.5	213.854894552448	416.5	3000	416.5	12.5574701145802
417	191.019276299207	417	2680	417	12.5568556370437
417.5	167.219021569419	417.5	2348	417.5	12.5648964329092
418	171.625090581593	418	2408	418	12.5529380101066
418.5	158.136617971878	418.5	2220	418.5	12.5577946751258
419	143.225787427952	419	2012	419	12.5638505833041
419.5	136.197294312344	419.5	1912	419.5	12.5533186985816
420	134.960871918584	420	1896	420	12.560089450507
420.5	122.069128979725	420.5	1716	420.5	12.5573087132137
421	131.359982232917	421	1848	421	12.5558624729852
421.5	113.279675177832	421.5	1596	421.5	12.5635033176805
422	109.287075813378	422	1540	422	12.5546224095138
422.5	118.255438303763	422.5	1668	422.5	12.5559104222038
423	105.609733303954	423	1492	423	12.5649098118154
423.5	103.91586910275	423.5	1468	423.5	12.5533478489721
424	104.590767736161	424	1480	424	12.5633164280328
424.5	95.2056866205122	424.5	1348	424.5	12.5598125217972
425	116.619680793161	425	1652	425	12.5549282933016
425.5	108.333933834401	425.5	1536	425.5	12.5618098850703
426	106.377901673178	426	1508	426	12.5552353001363
426.5	89.67305222244	426.5	1272	426.5	12.5588380833246
427	98.3337652139558	427	1396	427	12.5648227756829
427.5	92.7614347791148	427.5	1316	427.5	12.5519532444856
428	81.4021313745928	428	1156	428	12.5601304417178
428.5	87.0056509817139	428.5	1236	428.5	12.5600758030461
429	94.6228840657267	429	1344	429	12.5537490940877
429.5	104.080963463538	429.5	1480	429.5	12.5634762180713
430	93.4372268133785	430	1328	430	12.5529716038565
430.5	75.4172216527655	430.5	1072	430.5	12.5580553928981
431	86.6689407451007	431	1232	431	12.562470212216
431.5	86.1923168688512	431.5	1224	431.5	12.5536592991661
432	77.4385517110212	432	1100	432	12.560951779605
432.5	83.0987480440454	432.5	1180	432.5	12.5604206272635
433	78.6514360303558	433	1116	433	12.5546245091231
433.5	85.6669142576249	433.5	1216	433.5	12.5630802952213
434	76.1623440703069	434	1080	434	12.5541870091249
434.5	76.4502605184523	434.5	1084	434.5	12.556970383137
435	77.8541263376909	435	1104	435	12.561785519836
435.5	84.4289384792071	435.5	1196	435.5	12.552128659524
436	86.6664175030903	436	1228	436	12.5585245579353
436.5	71.7147431844884	436.5	1016	436.5	12.5600073460151
437	72.890439551429	437	1032	437	12.5553050022844
437.5	75.9731806052171	437.5	1076	437.5	12.5627170628009
438	80.285553379531	438	1136	438	12.5541117161565
438.5	80.3036032383646	438.5	1136	438.5	12.5545681614671
439	73.1899429079323	439	1036	439	12.5655127415004
439.5	77.2440872251785	439.5	1092	439.5	12.5528580784663
440	76.0898144705384	440	1076	440	12.5598456028517
440.5	71.3133933094924	440.5	1008	440.5	12.5601869846863
441	71.0870052882886	441	1004	441	12.5561989720073
441.5	73.9133081448522	441.5	1044	441.5	12.5632058079161
442	66.9098820594933	442	944	442	12.5548684788487
442.5	77.9855133095763	442.5	1100	442.5	12.5578967991488
443	79.4109611421095	443	1120	443	12.5627105198322
443.5	73.8433459597401	443.5	1040	443.5	12.5509118138258
444	72.975288962221	444	1028	444	12.5596640110556
444.5	71.3061030449762	444.5	1004	444.5	12.5595785374232
445	74.2104986089294	445	1044	445	12.5548182835364
445.5	69.3875727522474	445.5	976	445.5	12.5625813938562
446	81.1743096991401	446	1140	446	12.5525580784675
446.5	78.9394829321237	446.5	1108	446.5	12.5552811497454
447	80.1047129658214	447	1124	447	12.5609911839017
447.5	73.3830349521422	447.5	1028	447.5	12.5501109349229
448	80.2415529232804	448	1124	448	12.5588912327385
448.5	74.3102489858636	448.5	1040	448.5	12.5574909153614
449	78.1172525442869	449	1092	449	12.5524242161634
449.5	80.116931221498	449.5	1120	449.5	12.5625866672936
450	81.106142301266	450	1132	450	12.5519500950716
